 -15.00000, -66.34574,  46.78170
 -66.35327,  46.79573
 -66.35867,  46.80580
 -66.37951,  46.82455
 -66.38135,  46.83098
 -66.37515,  46.84282
 -66.36101,  46.85136
 -66.34497,  46.87222
 -66.33357,  46.89360
 -66.32961,  46.89483
 -66.32386,  46.89251
 -66.30136,  46.87441
 -66.29197,  46.86629
 -66.27321,  46.85366
 -66.26551,  46.84068
 -66.27002,  46.81853
 -66.28485,  46.79754
 -66.28744,  46.79428
 -66.30025,  46.77661
 -66.32744,  46.76532
 -66.34574,  46.78170
END
 -15.00000, -67.15668,  47.00532
 -67.16443,  47.01168
 -67.17444,  47.02979
 -67.16980,  47.05192
 -67.15670,  47.07315
 -67.14902,  47.07993
 -67.13174,  47.09314
 -67.11178,  47.09781
 -67.10094,  47.08991
 -67.08584,  47.06577
 -67.08582,  47.06571
 -67.07206,  47.04165
 -67.08521,  47.02042
 -67.09715,  46.99907
 -67.10219,  46.99363
 -67.13693,  46.98658
 -67.15668,  47.00532
END
 -15.00000, -65.96095,  46.94209
 -65.98453,  46.95008
 -66.01402,  46.96519
 -66.02589,  46.97217
 -66.04134,  46.98927
 -66.04813,  46.99736
 -66.05182,  47.02044
 -66.05287,  47.04321
 -66.05693,  47.06141
 -66.06084,  47.06677
 -66.06717,  47.09014
 -66.07366,  47.11352
 -66.07597,  47.11961
 -66.10529,  47.13585
 -66.11372,  47.14070
 -66.13492,  47.15090
 -66.15240,  47.16771
 -66.16026,  47.18359
 -66.16185,  47.19141
 -66.17207,  47.21520
 -66.18314,  47.22655
 -66.18609,  47.23941
 -66.17745,  47.24995
 -66.15902,  47.25902
 -66.15008,  47.28065
 -66.13411,  47.29086
 -66.10218,  47.28494
 -66.07801,  47.27254
 -66.07262,  47.26940
 -66.04102,  47.26220
 -66.00985,  47.25326
 -65.97742,  47.24946
 -65.94340,  47.25210
 -65.91017,  47.25154
 -65.90046,  47.25237
 -65.87684,  47.25140
 -65.87272,  47.24919
 -65.84876,  47.23010
 -65.83819,  47.22258
 -65.82034,  47.21032
 -65.79369,  47.19479
 -65.79134,  47.19290
 -65.76344,  47.17112
 -65.76050,  47.16830
 -65.74245,  47.14355
 -65.73820,  47.13879
 -65.71838,  47.11810
 -65.71112,  47.11395
 -65.69469,  47.09268
 -65.68774,  47.07441
 -65.68662,  47.06908
 -65.67531,  47.04509
 -65.68541,  47.02359
 -65.69882,  47.00248
 -65.70895,  46.98978
 -65.74204,  46.99035
 -65.75428,  46.98626
 -65.77805,  46.97922
 -65.79653,  46.96849
 -65.81487,  46.96472
 -65.84637,  46.95158
 -65.85201,  46.94892
 -65.88643,  46.94399
 -65.92043,  46.94072
 -65.94355,  46.94010
 -65.95396,  46.93935
 -65.96095,  46.94209
END
 -15.00000, -67.54209,  47.22583
 -67.54139,  47.24835
 -67.50704,  47.26297
 -67.47615,  47.25216
 -67.46684,  47.24078
 -67.48168,  47.21970
 -67.48354,  47.21866
 -67.52027,  47.20290
 -67.54209,  47.22583
END
 -15.00000, -67.20213,  47.34908
 -67.21989,  47.35547
 -67.24843,  47.37647
 -67.24848,  47.37656
 -67.26305,  47.40057
 -67.26949,  47.42382
 -67.26502,  47.44595
 -67.25755,  47.46776
 -67.24463,  47.48901
 -67.23349,  47.51044
 -67.21564,  47.52187
 -67.20147,  47.52972
 -67.17588,  47.54964
 -67.17577,  47.54964
 -67.14296,  47.54726
 -67.10914,  47.54883
 -67.07781,  47.53949
 -67.07778,  47.53945
 -67.05563,  47.51455
 -67.05108,  47.51019
 -67.04350,  47.49068
 -67.03947,  47.46767
 -67.04175,  47.44531
 -67.04195,  47.42274
 -67.04512,  47.40048
 -67.05255,  47.37866
 -67.06819,  47.35771
 -67.08949,  47.34229
 -67.12238,  47.34425
 -67.14011,  47.34263
 -67.15685,  47.33933
 -67.18888,  47.34512
 -67.20213,  47.34908
END
 -15.00000, -66.75983,  47.61885
 -66.78570,  47.64354
 -66.78596,  47.64423
 -66.78529,  47.64530
 -66.76353,  47.66444
 -66.76360,  47.68703
 -66.74951,  47.70813
 -66.73268,  47.72625
 -66.70185,  47.71458
 -66.69855,  47.70268
 -66.69064,  47.67924
 -66.68142,  47.65905
 -66.68084,  47.65559
 -66.68627,  47.63358
 -66.68797,  47.63134
 -66.71561,  47.61412
 -66.72894,  47.59974
 -66.75822,  47.61778
 -66.75983,  47.61885
END
 -15.00000, -65.95504,  47.57557
 -65.96184,  47.58248
 -65.97798,  47.60080
 -65.98873,  47.60932
 -65.99646,  47.62551
 -65.99683,  47.64819
 -65.98080,  47.66901
 -65.97310,  47.69076
 -65.96756,  47.69443
 -65.93093,  47.70650
 -65.89908,  47.69939
 -65.87227,  47.67934
 -65.87086,  47.67787
 -65.85757,  47.65505
 -65.85338,  47.63194
 -65.86265,  47.61036
 -65.87086,  47.58865
 -65.89597,  47.57750
 -65.90978,  47.57045
 -65.93235,  47.56616
 -65.95504,  47.57557
END
 -15.00000, -65.54884,  47.55157
 -65.56422,  47.56220
 -65.57023,  47.57671
 -65.57879,  47.60035
 -65.58580,  47.60918
 -65.58894,  47.62418
 -65.58733,  47.64664
 -65.57401,  47.66774
 -65.56943,  47.67324
 -65.55493,  47.68817
 -65.52890,  47.70011
 -65.49657,  47.69501
 -65.46590,  47.68341
 -65.45715,  47.67678
 -65.43822,  47.66031
 -65.40334,  47.66515
 -65.39877,  47.66994
 -65.36414,  47.68661
 -65.36203,  47.68827
 -65.32694,  47.70021
 -65.29688,  47.68643
 -65.28777,  47.67951
 -65.27297,  47.65510
 -65.27168,  47.65404
 -65.26504,  47.63150
 -65.27618,  47.61016
 -65.28666,  47.59658
 -65.29382,  47.58959
 -65.32167,  47.57022
 -65.32751,  47.56869
 -65.34309,  47.57275
 -65.35802,  47.58054
 -65.38885,  47.59122
 -65.41090,  47.60340
 -65.41699,  47.61234
 -65.42451,  47.60500
 -65.43889,  47.58403
 -65.46266,  47.56549
 -65.46481,  47.56441
 -65.49238,  47.54498
 -65.50374,  47.53625
 -65.53639,  47.53979
 -65.54884,  47.55157
END
 -15.00000, -66.76420,  47.75488
 -66.78870,  47.77374
 -66.79196,  47.78042
 -66.79288,  47.80310
 -66.79346,  47.82575
 -66.79417,  47.84841
 -66.79078,  47.87064
 -66.78810,  47.89294
 -66.78088,  47.91475
 -66.77854,  47.93708
 -66.75730,  47.95741
 -66.74696,  47.97889
 -66.73802,  48.00052
 -66.73295,  48.00978
 -66.72444,  48.02166
 -66.71213,  48.04293
 -66.68974,  48.04949
 -66.67701,  48.06178
 -66.65635,  48.08215
 -66.64748,  48.08503
 -66.61671,  48.10049
 -66.60937,  48.10302
 -66.57304,  48.11349
 -66.55348,  48.11631
 -66.53802,  48.11848
 -66.50361,  48.12091
 -66.47146,  48.11398
 -66.45063,  48.10522
 -66.44115,  48.09949
 -66.41110,  48.08398
 -66.37922,  48.07605
 -66.34454,  48.07962
 -66.31072,  48.07961
 -66.27956,  48.06879
 -66.26942,  48.06289
 -66.25031,  48.05027
 -66.23531,  48.03654
 -66.22400,  48.01984
 -66.22008,  48.01227
 -66.21812,  47.98946
 -66.20297,  47.96805
 -66.20127,  47.96499
 -66.18786,  47.94090
 -66.18372,  47.91785
 -66.18651,  47.89791
 -66.18656,  47.89555
 -66.18005,  47.87222
 -66.18036,  47.84965
 -66.18478,  47.82753
 -66.19937,  47.80653
 -66.21370,  47.78724
 -66.21454,  47.78560
 -66.25147,  47.77042
 -66.25818,  47.76782
 -66.28739,  47.76109
 -66.32137,  47.75966
 -66.35432,  47.76244
 -66.38692,  47.76669
 -66.41807,  47.77700
 -66.45159,  47.77746
 -66.48530,  47.77713
 -66.50172,  47.77186
 -66.52058,  47.77023
 -66.55273,  47.77639
 -66.58744,  47.77188
 -66.61893,  47.76192
 -66.62375,  47.76056
 -66.65941,  47.75195
 -66.68002,  47.74589
 -66.69750,  47.73298
 -66.73170,  47.73043
 -66.76051,  47.75070
 -66.76420,  47.75488
END
 -15.00000, -64.75937,  48.59025
 -64.77715,  48.61359
 -64.77771,  48.61509
 -64.78765,  48.63892
 -64.78240,  48.66092
 -64.77228,  48.68233
 -64.75469,  48.69519
 -64.74684,  48.70190
 -64.71671,  48.70861
 -64.69587,  48.69577
 -64.68876,  48.68568
 -64.67948,  48.67116
 -64.66299,  48.65496
 -64.66046,  48.64622
 -64.66373,  48.62399
 -64.67669,  48.60549
 -64.68033,  48.60336
 -64.69991,  48.58308
 -64.71902,  48.57611
 -64.75062,  48.58560
 -64.75937,  48.59025
END
 -15.00000, -65.32588,  48.86048
 -65.32738,  48.86086
 -65.35498,  48.88621
 -65.35505,  48.88643
 -65.37343,  48.91113
 -65.38121,  48.91680
 -65.39233,  48.93589
 -65.40614,  48.95241
 -65.41141,  48.96065
 -65.42576,  48.98487
 -65.41947,  49.00673
 -65.42228,  49.02125
 -65.42395,  49.02982
 -65.42627,  49.05266
 -65.42669,  49.07528
 -65.42724,  49.09792
 -65.42407,  49.12012
 -65.42366,  49.14265
 -65.42336,  49.14686
 -65.42260,  49.16510
 -65.41603,  49.17440
 -65.40850,  49.18607
 -65.41002,  49.19695
 -65.41323,  49.20917
 -65.41241,  49.23164
 -65.40668,  49.25356
 -65.39921,  49.27527
 -65.38911,  49.29668
 -65.38249,  49.30001
 -65.34448,  49.31272
 -65.33870,  49.31350
 -65.30895,  49.31613
 -65.27663,  49.30764
 -65.27486,  49.30620
 -65.25732,  49.28162
 -65.25198,  49.27071
 -65.25092,  49.25832
 -65.24390,  49.23494
 -65.24271,  49.21223
 -65.24561,  49.18998
 -65.24150,  49.18142
 -65.23375,  49.16605
 -65.21701,  49.14419
 -65.21570,  49.14138
 -65.21024,  49.11818
 -65.20776,  49.09530
 -65.20364,  49.07224
 -65.20304,  49.06808
 -65.20194,  49.04946
 -65.20095,  49.02676
 -65.20435,  49.00457
 -65.20315,  48.98184
 -65.20216,  48.95913
 -65.20371,  48.93773
 -65.20363,  48.93671
 -65.20445,  48.93497
 -65.21572,  48.91552
 -65.23245,  48.89487
 -65.25482,  48.87534
 -65.25587,  48.87499
 -65.27985,  48.85517
 -65.29539,  48.85205
 -65.32588,  48.86048
END
 -15.00000, -65.74364,  49.17868
 -65.75596,  49.19422
 -65.76794,  49.20393
 -65.78507,  49.21497
 -65.79266,  49.22923
 -65.78446,  49.25086
 -65.77380,  49.25831
 -65.74729,  49.26929
 -65.73097,  49.29002
 -65.70263,  49.26624
 -65.69831,  49.26384
 -65.67275,  49.24839
 -65.66512,  49.23758
 -65.67413,  49.21603
 -65.68353,  49.20726
 -65.69836,  49.19619
 -65.71394,  49.17537
 -65.72758,  49.17070
 -65.74364,  49.17868
END
END
