 -15.00000, -70.57420,  44.02520
 -70.57277,  44.04768
 -70.57006,  44.04976
 -70.54858,  44.04570
 -70.56841,  44.02473
 -70.57399,  44.02496
 -70.57420,  44.02520
END
 -15.00000, -66.54115,  45.57926
 -66.56116,  45.60421
 -66.56538,  45.60884
 -66.57396,  45.62833
 -66.56766,  45.65032
 -66.55159,  45.67120
 -66.55094,  45.67167
 -66.52477,  45.69088
 -66.51330,  45.69410
 -66.50002,  45.68809
 -66.48543,  45.67416
 -66.45537,  45.66373
 -66.44998,  45.65974
 -66.43343,  45.63517
 -66.43880,  45.61308
 -66.47139,  45.59452
 -66.47198,  45.59415
 -66.49463,  45.57402
 -66.50895,  45.57228
 -66.53993,  45.57852
 -66.54115,  45.57926
END
 -15.00000, -66.36980,  45.58255
 -66.37625,  45.58519
 -66.39758,  45.60840
 -66.40192,  45.61429
 -66.41817,  45.63344
 -66.40031,  45.65410
 -66.39167,  45.65839
 -66.36516,  45.67280
 -66.35523,  45.67537
 -66.33192,  45.69170
 -66.31806,  45.69540
 -66.30647,  45.68880
 -66.29134,  45.67078
 -66.27812,  45.66286
 -66.26281,  45.65396
 -66.25356,  45.63733
 -66.26466,  45.61591
 -66.27470,  45.60327
 -66.28230,  45.59523
 -66.29678,  45.57420
 -66.31528,  45.56851
 -66.34594,  45.57611
 -66.36980,  45.58255
END
 -15.00000, -70.95637,  47.03068
 -70.92778,  47.04599
 -70.91029,  47.02723
 -70.93178,  47.02121
 -70.95637,  47.03068
END
 -15.00000, -68.56633,  46.94201
 -68.56932,  46.94294
 -68.60181,  46.94571
 -68.63225,  46.95874
 -68.66354,  46.96758
 -68.69598,  46.97060
 -68.72967,  46.96743
 -68.75977,  46.98234
 -68.76019,  46.98259
 -68.78825,  47.00545
 -68.79057,  47.00793
 -68.80159,  47.03149
 -68.79963,  47.05386
 -68.78646,  47.07520
 -68.77901,  47.09706
 -68.76885,  47.10347
 -68.73388,  47.11279
 -68.72140,  47.11430
 -68.69920,  47.12053
 -68.66631,  47.11932
 -68.63593,  47.12895
 -68.63035,  47.13337
 -68.59534,  47.14262
 -68.57111,  47.14547
 -68.56145,  47.14623
 -68.52812,  47.14709
 -68.49955,  47.13877
 -68.49680,  47.13805
 -68.49387,  47.13823
 -68.46244,  47.14394
 -68.43430,  47.13262
 -68.43179,  47.13163
 -68.39915,  47.12914
 -68.36810,  47.11890
 -68.33513,  47.11798
 -68.30223,  47.11677
 -68.27105,  47.10722
 -68.25126,  47.09262
 -68.24352,  47.08007
 -68.23548,  47.06854
 -68.22646,  47.04511
 -68.23009,  47.02289
 -68.23180,  47.00048
 -68.24139,  46.97884
 -68.26774,  46.96291
 -68.27714,  46.95971
 -68.30392,  46.94782
 -68.33731,  46.94616
 -68.36948,  46.95050
 -68.38699,  46.94764
 -68.40419,  46.94238
 -68.43762,  46.94053
 -68.46954,  46.93290
 -68.47231,  46.93246
 -68.50623,  46.92813
 -68.53854,  46.93174
 -68.56633,  46.94201
END
 -15.00000, -67.93145,  47.37750
 -67.94614,  47.38804
 -67.96487,  47.40334
 -67.97478,  47.41000
 -67.98721,  47.42808
 -67.98584,  47.45051
 -67.97295,  47.47181
 -67.95863,  47.48569
 -67.95289,  47.49240
 -67.92077,  47.50663
 -67.89013,  47.49381
 -67.85776,  47.48906
 -67.84913,  47.48223
 -67.83743,  47.45852
 -67.83987,  47.43620
 -67.84599,  47.41423
 -67.87802,  47.39485
 -67.87807,  47.39483
 -67.90170,  47.37458
 -67.91624,  47.37197
 -67.93145,  47.37750
END
 -15.00000, -68.37715,  47.57817
 -68.38294,  47.60125
 -68.39046,  47.62449
 -68.39180,  47.64715
 -68.37656,  47.66825
 -68.35118,  47.68496
 -68.34718,  47.68802
 -68.31448,  47.70044
 -68.28460,  47.68323
 -68.28313,  47.68198
 -68.26324,  47.65755
 -68.25748,  47.65285
 -68.25003,  47.63376
 -68.25981,  47.61215
 -68.26590,  47.59019
 -68.27493,  47.56929
 -68.27551,  47.56856
 -68.31041,  47.55933
 -68.34366,  47.56006
 -68.37412,  47.57426
 -68.37715,  47.57817
END
 -15.00000, -67.53618,  47.58646
 -67.53115,  47.60852
 -67.56122,  47.62229
 -67.56742,  47.63474
 -67.55600,  47.64590
 -67.52436,  47.63757
 -67.52068,  47.63004
 -67.53069,  47.60847
 -67.53529,  47.58637
 -67.53573,  47.58625
 -67.53618,  47.58646
END
 -15.00000, -68.76899,  47.77205
 -68.77429,  47.79505
 -68.78748,  47.81875
 -68.79141,  47.82587
 -68.79498,  47.84194
 -68.78490,  47.85831
 -68.77972,  47.86308
 -68.77685,  47.88532
 -68.74284,  47.90053
 -68.72845,  47.90344
 -68.70818,  47.90590
 -68.67590,  47.89950
 -68.67350,  47.89844
 -68.64733,  47.87489
 -68.64538,  47.87336
 -68.62964,  47.84941
 -68.62678,  47.82663
 -68.63412,  47.80479
 -68.64828,  47.78357
 -68.66881,  47.76903
 -68.68075,  47.76402
 -68.70466,  47.75741
 -68.73804,  47.75797
 -68.76875,  47.77180
 -68.76899,  47.77205
END
 -15.00000, -67.79253,  47.74734
 -67.80092,  47.75170
 -67.81508,  47.77211
 -67.82056,  47.79519
 -67.82352,  47.80203
 -67.83005,  47.81866
 -67.82507,  47.84072
 -67.82961,  47.86371
 -67.83142,  47.88643
 -67.82285,  47.90813
 -67.81990,  47.93039
 -67.79231,  47.94531
 -67.77477,  47.94850
 -67.75758,  47.95027
 -67.72344,  47.95245
 -67.69592,  47.94073
 -67.69266,  47.93940
 -67.66050,  47.93259
 -67.63638,  47.91230
 -67.63635,  47.88975
 -67.63634,  47.88970
 -67.62708,  47.86627
 -67.62175,  47.84319
 -67.62633,  47.82110
 -67.62303,  47.79821
 -67.63053,  47.77641
 -67.64227,  47.75502
 -67.66212,  47.73444
 -67.67213,  47.72717
 -67.70677,  47.72210
 -67.73965,  47.72509
 -67.77189,  47.73098
 -67.79253,  47.74734
END
 -15.00000, -67.40182,  47.93390
 -67.42294,  47.94136
 -67.44428,  47.96074
 -67.44927,  47.97404
 -67.45358,  47.98423
 -67.45540,  48.00696
 -67.45621,  48.02959
 -67.45750,  48.05227
 -67.45507,  48.07457
 -67.45323,  48.09693
 -67.44973,  48.11913
 -67.43810,  48.14050
 -67.42774,  48.16200
 -67.42041,  48.18381
 -67.40684,  48.20499
 -67.40402,  48.22725
 -67.40095,  48.24948
 -67.38895,  48.27081
 -67.38343,  48.29280
 -67.37594,  48.29868
 -67.34021,  48.30681
 -67.32697,  48.30965
 -67.30488,  48.31311
 -67.27148,  48.31093
 -67.23975,  48.30157
 -67.23574,  48.30041
 -67.20882,  48.28866
 -67.19160,  48.27337
 -67.18269,  48.25506
 -67.17741,  48.24937
 -67.15964,  48.22500
 -67.15662,  48.22131
 -67.13698,  48.20013
 -67.13090,  48.18615
 -67.12450,  48.17629
 -67.10280,  48.16143
 -67.09462,  48.15066
 -67.07650,  48.12901
 -67.07576,  48.12616
 -67.06427,  48.10241
 -67.05264,  48.08620
 -67.04678,  48.07804
 -67.04155,  48.05494
 -67.04185,  48.03240
 -67.05898,  48.01161
 -67.07219,  47.99042
 -67.07525,  47.98854
 -67.11159,  47.97715
 -67.13952,  47.97480
 -67.14586,  47.97469
 -67.18285,  47.96036
 -67.18854,  47.95729
 -67.22078,  47.94181
 -67.22514,  47.93848
 -67.25873,  47.92307
 -67.29241,  47.92299
 -67.29303,  47.92286
 -67.32708,  47.91858
 -67.35955,  47.92382
 -67.39178,  47.93020
 -67.40182,  47.93390
END
 -15.00000, -66.98409,  47.98126
 -67.00263,  48.00576
 -67.00350,  48.00708
 -67.02177,  48.03032
 -67.01934,  48.05263
 -67.00291,  48.07349
 -66.98598,  48.09429
 -66.98302,  48.09506
 -66.94881,  48.09685
 -66.91343,  48.10366
 -66.88303,  48.08921
 -66.87644,  48.08285
 -66.86089,  48.05865
 -66.85719,  48.05549
 -66.84940,  48.03487
 -66.86126,  48.01354
 -66.87187,  47.99298
 -66.87242,  47.99215
 -66.89188,  47.97161
 -66.91152,  47.96769
 -66.94458,  47.97049
 -66.97693,  47.97635
 -66.98409,  47.98126
END
 -15.00000, -68.75678,  48.78287
 -68.76455,  48.79205
 -68.77557,  48.80700
 -68.79193,  48.82486
 -68.79530,  48.83121
 -68.79281,  48.85344
 -68.78197,  48.87493
 -68.78133,  48.87667
 -68.76885,  48.89623
 -68.74142,  48.90467
 -68.70720,  48.90498
 -68.68688,  48.88893
 -68.67899,  48.87626
 -68.67545,  48.86544
 -68.66740,  48.84227
 -68.67200,  48.82022
 -68.68283,  48.79873
 -68.69762,  48.78601
 -68.70829,  48.77855
 -68.73454,  48.77222
 -68.75678,  48.78287
END
 -15.00000, -68.52819,  49.12165
 -68.55785,  49.12909
 -68.58925,  49.14296
 -68.59732,  49.15030
 -68.61344,  49.17419
 -68.61483,  49.18470
 -68.61620,  49.19687
 -68.62132,  49.21977
 -68.62286,  49.24234
 -68.61886,  49.26442
 -68.62087,  49.28703
 -68.59754,  49.30738
 -68.58771,  49.31401
 -68.55378,  49.32590
 -68.55063,  49.32668
 -68.52769,  49.32357
 -68.51712,  49.32237
 -68.50775,  49.32177
 -68.48294,  49.32125
 -68.47832,  49.31912
 -68.45120,  49.30861
 -68.43397,  49.29268
 -68.42526,  49.26945
 -68.42532,  49.26862
 -68.42572,  49.24705
 -68.42579,  49.22461
 -68.42661,  49.20224
 -68.43797,  49.18082
 -68.44828,  49.16055
 -68.44880,  49.15936
 -68.46812,  49.13867
 -68.48891,  49.13070
 -68.52375,  49.12125
 -68.52526,  49.12100
 -68.52819,  49.12165
END
 -15.00000, -66.53275,  49.26406
 -66.54304,  49.28765
 -66.55743,  49.30037
 -66.57515,  49.31353
 -66.58719,  49.31972
 -66.61266,  49.33995
 -66.61602,  49.34291
 -66.64584,  49.36215
 -66.67482,  49.36893
 -66.67848,  49.36999
 -66.68024,  49.36949
 -66.71326,  49.36906
 -66.72636,  49.37427
 -66.74371,  49.38593
 -66.75449,  49.39967
 -66.77116,  49.41514
 -66.77600,  49.42439
 -66.77219,  49.44648
 -66.75887,  49.46564
 -66.75623,  49.46733
 -66.73586,  49.48773
 -66.71609,  49.49907
 -66.68202,  49.49676
 -66.65952,  49.50233
 -66.64413,  49.50997
 -66.62979,  49.52174
 -66.60596,  49.54176
 -66.59765,  49.55794
 -66.59526,  49.56314
 -66.59527,  49.56760
 -66.59338,  49.58543
 -66.58814,  49.60738
 -66.59149,  49.63022
 -66.58420,  49.65195
 -66.56958,  49.67130
 -66.56752,  49.67270
 -66.54939,  49.69331
 -66.52784,  49.69941
 -66.50719,  49.68891
 -66.49780,  49.68047
 -66.47912,  49.66348
 -66.46897,  49.65674
 -66.46064,  49.63906
 -66.46203,  49.61671
 -66.46843,  49.59489
 -66.46789,  49.57233
 -66.46205,  49.54922
 -66.46148,  49.54774
 -66.45867,  49.52636
 -66.45428,  49.50340
 -66.44774,  49.48021
 -66.44539,  49.47332
 -66.44223,  49.45713
 -66.43685,  49.43405
 -66.43793,  49.41166
 -66.44607,  49.39001
 -66.44904,  49.36781
 -66.45814,  49.34626
 -66.46859,  49.32485
 -66.48508,  49.30407
 -66.48853,  49.29973
 -66.50589,  49.28375
 -66.52883,  49.26365
 -66.53223,  49.26257
 -66.53275,  49.26406
END
 -15.00000, -67.56004,  50.60131
 -67.56870,  50.60745
 -67.57902,  50.62548
 -67.58085,  50.64804
 -67.57109,  50.66949
 -67.55473,  50.69032
 -67.54836,  50.69397
 -67.51025,  50.70581
 -67.48468,  50.68369
 -67.48138,  50.67843
 -67.47214,  50.66012
 -67.45586,  50.63715
 -67.45556,  50.63616
 -67.45643,  50.63473
 -67.47781,  50.61589
 -67.49092,  50.59475
 -67.50266,  50.58835
 -67.53814,  50.58745
 -67.56004,  50.60131
END
 -15.00000, -67.97417,  50.77399
 -67.98755,  50.78125
 -67.99850,  50.79856
 -68.00513,  50.82151
 -68.00408,  50.84377
 -68.00193,  50.86592
 -67.98834,  50.88703
 -67.97120,  50.90781
 -67.95683,  50.91575
 -67.92044,  50.91985
 -67.88569,  50.91684
 -67.85178,  50.91016
 -67.82805,  50.89472
 -67.82259,  50.88317
 -67.81889,  50.87152
 -67.81593,  50.84890
 -67.81913,  50.82684
 -67.82446,  50.80497
 -67.84367,  50.79188
 -67.85148,  50.78510
 -67.88452,  50.76579
 -67.88506,  50.76564
 -67.92168,  50.76011
 -67.95527,  50.76778
 -67.97417,  50.77399
END
 -15.00000, -66.95953,  50.99100
 -66.97111,  51.01453
 -66.97419,  51.01660
 -66.98179,  51.03794
 -66.96894,  51.05906
 -66.96205,  51.06552
 -66.94173,  51.07877
 -66.91976,  51.09239
 -66.89806,  51.07447
 -66.89036,  51.06750
 -66.86600,  51.04893
 -66.86072,  51.04366
 -66.85867,  51.02583
 -66.86773,  51.01558
 -66.88496,  51.00605
 -66.88878,  50.98404
 -66.91395,  50.97281
 -66.94717,  50.98214
 -66.95953,  50.99100
END
 -15.00000, -64.73796,  56.18200
 -64.75111,  56.19401
 -64.77010,  56.20722
 -64.78356,  56.21548
 -64.79300,  56.23149
 -64.78791,  56.25292
 -64.76537,  56.27113
 -64.76240,  56.27229
 -64.74084,  56.29206
 -64.71678,  56.29870
 -64.69353,  56.28727
 -64.68449,  56.27667
 -64.66126,  56.26205
 -64.65184,  56.25577
 -64.63792,  56.23772
 -64.64694,  56.21668
 -64.66904,  56.20353
 -64.67873,  56.19795
 -64.69282,  56.17742
 -64.71867,  56.17255
 -64.73796,  56.18200
END
END
