 -15.00000, -74.52740,  42.79842
 -74.54529,  42.81387
 -74.56080,  42.82262
 -74.57396,  42.83578
 -74.57422,  42.84581
 -74.57285,  42.84779
 -74.54115,  42.85833
 -74.51040,  42.85861
 -74.48120,  42.84243
 -74.48096,  42.84112
 -74.48174,  42.83661
 -74.49947,  42.81953
 -74.51273,  42.79768
 -74.51680,  42.79020
 -74.52740,  42.79842
END
 -15.00000, -73.15265,  43.17222
 -73.17347,  43.19604
 -73.17901,  43.21037
 -73.17944,  43.21895
 -73.18361,  43.24174
 -73.17313,  43.26133
 -73.16978,  43.26344
 -73.17217,  43.26957
 -73.17384,  43.28622
 -73.16772,  43.30839
 -73.16768,  43.30846
 -73.13548,  43.31902
 -73.10454,  43.31866
 -73.07491,  43.30711
 -73.07051,  43.30240
 -73.06294,  43.27939
 -73.05273,  43.25621
 -73.05056,  43.25067
 -73.04636,  43.23327
 -73.05420,  43.21121
 -73.05702,  43.18884
 -73.05795,  43.18768
 -73.09079,  43.17117
 -73.09441,  43.16863
 -73.12280,  43.16165
 -73.15250,  43.17212
 -73.15265,  43.17222
END
 -15.00000, -75.95562,  43.37901
 -75.97425,  43.40220
 -75.97638,  43.40394
 -75.98865,  43.42523
 -75.98885,  43.44773
 -75.98326,  43.47001
 -75.97494,  43.49218
 -75.96953,  43.49966
 -75.94093,  43.51338
 -75.93739,  43.51535
 -75.90600,  43.52060
 -75.87553,  43.51313
 -75.86854,  43.51062
 -75.84631,  43.48888
 -75.84436,  43.48719
 -75.82975,  43.46413
 -75.82245,  43.44136
 -75.82941,  43.41914
 -75.84024,  43.39707
 -75.85393,  43.38528
 -75.87437,  43.37590
 -75.88573,  43.37354
 -75.91720,  43.36626
 -75.94734,  43.37725
 -75.95562,  43.37901
END
 -15.00000, -75.39586,  43.37897
 -75.41368,  43.40223
 -75.41784,  43.41953
 -75.42043,  43.42501
 -75.42103,  43.44753
 -75.41388,  43.46881
 -75.41368,  43.46972
 -75.40248,  43.49174
 -75.37961,  43.50927
 -75.37005,  43.51286
 -75.34718,  43.52655
 -75.31632,  43.52451
 -75.28577,  43.51871
 -75.26255,  43.50822
 -75.25586,  43.50526
 -75.23460,  43.48450
 -75.22767,  43.47134
 -75.21587,  43.46117
 -75.21178,  43.43850
 -75.21522,  43.41615
 -75.23360,  43.40011
 -75.23747,  43.39462
 -75.25469,  43.37288
 -75.26718,  43.36853
 -75.29851,  43.36395
 -75.32972,  43.36072
 -75.36015,  43.36703
 -75.39036,  43.37627
 -75.39586,  43.37897
END
 -15.00000, -75.74286,  43.77557
 -75.75230,  43.79842
 -75.76034,  43.80856
 -75.76740,  43.82150
 -75.76746,  43.84399
 -75.75661,  43.85804
 -75.74652,  43.86565
 -75.73248,  43.88757
 -75.72271,  43.89369
 -75.69205,  43.88657
 -75.68881,  43.88584
 -75.66239,  43.86667
 -75.65579,  43.86205
 -75.63956,  43.83891
 -75.64392,  43.81660
 -75.66764,  43.79841
 -75.67222,  43.79525
 -75.70066,  43.77403
 -75.70091,  43.77390
 -75.73226,  43.76793
 -75.74286,  43.77557
END
 -15.00000, -75.19363,  43.77515
 -75.20117,  43.78753
 -75.20814,  43.79828
 -75.21484,  43.82107
 -75.21912,  43.84375
 -75.21548,  43.86607
 -75.22005,  43.88877
 -75.22295,  43.89937
 -75.22832,  43.91162
 -75.22649,  43.93403
 -75.25005,  43.94860
 -75.28162,  43.94460
 -75.31274,  43.94593
 -75.34425,  43.94260
 -75.37465,  43.95281
 -75.40562,  43.95600
 -75.42519,  43.96502
 -75.43562,  43.97137
 -75.45232,  43.98864
 -75.46397,  44.00742
 -75.47601,  44.01211
 -75.49033,  44.03518
 -75.46087,  44.04594
 -75.45029,  44.05600
 -75.42801,  44.06546
 -75.41963,  44.07721
 -75.39439,  44.09393
 -75.38644,  44.09830
 -75.36221,  44.10465
 -75.33055,  44.10882
 -75.29948,  44.10592
 -75.26849,  44.10200
 -75.25143,  44.09253
 -75.23936,  44.07598
 -75.23199,  44.06920
 -75.21926,  44.04616
 -75.21606,  44.02354
 -75.21519,  44.00101
 -75.21465,  43.99804
 -75.20815,  43.97821
 -75.18651,  43.96113
 -75.15543,  43.95918
 -75.12418,  43.95934
 -75.09308,  43.95763
 -75.06202,  43.95549
 -75.05357,  43.94887
 -75.04236,  43.92586
 -75.03442,  43.91364
 -75.02749,  43.90270
 -75.02316,  43.88001
 -75.01962,  43.85735
 -75.01964,  43.83487
 -75.02693,  43.81270
 -75.03436,  43.79054
 -75.04598,  43.78057
 -75.05706,  43.76907
 -75.07903,  43.75867
 -75.11050,  43.75485
 -75.14168,  43.75442
 -75.17216,  43.76227
 -75.19363,  43.77515
END
 -15.00000, -71.76277,  43.75574
 -71.77258,  43.76033
 -71.79367,  43.78053
 -71.79939,  43.79237
 -71.80375,  43.80383
 -71.80994,  43.82684
 -71.81203,  43.84954
 -71.80286,  43.87145
 -71.79521,  43.89346
 -71.78412,  43.90248
 -71.75905,  43.91341
 -71.75049,  43.91910
 -71.71889,  43.92110
 -71.68825,  43.91618
 -71.67969,  43.90765
 -71.66017,  43.89314
 -71.65659,  43.88340
 -71.65900,  43.86101
 -71.65379,  43.83806
 -71.65819,  43.81581
 -71.66076,  43.79343
 -71.66200,  43.77096
 -71.68003,  43.74971
 -71.68036,  43.74946
 -71.71291,  43.74010
 -71.74348,  43.74482
 -71.76277,  43.75574
END
 -15.00000, -75.55670,  44.37510
 -75.55977,  44.37827
 -75.58256,  44.39861
 -75.58910,  44.40503
 -75.59675,  44.42166
 -75.59896,  44.44422
 -75.58540,  44.46615
 -75.58389,  44.47111
 -75.56396,  44.48775
 -75.55087,  44.49020
 -75.51826,  44.50398
 -75.48820,  44.48600
 -75.48642,  44.48459
 -75.47569,  44.46168
 -75.45989,  44.44663
 -75.45689,  44.43843
 -75.46146,  44.42723
 -75.47280,  44.41661
 -75.48312,  44.39456
 -75.49648,  44.38311
 -75.50829,  44.37312
 -75.52935,  44.36538
 -75.55670,  44.37510
END
 -15.00000, -74.75729,  44.40751
 -74.77030,  44.41239
 -74.78224,  44.43117
 -74.77914,  44.45351
 -74.76500,  44.46999
 -74.75817,  44.47501
 -74.74434,  44.49684
 -74.73051,  44.50213
 -74.71387,  44.49540
 -74.70075,  44.48311
 -74.69466,  44.47200
 -74.67912,  44.44878
 -74.67314,  44.44146
 -74.67205,  44.42596
 -74.67505,  44.42112
 -74.70599,  44.40508
 -74.70834,  44.40167
 -74.73989,  44.40084
 -74.75729,  44.40751
END
 -15.00000, -75.74790,  44.71971
 -75.75360,  44.72278
 -75.78379,  44.74139
 -75.78525,  44.74362
 -75.79874,  44.76659
 -75.80357,  44.78924
 -75.81037,  44.80792
 -75.81235,  44.81203
 -75.80904,  44.82549
 -75.80753,  44.83431
 -75.80740,  44.84707
 -75.80778,  44.85677
 -75.80649,  44.85907
 -75.79490,  44.87874
 -75.78252,  44.90073
 -75.77115,  44.90686
 -75.73888,  44.91413
 -75.70679,  44.91887
 -75.67509,  44.91877
 -75.67467,  44.91900
 -75.65376,  44.94064
 -75.64085,  44.95076
 -75.62769,  44.96207
 -75.60658,  44.98278
 -75.60312,  44.98354
 -75.57370,  44.99691
 -75.54163,  45.00081
 -75.53217,  45.00317
 -75.50806,  45.02316
 -75.50648,  45.02459
 -75.49925,  45.04675
 -75.50518,  45.05859
 -75.50898,  45.06960
 -75.52697,  45.09278
 -75.53392,  45.09640
 -75.56522,  45.10274
 -75.58118,  45.11740
 -75.59447,  45.13494
 -75.59712,  45.14049
 -75.59721,  45.16294
 -75.60363,  45.18565
 -75.60966,  45.20835
 -75.60836,  45.23074
 -75.60963,  45.25325
 -75.60352,  45.27545
 -75.59923,  45.29774
 -75.57992,  45.31670
 -75.57498,  45.31923
 -75.54642,  45.33622
 -75.53043,  45.33989
 -75.51360,  45.34711
 -75.48181,  45.34516
 -75.45479,  45.35928
 -75.44822,  45.36514
 -75.42596,  45.38056
 -75.41396,  45.39296
 -75.38918,  45.37905
 -75.38331,  45.37722
 -75.35162,  45.37395
 -75.32017,  45.36804
 -75.30883,  45.37571
 -75.30033,  45.39780
 -75.28426,  45.41450
 -75.28162,  45.41947
 -75.27731,  45.44173
 -75.27826,  45.46421
 -75.27950,  45.47021
 -75.28658,  45.48701
 -75.28431,  45.50937
 -75.29073,  45.53209
 -75.27498,  45.55387
 -75.27225,  45.55492
 -75.23896,  45.56927
 -75.22847,  45.57435
 -75.20512,  45.58987
 -75.19757,  45.59548
 -75.19114,  45.61765
 -75.18163,  45.63969
 -75.16695,  45.65951
 -75.16109,  45.66125
 -75.13560,  45.68261
 -75.13268,  45.68397
 -75.12147,  45.68199
 -75.10162,  45.67193
 -75.08894,  45.65814
 -75.07142,  45.65052
 -75.05495,  45.63422
 -75.04494,  45.61134
 -75.04337,  45.60511
 -75.03452,  45.58843
 -75.01331,  45.58265
 -74.98234,  45.57050
 -74.95238,  45.56235
 -74.95106,  45.56182
 -74.91988,  45.55210
 -74.88850,  45.54470
 -74.85675,  45.54140
 -74.83620,  45.53466
 -74.82664,  45.52039
 -74.79413,  45.52542
 -74.76237,  45.52229
 -74.73071,  45.51831
 -74.69783,  45.52697
 -74.68768,  45.52782
 -74.66564,  45.52845
 -74.63824,  45.54795
 -74.63159,  45.54921
 -74.61041,  45.54664
 -74.59993,  45.54505
 -74.59689,  45.54600
 -74.56737,  45.55018
 -74.53554,  45.54776
 -74.50339,  45.54858
 -74.47021,  45.55977
 -74.46280,  45.56202
 -74.43678,  45.57348
 -74.40864,  45.58184
 -74.40367,  45.58366
 -74.39114,  45.58099
 -74.37209,  45.57870
 -74.36430,  45.57967
 -74.33907,  45.58791
 -74.30697,  45.58799
 -74.27398,  45.59674
 -74.27164,  45.59752
 -74.24043,  45.61090
 -74.23071,  45.61793
 -74.20590,  45.63429
 -74.20192,  45.63894
 -74.19087,  45.66084
 -74.16898,  45.68056
 -74.16611,  45.68204
 -74.13559,  45.69240
 -74.10368,  45.69011
 -74.07240,  45.68179
 -74.06631,  45.67694
 -74.04272,  45.65859
 -74.03613,  45.65291
 -74.01356,  45.63058
 -74.01282,  45.62924
 -73.98408,  45.60590
 -73.98238,  45.60519
 -73.95300,  45.59627
 -73.93177,  45.58006
 -73.92294,  45.57726
 -73.91339,  45.57909
 -73.88911,  45.59326
 -73.85669,  45.59612
 -73.84935,  45.59816
 -73.82305,  45.61005
 -73.79082,  45.61105
 -73.75887,  45.60949
 -73.72770,  45.60098
 -73.69523,  45.60410
 -73.67322,  45.61110
 -73.66209,  45.61317
 -73.62972,  45.61539
 -73.60912,  45.63004
 -73.59502,  45.63816
 -73.57089,  45.65039
 -73.56104,  45.65432
 -73.52801,  45.66199
 -73.49570,  45.66334
 -73.46338,  45.66474
 -73.45754,  45.66652
 -73.42931,  45.68118
 -73.42493,  45.68715
 -73.39457,  45.70321
 -73.38596,  45.70740
 -73.36052,  45.71918
 -73.32766,  45.72490
 -73.32155,  45.72619
 -73.29421,  45.73548
 -73.26673,  45.74550
 -73.26036,  45.74936
 -73.24387,  45.76665
 -73.23881,  45.78883
 -73.24280,  45.81154
 -73.23672,  45.83366
 -73.23876,  45.85625
 -73.23515,  45.87851
 -73.23002,  45.90068
 -73.21901,  45.92251
 -73.20603,  45.93373
 -73.19589,  45.94364
 -73.17078,  45.95810
 -73.13830,  45.95942
 -73.10628,  45.95695
 -73.07500,  45.94842
 -73.06789,  45.93611
 -73.05137,  45.91265
 -73.04793,  45.90569
 -73.04236,  45.88964
 -73.04114,  45.86710
 -73.03552,  45.84429
 -73.03585,  45.82183
 -73.04340,  45.79980
 -73.04848,  45.77763
 -73.06575,  45.76033
 -73.07307,  45.75661
 -73.10028,  45.74131
 -73.11657,  45.73671
 -73.13425,  45.72675
 -73.16669,  45.72479
 -73.18777,  45.71842
 -73.20100,  45.70715
 -73.20973,  45.69723
 -73.21868,  45.67528
 -73.22177,  45.65298
 -73.22316,  45.63058
 -73.23090,  45.60855
 -73.23205,  45.58614
 -73.24970,  45.56858
 -73.25320,  45.56489
 -73.27391,  45.54361
 -73.28115,  45.52156
 -73.28069,  45.49904
 -73.27996,  45.47652
 -73.27823,  45.45393
 -73.26575,  45.43317
 -73.26546,  45.43071
 -73.26617,  45.42971
 -73.29707,  45.41006
 -73.30225,  45.38787
 -73.30318,  45.38742
 -73.33591,  45.38140
 -73.36832,  45.37794
 -73.38166,  45.36996
 -73.40247,  45.35950
 -73.41434,  45.34936
 -73.43746,  45.33352
 -73.44145,  45.32842
 -73.46737,  45.30740
 -73.47343,  45.29873
 -73.48805,  45.28609
 -73.50879,  45.26902
 -73.51862,  45.26534
 -73.53988,  45.24405
 -73.54391,  45.24101
 -73.55984,  45.22268
 -73.58031,  45.20150
 -73.58038,  45.20135
 -73.59438,  45.17964
 -73.61602,  45.16756
 -73.62551,  45.15889
 -73.63642,  45.13700
 -73.65163,  45.11537
 -73.65598,  45.09311
 -73.65634,  45.09191
 -73.66832,  45.07131
 -73.66850,  45.04883
 -73.66685,  45.02625
 -73.68110,  45.00455
 -73.67574,  44.98177
 -73.70171,  44.96954
 -73.71426,  44.96140
 -73.73563,  44.95007
 -73.76726,  44.95150
 -73.79882,  44.95355
 -73.83018,  44.95742
 -73.85513,  44.94660
 -73.85661,  44.92419
 -73.83689,  44.90063
 -73.83646,  44.89923
 -73.80494,  44.89713
 -73.80400,  44.89884
 -73.77087,  44.91844
 -73.76692,  44.91932
 -73.73790,  44.92943
 -73.70891,  44.91613
 -73.70763,  44.91586
 -73.68160,  44.89212
 -73.67910,  44.88653
 -73.67529,  44.86928
 -73.66834,  44.84640
 -73.67247,  44.82413
 -73.68827,  44.80345
 -73.68961,  44.80259
 -73.71033,  44.78124
 -73.72300,  44.77587
 -73.73994,  44.78288
 -73.75269,  44.79414
 -73.78342,  44.80307
 -73.79247,  44.80825
 -73.81161,  44.83178
 -73.81187,  44.83319
 -73.81467,  44.83195
 -73.84528,  44.81744
 -73.84890,  44.81132
 -73.87730,  44.79036
 -73.87995,  44.78975
 -73.91279,  44.77900
 -73.94382,  44.78518
 -73.96804,  44.79522
 -73.97407,  44.79884
 -74.00191,  44.81951
 -74.00330,  44.82223
 -74.02503,  44.84322
 -74.03149,  44.85585
 -74.06351,  44.85304
 -74.09415,  44.84684
 -74.09590,  44.84653
 -74.12775,  44.84518
 -74.15034,  44.82727
 -74.16159,  44.82446
 -74.17928,  44.80627
 -74.19591,  44.79889
 -74.21220,  44.78547
 -74.23019,  44.77325
 -74.24330,  44.76458
 -74.26332,  44.75885
 -74.29587,  44.75001
 -74.32735,  44.75188
 -74.35888,  44.75314
 -74.39001,  44.75863
 -74.42031,  44.77242
 -74.42197,  44.77356
 -74.43021,  44.79644
 -74.43708,  44.81926
 -74.43770,  44.84178
 -74.43861,  44.86430
 -74.44117,  44.88280
 -74.44194,  44.88694
 -74.44020,  44.89268
 -74.43459,  44.90906
 -74.43410,  44.93151
 -74.43561,  44.93943
 -74.43797,  44.95418
 -74.45150,  44.97733
 -74.45255,  44.99986
 -74.44686,  45.02205
 -74.44888,  45.04462
 -74.45602,  45.05526
 -74.47157,  45.06820
 -74.48537,  45.08038
 -74.49586,  45.09185
 -74.51526,  45.10033
 -74.54465,  45.09422
 -74.54784,  45.09259
 -74.57957,  45.09368
 -74.61311,  45.07574
 -74.64384,  45.08721
 -74.66334,  45.09989
 -74.67413,  45.10337
 -74.70582,  45.10497
 -74.73779,  45.10349
 -74.73832,  45.10341
 -74.77074,  45.09141
 -74.78320,  45.08303
 -74.80414,  45.06153
 -74.80560,  45.05865
 -74.82015,  45.03981
 -74.83866,  45.01819
 -74.84165,  45.01242
 -74.85297,  44.99638
 -74.87606,  44.97496
 -74.87688,  44.97471
 -74.88255,  44.97526
 -74.90814,  44.98022
 -74.92990,  44.97741
 -74.94021,  44.97689
 -74.97300,  44.96542
 -74.99480,  44.95786
 -75.00579,  44.95381
 -75.03500,  44.93718
 -75.03934,  44.93340
 -75.06380,  44.91599
 -75.07306,  44.91092
 -75.10530,  44.90499
 -75.13734,  44.90126
 -75.16440,  44.89793
 -75.16959,  44.89507
 -75.18284,  44.87626
 -75.20258,  44.85464
 -75.20524,  44.84930
 -75.23817,  44.83465
 -75.26814,  44.85489
 -75.28851,  44.85832
 -75.29929,  44.86134
 -75.31246,  44.85933
 -75.33140,  44.85640
 -75.36451,  44.83933
 -75.36465,  44.83905
 -75.36704,  44.81669
 -75.36660,  44.81419
 -75.35671,  44.79380
 -75.36433,  44.77165
 -75.37049,  44.76726
 -75.38633,  44.75010
 -75.40517,  44.73048
 -75.41016,  44.72863
 -75.43771,  44.71915
 -75.46989,  44.71220
 -75.50143,  44.71325
 -75.53317,  44.71171
 -75.53644,  44.71133
 -75.56514,  44.70729
 -75.59760,  44.69645
 -75.62939,  44.69409
 -75.66058,  44.69950
 -75.69184,  44.70387
 -75.72292,  44.71065
 -75.74790,  44.71971
END
 -15.00000, -73.91640,  44.97238
 -73.91147,  44.99459
 -73.90428,  45.01670
 -73.88599,  45.02967
 -73.88104,  45.03793
 -73.88486,  45.04014
 -73.91617,  45.04496
 -73.92473,  45.04027
 -73.92883,  45.01801
 -73.93071,  44.99562
 -73.92877,  44.97304
 -73.92491,  44.96307
 -73.91640,  44.97238
END
 -15.00000, -74.85730,  45.42336
 -74.84856,  45.44541
 -74.84863,  45.46787
 -74.84911,  45.49035
 -74.85999,  45.50640
 -74.88046,  45.51423
 -74.89086,  45.51904
 -74.90229,  45.51521
 -74.92332,  45.51451
 -74.95057,  45.49492
 -74.95909,  45.47340
 -74.95930,  45.47285
 -74.96792,  45.45078
 -74.96696,  45.42830
 -74.96359,  45.42373
 -74.93302,  45.40804
 -74.90102,  45.40818
 -74.86816,  45.41772
 -74.85730,  45.42336
END
 -15.00000, -75.77937,  45.97775
 -75.78416,  45.98047
 -75.79055,  46.00060
 -75.79758,  46.02328
 -75.79981,  46.04578
 -75.80505,  46.06840
 -75.80717,  46.09089
 -75.80779,  46.09184
 -75.82269,  46.11389
 -75.83714,  46.13027
 -75.84187,  46.13702
 -75.84171,  46.15942
 -75.84811,  46.18208
 -75.84801,  46.20449
 -75.84646,  46.22684
 -75.84514,  46.24920
 -75.83681,  46.27130
 -75.83215,  46.29354
 -75.82412,  46.29839
 -75.79761,  46.31466
 -75.79013,  46.31830
 -75.75656,  46.33254
 -75.72430,  46.33002
 -75.70805,  46.33371
 -75.69125,  46.33751
 -75.65888,  46.33644
 -75.62592,  46.34269
 -75.59296,  46.34878
 -75.57391,  46.35095
 -75.56017,  46.35258
 -75.52758,  46.35406
 -75.49546,  46.34988
 -75.46265,  46.35389
 -75.43023,  46.35337
 -75.39843,  46.34542
 -75.39385,  46.34380
 -75.37514,  46.32063
 -75.37161,  46.29806
 -75.37345,  46.27573
 -75.37434,  46.25334
 -75.38160,  46.23122
 -75.37708,  46.21486
 -75.37122,  46.20838
 -75.37860,  46.19683
 -75.38187,  46.18640
 -75.38893,  46.16426
 -75.41097,  46.14273
 -75.41618,  46.13525
 -75.42545,  46.12090
 -75.44102,  46.09910
 -75.44974,  46.07703
 -75.45491,  46.05904
 -75.45655,  46.05488
 -75.45872,  46.03254
 -75.48339,  46.01111
 -75.49223,  45.99862
 -75.50363,  45.98949
 -75.52573,  45.98387
 -75.55775,  45.98687
 -75.59001,  45.98708
 -75.62280,  45.98064
 -75.65567,  45.97308
 -75.65584,  45.97304
 -75.68839,  45.96748
 -75.72095,  45.96360
 -75.75253,  45.97228
 -75.77937,  45.97775
END
 -15.00000, -76.18329,  46.17161
 -76.18945,  46.17865
 -76.19533,  46.19444
 -76.19808,  46.21694
 -76.19997,  46.23941
 -76.19400,  46.26161
 -76.19135,  46.28392
 -76.18040,  46.30484
 -76.17915,  46.30591
 -76.16715,  46.32790
 -76.16286,  46.35016
 -76.17566,  46.37086
 -76.17622,  46.37302
 -76.17816,  46.39549
 -76.18617,  46.41816
 -76.18480,  46.44052
 -76.17928,  46.46273
 -76.16759,  46.48284
 -76.16586,  46.48467
 -76.13361,  46.50596
 -76.13338,  46.50602
 -76.13178,  46.50589
 -76.10105,  46.50305
 -76.06948,  46.48994
 -76.06223,  46.48108
 -76.05003,  46.45824
 -76.04471,  46.43565
 -76.04234,  46.41731
 -76.04155,  46.41314
 -76.04410,  46.39370
 -76.04456,  46.39085
 -76.04465,  46.38626
 -76.04494,  46.36845
 -76.04516,  46.34606
 -76.03733,  46.32337
 -76.02360,  46.30049
 -76.01955,  46.28736
 -76.01785,  46.27787
 -76.02110,  46.26641
 -76.02370,  46.25567
 -76.02238,  46.24929
 -76.01876,  46.23309
 -76.01747,  46.21064
 -76.02627,  46.19693
 -76.03185,  46.18874
 -76.05163,  46.16703
 -76.06110,  46.16358
 -76.09437,  46.15106
 -76.12679,  46.15010
 -76.15889,  46.15360
 -76.18329,  46.17161
END
 -15.00000, -75.14892,  46.17671
 -75.15332,  46.18030
 -75.18513,  46.18689
 -75.21754,  46.18665
 -75.22486,  46.20234
 -75.23237,  46.22507
 -75.23894,  46.24776
 -75.24348,  46.26056
 -75.24664,  46.27051
 -75.25331,  46.29320
 -75.25551,  46.31571
 -75.25358,  46.33804
 -75.25346,  46.36045
 -75.25005,  46.38272
 -75.24254,  46.40483
 -75.22950,  46.42043
 -75.22591,  46.42655
 -75.20319,  46.44802
 -75.19434,  46.45034
 -75.16092,  46.46041
 -75.13789,  46.46768
 -75.12677,  46.48962
 -75.12573,  46.48996
 -75.12514,  46.48955
 -75.12175,  46.46700
 -75.10229,  46.44375
 -75.09823,  46.43390
 -75.09686,  46.42110
 -75.10004,  46.39882
 -75.10202,  46.39174
 -75.11077,  46.37686
 -75.13718,  46.36197
 -75.16683,  46.37923
 -75.16795,  46.38120
 -75.17390,  46.37954
 -75.19900,  46.35818
 -75.19739,  46.33569
 -75.17405,  46.31234
 -75.14105,  46.31846
 -75.11427,  46.30976
 -75.10946,  46.30878
 -75.08710,  46.28617
 -75.08006,  46.27478
 -75.07664,  46.26331
 -75.07224,  46.24069
 -75.07624,  46.21844
 -75.08709,  46.19661
 -75.08720,  46.19650
 -75.10427,  46.17480
 -75.12209,  46.16736
 -75.14892,  46.17671
END
 -15.00000, -75.94524,  47.23800
 -75.91660,  47.25934
 -75.92521,  47.28201
 -75.91103,  47.28457
 -75.90747,  47.28138
 -75.91124,  47.25915
 -75.89224,  47.23610
 -75.91555,  47.22628
 -75.94524,  47.23800
END
 -15.00000, -75.38437,  48.04405
 -75.38343,  48.04569
 -75.35905,  48.06539
 -75.35004,  48.08737
 -75.34597,  48.09152
 -75.31128,  48.10555
 -75.29556,  48.08521
 -75.28954,  48.06263
 -75.28274,  48.05085
 -75.28110,  48.03996
 -75.28403,  48.03648
 -75.31844,  48.02510
 -75.35140,  48.03011
 -75.38370,  48.04271
 -75.38437,  48.04405
END
 -15.00000, -75.98663,  48.15559
 -76.00787,  48.17825
 -76.00803,  48.17865
 -76.01728,  48.20129
 -76.01917,  48.22367
 -76.01921,  48.24600
 -76.01616,  48.26821
 -76.01173,  48.29037
 -75.99968,  48.31227
 -75.99684,  48.32049
 -75.98772,  48.33417
 -75.98140,  48.35627
 -75.98447,  48.37868
 -75.98525,  48.40102
 -75.98967,  48.41252
 -75.99153,  48.42354
 -75.99008,  48.44579
 -75.98668,  48.45089
 -75.96693,  48.46730
 -75.95088,  48.47840
 -75.93755,  48.48859
 -75.91571,  48.49757
 -75.89040,  48.48694
 -75.88339,  48.48077
 -75.86073,  48.46360
 -75.85184,  48.45482
 -75.84245,  48.44064
 -75.84229,  48.41833
 -75.83714,  48.39584
 -75.83556,  48.37347
 -75.82623,  48.35558
 -75.82293,  48.35070
 -75.81245,  48.32801
 -75.79563,  48.31881
 -75.76321,  48.30497
 -75.72977,  48.30351
 -75.72754,  48.30264
 -75.69793,  48.28297
 -75.69247,  48.27904
 -75.68645,  48.25649
 -75.66785,  48.24147
 -75.66492,  48.23338
 -75.66913,  48.22604
 -75.69093,  48.21201
 -75.69344,  48.18979
 -75.70619,  48.18303
 -75.74001,  48.17894
 -75.77396,  48.17316
 -75.78111,  48.17065
 -75.80788,  48.16752
 -75.84247,  48.15372
 -75.85262,  48.15089
 -75.87681,  48.14264
 -75.91085,  48.13518
 -75.94402,  48.13868
 -75.97671,  48.14862
 -75.98663,  48.15559
END
 -15.00000, -75.34560,  48.17653
 -75.35126,  48.19908
 -75.36793,  48.22169
 -75.36800,  48.22207
 -75.36772,  48.22403
 -75.34908,  48.24365
 -75.33220,  48.24657
 -75.31893,  48.24246
 -75.29995,  48.23232
 -75.29346,  48.21912
 -75.29446,  48.19683
 -75.30197,  48.17480
 -75.30542,  48.17115
 -75.33907,  48.16938
 -75.34560,  48.17653
END
 -15.00000, -76.15603,  48.76351
 -76.16484,  48.76534
 -76.19738,  48.78222
 -76.20414,  48.78737
 -76.20772,  48.80977
 -76.21724,  48.83237
 -76.21235,  48.85448
 -76.21225,  48.87676
 -76.21243,  48.89905
 -76.20388,  48.92104
 -76.19841,  48.94314
 -76.19318,  48.96524
 -76.19400,  48.98755
 -76.19273,  49.00977
 -76.19485,  49.03211
 -76.18721,  49.05413
 -76.17574,  49.06940
 -76.16831,  49.07578
 -76.13972,  49.09588
 -76.12064,  49.09649
 -76.10567,  49.09654
 -76.10204,  49.09587
 -76.07297,  49.07968
 -76.06889,  49.07251
 -76.05287,  49.04971
 -76.04941,  49.02732
 -76.04829,  49.00501
 -76.05021,  48.98280
 -76.04871,  48.96048
 -76.04849,  48.95759
 -76.04657,  48.93813
 -76.04047,  48.91564
 -76.03034,  48.89302
 -76.03165,  48.87079
 -76.02671,  48.84834
 -76.03002,  48.82617
 -76.04218,  48.80430
 -76.05375,  48.78240
 -76.06252,  48.77674
 -76.09711,  48.76668
 -76.11475,  48.76215
 -76.13144,  48.75991
 -76.15603,  48.76351
END
 -15.00000, -75.53859,  48.76407
 -75.55586,  48.76867
 -75.58868,  48.78053
 -75.59763,  48.78856
 -75.60587,  48.81116
 -75.60876,  48.83355
 -75.61488,  48.85607
 -75.61349,  48.87831
 -75.61397,  48.88084
 -75.62041,  48.90084
 -75.63819,  48.92378
 -75.64391,  48.92738
 -75.67625,  48.94615
 -75.71032,  48.94435
 -75.74410,  48.94604
 -75.75591,  48.95033
 -75.77714,  48.95685
 -75.80815,  48.97446
 -75.80941,  48.97708
 -75.82079,  48.99718
 -75.82484,  49.01961
 -75.82747,  49.04197
 -75.82420,  49.06413
 -75.82830,  49.08654
 -75.81506,  49.10835
 -75.80520,  49.13026
 -75.79647,  49.13430
 -75.76181,  49.14185
 -75.73612,  49.15009
 -75.72700,  49.15102
 -75.69264,  49.15468
 -75.66840,  49.16991
 -75.65637,  49.18083
 -75.65076,  49.19154
 -75.65020,  49.21378
 -75.64229,  49.23576
 -75.64490,  49.25812
 -75.64169,  49.28027
 -75.63289,  49.30221
 -75.61005,  49.32363
 -75.58653,  49.34504
 -75.57340,  49.35235
 -75.53897,  49.35527
 -75.50447,  49.35904
 -75.47417,  49.36312
 -75.46988,  49.36375
 -75.43427,  49.37969
 -75.40009,  49.37960
 -75.36736,  49.36360
 -75.33807,  49.35794
 -75.33376,  49.35715
 -75.29987,  49.35401
 -75.27685,  49.35556
 -75.26544,  49.35671
 -75.23144,  49.35486
 -75.23024,  49.35374
 -75.21259,  49.33078
 -75.20223,  49.30810
 -75.20170,  49.30732
 -75.19231,  49.28543
 -75.19483,  49.26327
 -75.19054,  49.24083
 -75.18844,  49.21847
 -75.18914,  49.19622
 -75.18700,  49.17387
 -75.18135,  49.15978
 -75.17139,  49.15097
 -75.16448,  49.12841
 -75.15913,  49.10591
 -75.15912,  49.08364
 -75.16084,  49.06142
 -75.16256,  49.03921
 -75.16521,  49.01704
 -75.16641,  48.99480
 -75.17838,  48.97299
 -75.20042,  48.95467
 -75.20428,  48.95174
 -75.23385,  48.93063
 -75.23554,  48.90841
 -75.23959,  48.89786
 -75.24335,  48.88643
 -75.24203,  48.87122
 -75.24152,  48.86407
 -75.24441,  48.84532
 -75.24490,  48.84190
 -75.25258,  48.81991
 -75.26981,  48.79831
 -75.28344,  48.78860
 -75.29586,  48.77703
 -75.31886,  48.77103
 -75.35199,  48.77893
 -75.38586,  48.77843
 -75.41991,  48.77609
 -75.45408,  48.77223
 -75.48849,  48.76552
 -75.50255,  48.76271
 -75.52271,  48.76105
 -75.53859,  48.76407
END
 -15.00000, -74.81202,  48.95780
 -74.82525,  48.97244
 -74.83174,  48.98094
 -74.83994,  49.00358
 -74.83671,  49.02573
 -74.83574,  49.04797
 -74.83324,  49.07016
 -74.81696,  49.09174
 -74.81288,  49.09684
 -74.79984,  49.11330
 -74.77620,  49.12320
 -74.74910,  49.13340
 -74.74094,  49.13517
 -74.70715,  49.13258
 -74.70390,  49.13145
 -74.67413,  49.12229
 -74.65421,  49.10699
 -74.64368,  49.08724
 -74.64190,  49.08415
 -74.63634,  49.06163
 -74.63068,  49.03908
 -74.63637,  49.01704
 -74.64017,  48.99492
 -74.65050,  48.97308
 -74.65602,  48.96672
 -74.67877,  48.95202
 -74.69213,  48.94550
 -74.72697,  48.93662
 -74.76061,  48.93965
 -74.79378,  48.94748
 -74.81202,  48.95780
END
 -15.00000, -75.15188,  49.59545
 -75.17313,  49.61185
 -75.17652,  49.61867
 -75.17593,  49.64090
 -75.16873,  49.65843
 -75.16173,  49.66258
 -75.14630,  49.68421
 -75.13101,  49.69370
 -75.09608,  49.70444
 -75.09557,  49.70475
 -75.07682,  49.72591
 -75.07237,  49.74798
 -75.07185,  49.77019
 -75.07004,  49.79236
 -75.06624,  49.81445
 -75.06380,  49.83658
 -75.06792,  49.85898
 -75.07681,  49.88158
 -75.07801,  49.88723
 -75.09610,  49.90458
 -75.11038,  49.90944
 -75.14441,  49.91453
 -75.17850,  49.91912
 -75.19224,  49.93061
 -75.21001,  49.95096
 -75.21526,  49.95373
 -75.24251,  49.97274
 -75.26903,  49.97805
 -75.27611,  49.98294
 -75.31019,  49.98809
 -75.34348,  50.00193
 -75.34576,  50.00320
 -75.37632,  50.02079
 -75.38289,  50.02683
 -75.38312,  50.04905
 -75.37727,  50.07105
 -75.37029,  50.08660
 -75.36658,  50.09286
 -75.33385,  50.10621
 -75.31693,  50.11319
 -75.29662,  50.13462
 -75.29658,  50.13464
 -75.27177,  50.15588
 -75.25864,  50.16961
 -75.25422,  50.17741
 -75.25163,  50.19951
 -75.24646,  50.22152
 -75.24187,  50.24355
 -75.24441,  50.26585
 -75.23785,  50.28780
 -75.23100,  50.30974
 -75.20869,  50.33083
 -75.20847,  50.33106
 -75.20298,  50.35305
 -75.19161,  50.37481
 -75.18533,  50.39676
 -75.18127,  50.41879
 -75.17516,  50.44074
 -75.16806,  50.46267
 -75.15958,  50.48000
 -75.15520,  50.48435
 -75.12326,  50.50529
 -75.12223,  50.50560
 -75.08637,  50.51555
 -75.07914,  50.52574
 -75.06029,  50.54718
 -75.04692,  50.56191
 -75.04247,  50.56866
 -75.02921,  50.59031
 -75.02791,  50.61244
 -75.02824,  50.63463
 -75.02326,  50.65661
 -75.02327,  50.67879
 -75.01347,  50.70058
 -74.99611,  50.72166
 -74.99550,  50.72203
 -74.95999,  50.73246
 -74.93007,  50.74157
 -74.92393,  50.74259
 -74.88964,  50.73994
 -74.88918,  50.73989
 -74.88908,  50.73991
 -74.85234,  50.75743
 -74.84960,  50.76047
 -74.82458,  50.78161
 -74.81776,  50.80351
 -74.81085,  50.81975
 -74.80716,  50.82524
 -74.80518,  50.84732
 -74.80687,  50.85830
 -74.80775,  50.86960
 -74.80971,  50.89185
 -74.81545,  50.91424
 -74.83041,  50.93702
 -74.82072,  50.95878
 -74.82771,  50.98122
 -74.82082,  51.00310
 -74.82467,  51.02541
 -74.82471,  51.02566
 -74.82787,  51.04770
 -74.82649,  51.06980
 -74.81890,  51.09163
 -74.81750,  51.09528
 -74.80334,  51.11314
 -74.77892,  51.12692
 -74.76692,  51.13379
 -74.74216,  51.14096
 -74.70636,  51.14566
 -74.69490,  51.15295
 -74.66902,  51.16470
 -74.65942,  51.17360
 -74.65334,  51.19550
 -74.64424,  51.21726
 -74.64114,  51.23927
 -74.63827,  51.26128
 -74.63906,  51.28345
 -74.63522,  51.30543
 -74.61653,  51.32420
 -74.61063,  51.32653
 -74.59038,  51.34781
 -74.57812,  51.35167
 -74.54242,  51.35408
 -74.50584,  51.36449
 -74.50361,  51.36624
 -74.46980,  51.38691
 -74.47504,  51.40927
 -74.46455,  51.41713
 -74.45704,  51.43062
 -74.45993,  51.45287
 -74.45846,  51.47187
 -74.45835,  51.47493
 -74.45689,  51.49699
 -74.45523,  51.51904
 -74.45282,  51.52248
 -74.44350,  51.54066
 -74.43333,  51.56234
 -74.41677,  51.58374
 -74.41142,  51.60563
 -74.40635,  51.61961
 -74.40283,  51.62737
 -74.39894,  51.64931
 -74.39281,  51.67116
 -74.37554,  51.69252
 -74.36153,  51.70073
 -74.32488,  51.70925
 -74.30757,  51.71165
 -74.28840,  51.71630
 -74.25163,  51.72565
 -74.21555,  51.72898
 -74.21436,  51.72962
 -74.20750,  51.75143
 -74.19003,  51.77275
 -74.18536,  51.79465
 -74.17902,  51.81646
 -74.17138,  51.83822
 -74.16482,  51.85701
 -74.16010,  51.85982
 -74.13096,  51.88060
 -74.12589,  51.88355
 -74.08973,  51.88664
 -74.06048,  51.89951
 -74.05197,  51.90294
 -74.01785,  51.91965
 -74.01398,  51.92099
 -73.97798,  51.92240
 -73.94199,  51.92365
 -73.90588,  51.92601
 -73.88169,  51.93544
 -73.86790,  51.94330
 -73.84528,  51.95583
 -73.82977,  51.96173
 -73.79498,  51.97555
 -73.79192,  51.97763
 -73.75536,  51.98314
 -73.72027,  51.97687
 -73.68300,  51.98788
 -73.64757,  51.98432
 -73.61294,  51.97458
 -73.59935,  51.96614
 -73.57990,  51.95257
 -73.57014,  51.94261
 -73.55521,  51.91978
 -73.55099,  51.89872
 -73.55060,  51.89744
 -73.54768,  51.87519
 -73.55250,  51.85331
 -73.54952,  51.83106
 -73.54754,  51.80884
 -73.54551,  51.78662
 -73.54296,  51.76439
 -73.54470,  51.74235
 -73.54724,  51.72036
 -73.57623,  51.70273
 -73.58245,  51.69997
 -73.60840,  51.67912
 -73.61538,  51.67562
 -73.62798,  51.65795
 -73.63645,  51.63624
 -73.64816,  51.61468
 -73.65408,  51.59285
 -73.66296,  51.58151
 -73.69622,  51.57276
 -73.69975,  51.57211
 -73.73691,  51.55970
 -73.74590,  51.55303
 -73.77515,  51.53230
 -73.77604,  51.53123
 -73.78953,  51.51086
 -73.80403,  51.48941
 -73.81386,  51.46775
 -73.82050,  51.44592
 -73.81838,  51.42369
 -73.82442,  51.40184
 -73.82835,  51.39524
 -73.83485,  51.38019
 -73.84551,  51.35855
 -73.86421,  51.33730
 -73.87187,  51.32928
 -73.90807,  51.32303
 -73.94221,  51.31884
 -73.94405,  51.31856
 -73.98087,  51.30705
 -74.00293,  51.29953
 -74.01785,  51.27809
 -74.01999,  51.27597
 -74.04673,  51.25727
 -74.05968,  51.23572
 -74.06064,  51.21362
 -74.05107,  51.19102
 -74.04235,  51.16846
 -74.03481,  51.15093
 -74.03275,  51.14585
 -74.02184,  51.12319
 -74.01686,  51.10080
 -74.01226,  51.07841
 -74.01136,  51.05621
 -74.01090,  51.05470
 -74.00354,  51.03368
 -74.00582,  51.01161
 -74.00195,  50.98926
 -73.99376,  50.96670
 -73.98726,  50.95699
 -73.96945,  50.94338
 -73.95464,  50.93528
 -73.92133,  50.91960
 -73.92011,  50.91887
 -73.88772,  50.90656
 -73.87911,  50.89473
 -73.86800,  50.87201
 -73.85860,  50.85650
 -73.85675,  50.84929
 -73.85500,  50.82702
 -73.86416,  50.81034
 -73.86967,  50.80554
 -73.86685,  50.78797
 -73.86680,  50.78321
 -73.86753,  50.78234
 -73.90443,  50.76283
 -73.90502,  50.76235
 -73.94107,  50.75417
 -73.97565,  50.75837
 -74.01007,  50.76394
 -74.04462,  50.74728
 -74.04737,  50.74498
 -74.07169,  50.72636
 -74.08580,  50.71601
 -74.12103,  50.71449
 -74.14580,  50.70761
 -74.15762,  50.70102
 -74.17475,  50.68676
 -74.19568,  50.67448
 -74.23075,  50.67398
 -74.24368,  50.68991
 -74.26302,  50.69836
 -74.29769,  50.70148
 -74.33229,  50.70535
 -74.36801,  50.69920
 -74.37667,  50.69589
 -74.39581,  50.67455
 -74.40778,  50.65623
 -74.41109,  50.65305
 -74.40922,  50.64314
 -74.40937,  50.63078
 -74.40806,  50.60853
 -74.39669,  50.58583
 -74.38248,  50.56853
 -74.37233,  50.56255
 -74.35011,  50.54539
 -74.31564,  50.54128
 -74.28109,  50.53786
 -74.24467,  50.55099
 -74.20988,  50.54980
 -74.20392,  50.53273
 -74.17937,  50.51092
 -74.14477,  50.50826
 -74.13635,  50.50740
 -74.11021,  50.50518
 -74.08959,  50.48302
 -74.07962,  50.46780
 -74.07710,  50.46022
 -74.07531,  50.43793
 -74.08154,  50.41602
 -74.08659,  50.40746
 -74.10003,  50.39466
 -74.11888,  50.37333
 -74.12563,  50.37107
 -74.14278,  50.37445
 -74.15905,  50.38338
 -74.17735,  50.37605
 -74.19563,  50.36793
 -74.20756,  50.35523
 -74.23196,  50.33414
 -74.23473,  50.33004
 -74.25931,  50.31318
 -74.27197,  50.30824
 -74.30761,  50.30054
 -74.32439,  50.29391
 -74.34456,  50.28093
 -74.35188,  50.27295
 -74.36618,  50.25137
 -74.38464,  50.23244
 -74.38562,  50.23003
 -74.38519,  50.22747
 -74.37506,  50.20734
 -74.38950,  50.18810
 -74.39056,  50.18581
 -74.39628,  50.16385
 -74.41725,  50.14256
 -74.41924,  50.12042
 -74.42517,  50.09846
 -74.42853,  50.07639
 -74.42667,  50.05407
 -74.42957,  50.03197
 -74.42914,  50.00972
 -74.42838,  49.98745
 -74.43764,  49.96563
 -74.44661,  49.94379
 -74.45148,  49.93649
 -74.46968,  49.92258
 -74.48849,  49.91346
 -74.52337,  49.91027
 -74.54469,  49.90367
 -74.55973,  49.89300
 -74.57681,  49.88284
 -74.59210,  49.86127
 -74.59933,  49.84470
 -74.60214,  49.83946
 -74.61131,  49.81762
 -74.61487,  49.79553
 -74.63440,  49.77413
 -74.64162,  49.76984
 -74.67361,  49.75359
 -74.67798,  49.75129
 -74.71349,  49.74076
 -74.74834,  49.73663
 -74.75408,  49.73479
 -74.77656,  49.71350
 -74.78563,  49.70837
 -74.80698,  49.69254
 -74.81170,  49.67049
 -74.82548,  49.65425
 -74.82923,  49.64898
 -74.83617,  49.62702
 -74.85604,  49.60561
 -74.86666,  49.58380
 -74.86689,  49.58368
 -74.90123,  49.58357
 -74.93656,  49.57334
 -74.97039,  49.57829
 -75.00407,  49.58487
 -75.03466,  49.59074
 -75.03765,  49.59248
 -75.07187,  49.59365
 -75.07514,  49.59238
 -75.10757,  49.57931
 -75.14137,  49.58468
 -75.15188,  49.59545
END
 -15.00000, -75.77441,  49.97440
 -75.79404,  49.98715
 -75.80507,  49.99768
 -75.81633,  50.02028
 -75.82133,  50.04266
 -75.82336,  50.04977
 -75.83105,  50.06520
 -75.82162,  50.08709
 -75.82758,  50.10950
 -75.81738,  50.13135
 -75.81963,  50.15363
 -75.81310,  50.17223
 -75.81200,  50.17557
 -75.81081,  50.19773
 -75.80781,  50.21982
 -75.80096,  50.24178
 -75.79343,  50.26372
 -75.77358,  50.28522
 -75.76850,  50.28944
 -75.73269,  50.30193
 -75.69817,  50.29943
 -75.66376,  50.29554
 -75.63264,  50.28027
 -75.63054,  50.27803
 -75.61273,  50.25736
 -75.60397,  50.23484
 -75.60096,  50.21947
 -75.59988,  50.21249
 -75.58998,  50.18994
 -75.59239,  50.16782
 -75.59013,  50.14553
 -75.58993,  50.12332
 -75.59008,  50.10112
 -75.59159,  50.07896
 -75.59535,  50.05689
 -75.60026,  50.03486
 -75.61874,  50.01633
 -75.62063,  50.01338
 -75.63200,  49.99157
 -75.65689,  49.97494
 -75.67154,  49.97077
 -75.69213,  49.96689
 -75.72710,  49.96190
 -75.76101,  49.96928
 -75.77441,  49.97440
END
 -15.00000, -73.78072,  52.85722
 -73.78904,  52.86005
 -73.82363,  52.87486
 -73.83144,  52.88159
 -73.85768,  52.89409
 -73.89351,  52.89936
 -73.92944,  52.90384
 -73.96603,  52.90303
 -74.00155,  52.91096
 -74.00207,  52.91138
 -74.03529,  52.93340
 -74.03636,  52.93493
 -74.04636,  52.95738
 -74.05452,  52.97975
 -74.05737,  53.00188
 -74.05498,  53.02377
 -74.05482,  53.04576
 -74.05636,  53.05926
 -74.05958,  53.06797
 -74.05396,  53.08971
 -74.05411,  53.11171
 -74.05084,  53.13356
 -74.04608,  53.14266
 -74.04025,  53.15508
 -74.03455,  53.17681
 -74.02697,  53.19846
 -74.02254,  53.22024
 -74.02319,  53.24225
 -74.01421,  53.26383
 -74.01886,  53.28601
 -74.00375,  53.30732
 -73.99979,  53.32911
 -73.98744,  53.35053
 -73.98298,  53.35469
 -73.96157,  53.37135
 -73.94923,  53.39276
 -73.94202,  53.41441
 -73.94191,  53.43636
 -73.93513,  53.44215
 -73.91171,  53.45696
 -73.89518,  53.46633
 -73.85751,  53.47240
 -73.84682,  53.47599
 -73.81775,  53.49663
 -73.81748,  53.49674
 -73.78067,  53.49596
 -73.76899,  53.49439
 -73.74457,  53.48972
 -73.70801,  53.48704
 -73.67908,  53.46828
 -73.67390,  53.46571
 -73.66660,  53.44572
 -73.66074,  53.42348
 -73.64819,  53.40093
 -73.64581,  53.39904
 -73.62667,  53.37794
 -73.61352,  53.36463
 -73.59842,  53.35464
 -73.58272,  53.33191
 -73.58130,  53.32998
 -73.55420,  53.30858
 -73.54884,  53.29752
 -73.52674,  53.28529
 -73.52274,  53.26311
 -73.51797,  53.25329
 -73.50642,  53.24034
 -73.50980,  53.21851
 -73.50802,  53.19643
 -73.51469,  53.17476
 -73.52655,  53.15332
 -73.53207,  53.14783
 -73.54179,  53.13206
 -73.55367,  53.11063
 -73.57537,  53.09783
 -73.58445,  53.09010
 -73.59074,  53.06839
 -73.60986,  53.04730
 -73.61632,  53.02560
 -73.62094,  53.00381
 -73.62494,  52.99938
 -73.63397,  52.98242
 -73.65527,  52.96142
 -73.66847,  52.94593
 -73.67603,  52.94038
 -73.69618,  52.91932
 -73.70054,  52.89751
 -73.70561,  52.87573
 -73.71560,  52.86389
 -73.73633,  52.85515
 -73.75426,  52.84681
 -73.78072,  52.85722
END
END
