 -15.00000, -79.07961,  40.87197
 -79.09068,  40.89460
 -79.06507,  40.90385
 -79.05498,  40.89415
 -79.05985,  40.87172
 -79.06588,  40.86703
 -79.07961,  40.87197
END
 -15.00000, -79.13257,  40.94007
 -79.12364,  40.94804
 -79.11474,  40.93986
 -79.12411,  40.92535
 -79.13257,  40.94007
END
 -15.00000, -79.43860,  41.16818
 -79.44675,  41.19074
 -79.41695,  41.21022
 -79.39811,  41.19028
 -79.40378,  41.16785
 -79.41782,  41.15774
 -79.43860,  41.16818
END
 -15.00000, -78.68729,  41.18124
 -78.67350,  41.20351
 -78.66988,  41.20515
 -78.66696,  41.20340
 -78.65643,  41.18075
 -78.67097,  41.16619
 -78.68729,  41.18124
END
 -15.00000, -79.54054,  41.23653
 -79.53600,  41.24305
 -79.50612,  41.24205
 -79.50191,  41.23620
 -79.50629,  41.23106
 -79.53620,  41.22967
 -79.54054,  41.23653
END
 -15.00000, -78.91360,  41.22956
 -78.90826,  41.23450
 -78.90780,  41.22948
 -78.90840,  41.22866
 -78.91360,  41.22956
END
 -15.00000, -79.99805,  41.28445
 -79.99278,  41.30691
 -79.98384,  41.32464
 -79.95399,  41.31346
 -79.95122,  41.30672
 -79.94662,  41.28421
 -79.95435,  41.27243
 -79.98431,  41.26604
 -79.99805,  41.28445
END
 -15.00000, -79.33560,  41.27959
 -79.32586,  41.28883
 -79.32095,  41.27944
 -79.32609,  41.27618
 -79.33560,  41.27959
END
 -15.00000, -78.89413,  41.27426
 -78.89211,  41.29672
 -78.87646,  41.31064
 -78.85737,  41.29623
 -78.85774,  41.27375
 -78.87766,  41.26243
 -78.89413,  41.27426
END
 -15.00000, -79.42741,  41.32545
 -79.43888,  41.34805
 -79.44367,  41.37057
 -79.44412,  41.37574
 -79.44507,  41.39307
 -79.44378,  41.39667
 -79.42803,  41.41539
 -79.41338,  41.42251
 -79.40131,  41.43762
 -79.39876,  41.46008
 -79.39538,  41.48253
 -79.38197,  41.50475
 -79.38151,  41.50488
 -79.35181,  41.51218
 -79.32175,  41.51410
 -79.29964,  41.52654
 -79.29126,  41.53882
 -79.27579,  41.54877
 -79.26093,  41.55453
 -79.23082,  41.55754
 -79.20053,  41.56941
 -79.18977,  41.57030
 -79.17043,  41.57188
 -79.14011,  41.58461
 -79.11019,  41.57794
 -79.10582,  41.56932
 -79.09228,  41.54667
 -79.09275,  41.52419
 -79.11180,  41.50340
 -79.12029,  41.50204
 -79.14197,  41.49623
 -79.15722,  41.50248
 -79.17178,  41.50632
 -79.17636,  41.50270
 -79.18309,  41.48029
 -79.18702,  41.45786
 -79.20288,  41.43555
 -79.20324,  41.43483
 -79.23359,  41.41668
 -79.25995,  41.43618
 -79.26315,  41.43842
 -79.26829,  41.43627
 -79.29340,  41.42441
 -79.30463,  41.41417
 -79.32372,  41.40628
 -79.33840,  41.39203
 -79.34872,  41.36966
 -79.35442,  41.36522
 -79.38456,  41.35505
 -79.39951,  41.34768
 -79.40844,  41.32528
 -79.41510,  41.31992
 -79.42741,  41.32545
END
 -15.00000, -79.27893,  41.32397
 -79.27605,  41.34642
 -79.26482,  41.35128
 -79.25906,  41.34624
 -79.26028,  41.32376
 -79.26544,  41.31878
 -79.27893,  41.32397
END
 -15.00000, -78.73640,  41.31692
 -78.74352,  41.33952
 -78.72548,  41.35807
 -78.70300,  41.33889
 -78.71330,  41.31656
 -78.72684,  41.30847
 -78.73640,  41.31692
END
 -15.00000, -78.87877,  41.43144
 -78.87321,  41.43992
 -78.86384,  41.43123
 -78.87352,  41.42762
 -78.87877,  41.43144
END
 -15.00000, -79.93574,  41.53146
 -79.92928,  41.55390
 -79.92182,  41.55949
 -79.89165,  41.57296
 -79.89002,  41.57618
 -79.87244,  41.59856
 -79.86126,  41.60636
 -79.83111,  41.61406
 -79.80217,  41.62063
 -79.80096,  41.62176
 -79.79086,  41.64304
 -79.77041,  41.66331
 -79.74033,  41.66163
 -79.71026,  41.66060
 -79.69840,  41.66491
 -79.69633,  41.68737
 -79.69882,  41.70987
 -79.70949,  41.72233
 -79.72598,  41.73254
 -79.73933,  41.74594
 -79.74236,  41.75514
 -79.74857,  41.77766
 -79.74673,  41.80013
 -79.73842,  41.82145
 -79.73665,  41.82254
 -79.73449,  41.84500
 -79.73514,  41.86749
 -79.73780,  41.87306
 -79.75322,  41.86761
 -79.76806,  41.86700
 -79.79307,  41.84538
 -79.79858,  41.83697
 -79.81009,  41.82301
 -79.82899,  41.81426
 -79.84151,  41.82319
 -79.84433,  41.84569
 -79.84505,  41.86817
 -79.84758,  41.89067
 -79.85824,  41.90419
 -79.87471,  41.91329
 -79.88827,  41.92229
 -79.89616,  41.93589
 -79.88976,  41.95834
 -79.88778,  41.97245
 -79.88587,  41.98079
 -79.88156,  42.00325
 -79.88425,  42.02574
 -79.88708,  42.04320
 -79.88790,  42.04824
 -79.89469,  42.07075
 -79.89706,  42.09325
 -79.89581,  42.11571
 -79.89619,  42.13819
 -79.88600,  42.15416
 -79.87517,  42.16056
 -79.85544,  42.17811
 -79.85409,  42.18292
 -79.85522,  42.19921
 -79.85677,  42.20541
 -79.85513,  42.20823
 -79.84990,  42.22784
 -79.85480,  42.23977
 -79.86532,  42.25041
 -79.88487,  42.26869
 -79.89761,  42.25058
 -79.90401,  42.22814
 -79.91577,  42.21246
 -79.92303,  42.20576
 -79.93067,  42.18332
 -79.93739,  42.16088
 -79.94587,  42.13845
 -79.94679,  42.13663
 -79.96117,  42.11604
 -79.97736,  42.10561
 -80.00155,  42.11623
 -80.00747,  42.12983
 -80.01486,  42.13876
 -80.03763,  42.14952
 -80.05523,  42.13893
 -80.05773,  42.11646
 -80.05251,  42.09396
 -80.06846,  42.07688
 -80.07725,  42.09406
 -80.07675,  42.11654
 -80.08189,  42.13903
 -80.06797,  42.14674
 -80.05102,  42.16139
 -80.05159,  42.18387
 -80.05486,  42.20636
 -80.06750,  42.21239
 -80.09193,  42.22897
 -80.08540,  42.25143
 -80.06715,  42.26417
 -80.04828,  42.25128
 -80.04624,  42.22880
 -80.03712,  42.21835
 -80.00669,  42.22816
 -80.00621,  42.22863
 -80.00668,  42.22994
 -80.02212,  42.25117
 -80.03656,  42.27371
 -80.03327,  42.29617
 -80.02101,  42.31860
 -80.00582,  42.33717
 -80.00394,  42.34100
 -80.00572,  42.34968
 -80.01511,  42.36353
 -80.01620,  42.38601
 -80.00529,  42.40407
 -80.00220,  42.40841
 -79.97477,  42.41317
 -79.95670,  42.43068
 -79.94405,  42.44455
 -79.93608,  42.45306
 -79.91505,  42.47543
 -79.91328,  42.47844
 -79.90961,  42.49787
 -79.90576,  42.52032
 -79.90291,  42.54278
 -79.91248,  42.56300
 -79.91996,  42.56534
 -79.94284,  42.57949
 -79.95184,  42.58797
 -79.97324,  42.59364
 -79.99032,  42.58815
 -80.00393,  42.57364
 -80.03321,  42.58833
 -80.03433,  42.58853
 -80.06474,  42.60450
 -80.07027,  42.61095
 -80.06464,  42.61918
 -80.06268,  42.63339
 -80.06220,  42.65587
 -80.03369,  42.67227
 -80.02786,  42.67820
 -80.02325,  42.70065
 -80.01949,  42.72310
 -80.00257,  42.74218
 -79.99784,  42.74548
 -79.99540,  42.76794
 -79.98392,  42.79036
 -79.97978,  42.81281
 -79.97129,  42.82211
 -79.96323,  42.83520
 -79.97106,  42.84847
 -79.98530,  42.85777
 -80.00153,  42.87077
 -80.03213,  42.87804
 -80.03510,  42.88046
 -80.03361,  42.90292
 -80.03450,  42.92538
 -80.03161,  42.94567
 -80.03080,  42.94784
 -80.01015,  42.97022
 -80.00057,  42.98805
 -79.99693,  42.99263
 -79.99408,  43.01508
 -79.98714,  43.03752
 -79.98755,  43.05999
 -79.98248,  43.08243
 -79.97966,  43.10488
 -79.96870,  43.12290
 -79.96484,  43.12728
 -79.95080,  43.14968
 -79.93762,  43.15506
 -79.90719,  43.17192
 -79.90666,  43.17233
 -79.89203,  43.19431
 -79.87544,  43.21351
 -79.87468,  43.21668
 -79.87363,  43.23914
 -79.87506,  43.25107
 -79.88609,  43.26167
 -79.89741,  43.28419
 -79.90551,  43.29127
 -79.93625,  43.30434
 -79.94806,  43.30690
 -79.96706,  43.31153
 -79.98604,  43.32954
 -79.99768,  43.34093
 -80.00461,  43.35208
 -80.01957,  43.37461
 -80.02377,  43.39709
 -80.02295,  43.41954
 -80.02785,  43.43294
 -80.02974,  43.44202
 -80.02770,  43.45213
 -80.02380,  43.46446
 -80.02755,  43.47133
 -80.03269,  43.48696
 -80.02728,  43.50649
 -80.02592,  43.50938
 -80.02724,  43.51179
 -80.03362,  43.53188
 -80.03021,  43.55432
 -80.03630,  43.57680
 -80.03477,  43.59925
 -80.03291,  43.62170
 -80.03462,  43.64416
 -80.03432,  43.66662
 -80.03972,  43.68909
 -80.04247,  43.71156
 -80.04665,  43.73403
 -80.05599,  43.75652
 -80.05638,  43.76016
 -80.06020,  43.77899
 -80.07043,  43.80148
 -80.07174,  43.82394
 -80.07397,  43.84639
 -80.07836,  43.86886
 -80.08091,  43.89132
 -80.08402,  43.91378
 -80.08633,  43.92413
 -80.09312,  43.93626
 -80.09786,  43.95873
 -80.10604,  43.98120
 -80.10912,  44.00366
 -80.10703,  44.02610
 -80.11078,  44.04856
 -80.11659,  44.06590
 -80.11852,  44.07104
 -80.12344,  44.09349
 -80.14758,  44.10839
 -80.14942,  44.11602
 -80.16974,  44.13853
 -80.16658,  44.16096
 -80.17850,  44.17019
 -80.18676,  44.18346
 -80.18629,  44.20591
 -80.19157,  44.22837
 -80.19048,  44.25081
 -80.18841,  44.27324
 -80.18784,  44.29568
 -80.17892,  44.31810
 -80.18120,  44.34054
 -80.17752,  44.34900
 -80.16087,  44.36292
 -80.15974,  44.38536
 -80.14582,  44.40136
 -80.14075,  44.40774
 -80.13024,  44.43015
 -80.12714,  44.45257
 -80.11547,  44.47497
 -80.11389,  44.48232
 -80.11263,  44.49739
 -80.10638,  44.51981
 -80.09952,  44.54222
 -80.08398,  44.56461
 -80.08259,  44.58703
 -80.08170,  44.58858
 -80.07668,  44.60944
 -80.07356,  44.63187
 -80.07674,  44.65430
 -80.08115,  44.66516
 -80.09338,  44.67680
 -80.11190,  44.69929
 -80.11246,  44.69954
 -80.14402,  44.70001
 -80.17553,  44.70768
 -80.19079,  44.72196
 -80.20129,  44.74441
 -80.20686,  44.75150
 -80.22289,  44.76690
 -80.23828,  44.78832
 -80.23932,  44.78937
 -80.24271,  44.81181
 -80.25081,  44.83426
 -80.25352,  44.85668
 -80.25420,  44.87911
 -80.25447,  44.90154
 -80.25185,  44.92395
 -80.25021,  44.94637
 -80.24571,  44.96878
 -80.24545,  44.99121
 -80.23996,  45.01361
 -80.24276,  45.03605
 -80.23778,  45.05846
 -80.24189,  45.08088
 -80.23731,  45.10329
 -80.23680,  45.11003
 -80.23577,  45.12571
 -80.23209,  45.14811
 -80.22694,  45.17052
 -80.22377,  45.19293
 -80.22146,  45.21533
 -80.22097,  45.23774
 -80.22099,  45.26016
 -80.22272,  45.28258
 -80.22661,  45.30500
 -80.23464,  45.32743
 -80.23575,  45.33777
 -80.23737,  45.34985
 -80.24263,  45.37228
 -80.24502,  45.39470
 -80.24442,  45.41711
 -80.24698,  45.43951
 -80.25082,  45.46193
 -80.25397,  45.48435
 -80.26308,  45.50677
 -80.26515,  45.52918
 -80.26681,  45.53658
 -80.27200,  45.55160
 -80.26666,  45.56989
 -80.26609,  45.57398
 -80.26505,  45.59639
 -80.26314,  45.61879
 -80.25864,  45.64119
 -80.26629,  45.65932
 -80.27097,  45.66360
 -80.26621,  45.67895
 -80.26514,  45.68600
 -80.26617,  45.68853
 -80.28424,  45.70844
 -80.28999,  45.73085
 -80.29692,  45.75325
 -80.29704,  45.77565
 -80.29526,  45.79805
 -80.29124,  45.82043
 -80.28841,  45.84282
 -80.29762,  45.85656
 -80.30224,  45.86524
 -80.31795,  45.88766
 -80.32964,  45.89911
 -80.36180,  45.90402
 -80.37122,  45.91013
 -80.39392,  45.93115
 -80.39510,  45.93254
 -80.40520,  45.95494
 -80.42239,  45.97736
 -80.42107,  45.99974
 -80.42277,  46.02213
 -80.42594,  46.03852
 -80.42668,  46.04452
 -80.42593,  46.04895
 -80.42134,  46.06691
 -80.42588,  46.07699
 -80.42944,  46.08929
 -80.42584,  46.10090
 -80.41994,  46.11168
 -80.42581,  46.12331
 -80.42908,  46.13406
 -80.42577,  46.14330
 -80.41602,  46.15644
 -80.41815,  46.17881
 -80.40702,  46.20119
 -80.40150,  46.22357
 -80.39926,  46.24594
 -80.39790,  46.26832
 -80.40051,  46.29070
 -80.39312,  46.30898
 -80.39123,  46.31307
 -80.38729,  46.33544
 -80.36872,  46.35779
 -80.36057,  46.36617
 -80.32811,  46.37626
 -80.32527,  46.38011
 -80.31979,  46.40247
 -80.31513,  46.42484
 -80.31292,  46.44720
 -80.31393,  46.46958
 -80.31801,  46.49195
 -80.32459,  46.51434
 -80.32764,  46.52177
 -80.33595,  46.53672
 -80.32758,  46.54260
 -80.31006,  46.55906
 -80.29501,  46.58139
 -80.29491,  46.58155
 -80.28411,  46.60374
 -80.26976,  46.62608
 -80.27148,  46.64845
 -80.28011,  46.67082
 -80.28092,  46.69318
 -80.28683,  46.71555
 -80.28256,  46.73791
 -80.27315,  46.76024
 -80.26155,  46.77022
 -80.25345,  46.78257
 -80.25063,  46.80491
 -80.24445,  46.82726
 -80.24322,  46.84961
 -80.24236,  46.87197
 -80.24258,  46.89432
 -80.23595,  46.91666
 -80.23585,  46.93901
 -80.22803,  46.94985
 -80.22371,  46.96133
 -80.22131,  46.98367
 -80.21558,  47.00601
 -80.21564,  47.02835
 -80.21416,  47.05070
 -80.21603,  47.07304
 -80.21833,  47.09539
 -80.21950,  47.11774
 -80.22341,  47.14010
 -80.22520,  47.16245
 -80.22695,  47.16744
 -80.23657,  47.18481
 -80.23371,  47.20714
 -80.23872,  47.22950
 -80.23991,  47.25183
 -80.24732,  47.27419
 -80.25454,  47.29654
 -80.25922,  47.30175
 -80.28246,  47.31893
 -80.29205,  47.32841
 -80.30880,  47.34130
 -80.31499,  47.36364
 -80.32482,  47.38127
 -80.33088,  47.38600
 -80.33508,  47.40833
 -80.34718,  47.43068
 -80.35760,  47.45132
 -80.35838,  47.45302
 -80.36669,  47.47536
 -80.38102,  47.49770
 -80.39049,  47.51218
 -80.39276,  47.52004
 -80.40267,  47.54237
 -80.40145,  47.56469
 -80.41322,  47.58702
 -80.40443,  47.60934
 -80.41168,  47.63166
 -80.40426,  47.65397
 -80.40515,  47.67629
 -80.40048,  47.69860
 -80.39368,  47.72091
 -80.38998,  47.73577
 -80.38599,  47.74322
 -80.36880,  47.76551
 -80.35667,  47.78363
 -80.35287,  47.78780
 -80.35662,  47.80143
 -80.35815,  47.81012
 -80.35753,  47.83243
 -80.35652,  47.83616
 -80.34618,  47.85472
 -80.33295,  47.87701
 -80.32309,  47.89415
 -80.31323,  47.89929
 -80.28978,  47.90562
 -80.26424,  47.92150
 -80.25642,  47.92517
 -80.23679,  47.94374
 -80.22301,  47.95026
 -80.20917,  47.96599
 -80.19695,  47.98825
 -80.18939,  48.00542
 -80.18469,  48.01053
 -80.18002,  48.03281
 -80.16576,  48.05507
 -80.16051,  48.07735
 -80.15557,  48.08444
 -80.13691,  48.09958
 -80.12205,  48.10555
 -80.09968,  48.12177
 -80.08849,  48.12839
 -80.07461,  48.14397
 -80.05486,  48.15825
 -80.04840,  48.16617
 -80.02447,  48.18837
 -80.02110,  48.19825
 -79.98763,  48.20008
 -79.95421,  48.19880
 -79.92987,  48.21027
 -79.92061,  48.21383
 -79.90141,  48.23243
 -79.89912,  48.25471
 -79.90230,  48.27701
 -79.90056,  48.29929
 -79.88974,  48.32152
 -79.88586,  48.33317
 -79.88405,  48.34378
 -79.87562,  48.36602
 -79.86736,  48.38826
 -79.86408,  48.41052
 -79.85715,  48.43276
 -79.85775,  48.45504
 -79.85737,  48.47732
 -79.85706,  48.49958
 -79.85537,  48.52185
 -79.85002,  48.53414
 -79.84693,  48.54408
 -79.83743,  48.56630
 -79.82373,  48.58850
 -79.82699,  48.61079
 -79.81937,  48.63301
 -79.82253,  48.65529
 -79.81475,  48.67752
 -79.81463,  48.67839
 -79.81090,  48.69976
 -79.78229,  48.72186
 -79.78033,  48.72367
 -79.74643,  48.73500
 -79.71517,  48.74373
 -79.71255,  48.74432
 -79.67869,  48.75124
 -79.65392,  48.76561
 -79.64459,  48.77327
 -79.61676,  48.78762
 -79.61040,  48.79948
 -79.57796,  48.80960
 -79.57644,  48.80991
 -79.54256,  48.81474
 -79.50848,  48.83091
 -79.50758,  48.83134
 -79.49406,  48.85350
 -79.49101,  48.87573
 -79.48604,  48.89794
 -79.47320,  48.91189
 -79.47047,  48.92007
 -79.46859,  48.94231
 -79.43838,  48.96317
 -79.43635,  48.96429
 -79.40414,  48.98130
 -79.39067,  48.98616
 -79.38381,  49.00835
 -79.36929,  49.02836
 -79.36504,  49.03043
 -79.33813,  49.05244
 -79.33484,  49.05415
 -79.30055,  49.07045
 -79.28279,  49.07418
 -79.26646,  49.07692
 -79.24222,  49.09604
 -79.23202,  49.09855
 -79.20985,  49.11797
 -79.19741,  49.12631
 -79.17870,  49.13990
 -79.16292,  49.14776
 -79.12885,  49.15046
 -79.09472,  49.15602
 -79.08604,  49.16117
 -79.06032,  49.17155
 -79.04330,  49.18294
 -79.03075,  49.20503
 -79.02500,  49.22126
 -79.02219,  49.22718
 -79.01388,  49.24932
 -79.00500,  49.27145
 -78.99509,  49.29356
 -78.98895,  49.29665
 -78.95451,  49.30943
 -78.93227,  49.31507
 -78.92016,  49.31839
 -78.88593,  49.32271
 -78.85155,  49.33228
 -78.84284,  49.33621
 -78.83050,  49.35828
 -78.81636,  49.36828
 -78.78240,  49.36267
 -78.74835,  49.36018
 -78.71418,  49.36172
 -78.67984,  49.36819
 -78.66032,  49.37825
 -78.64498,  49.39025
 -78.62495,  49.39999
 -78.61018,  49.40969
 -78.57583,  49.41556
 -78.54154,  49.41905
 -78.50735,  49.41982
 -78.47324,  49.41829
 -78.46709,  49.41990
 -78.43855,  49.43289
 -78.41167,  49.41904
 -78.40498,  49.41677
 -78.37559,  49.39625
 -78.37173,  49.39232
 -78.33816,  49.37736
 -78.30398,  49.37827
 -78.26952,  49.38650
 -78.24532,  49.39410
 -78.23495,  49.39668
 -78.23003,  49.39384
 -78.20132,  49.38411
 -78.17934,  49.37074
 -78.16787,  49.36708
 -78.13390,  49.36325
 -78.09967,  49.36552
 -78.06552,  49.36580
 -78.03154,  49.36222
 -78.00121,  49.34529
 -77.99826,  49.34284
 -77.98427,  49.32273
 -77.97586,  49.30034
 -77.97268,  49.27804
 -77.97756,  49.25590
 -77.97625,  49.23364
 -77.97356,  49.21135
 -77.97036,  49.20369
 -77.95851,  49.18881
 -77.93771,  49.17293
 -77.91894,  49.16581
 -77.90430,  49.15944
 -77.87091,  49.14598
 -77.86819,  49.14257
 -77.86768,  49.12031
 -77.85384,  49.09779
 -77.85089,  49.07549
 -77.84603,  49.05313
 -77.84625,  49.03089
 -77.84319,  49.01160
 -77.84258,  49.00856
 -77.84403,  48.99342
 -77.84474,  48.98635
 -77.84441,  48.98545
 -77.83443,  48.96389
 -77.81969,  48.94133
 -77.81358,  48.91973
 -77.81310,  48.91894
 -77.78071,  48.89889
 -77.77116,  48.89582
 -77.74752,  48.88489
 -77.71365,  48.88517
 -77.69279,  48.87192
 -77.68074,  48.86602
 -77.65694,  48.84889
 -77.64827,  48.83836
 -77.63999,  48.82626
 -77.62994,  48.80376
 -77.61700,  48.78748
 -77.61256,  48.78112
 -77.58433,  48.76551
 -77.55816,  48.75765
 -77.55105,  48.75563
 -77.51730,  48.75505
 -77.51147,  48.75660
 -77.48295,  48.76577
 -77.47711,  48.77808
 -77.47164,  48.80023
 -77.46636,  48.82238
 -77.46653,  48.84465
 -77.47086,  48.86702
 -77.47552,  48.88939
 -77.47615,  48.89455
 -77.48815,  48.91194
 -77.50214,  48.93452
 -77.49648,  48.95665
 -77.48512,  48.97865
 -77.48714,  49.00096
 -77.47842,  49.02302
 -77.46870,  49.04505
 -77.48083,  49.06758
 -77.46599,  49.08601
 -77.46488,  49.08947
 -77.46542,  49.09670
 -77.46953,  49.11182
 -77.46436,  49.11665
 -77.45541,  49.13375
 -77.44541,  49.15577
 -77.42786,  49.17761
 -77.42691,  49.18043
 -77.41354,  49.19953
 -77.40057,  49.22147
 -77.39563,  49.24361
 -77.38857,  49.25908
 -77.38346,  49.26556
 -77.36562,  49.28738
 -77.35252,  49.29474
 -77.33601,  49.30893
 -77.31720,  49.31636
 -77.29123,  49.33010
 -77.28177,  49.33953
 -77.27241,  49.35188
 -77.26100,  49.37384
 -77.25691,  49.39598
 -77.25170,  49.41809
 -77.25300,  49.44035
 -77.25317,  49.46259
 -77.26122,  49.48501
 -77.27260,  49.50049
 -77.28655,  49.50786
 -77.30587,  49.51739
 -77.33977,  49.52346
 -77.37379,  49.52731
 -77.38197,  49.53233
 -77.40665,  49.55245
 -77.40945,  49.55520
 -77.42519,  49.57778
 -77.43617,  49.60026
 -77.43800,  49.60619
 -77.44480,  49.62267
 -77.44675,  49.64493
 -77.43483,  49.66440
 -77.43367,  49.66685
 -77.42919,  49.68896
 -77.40509,  49.71062
 -77.39740,  49.72062
 -77.37036,  49.73204
 -77.36227,  49.73449
 -77.32732,  49.74476
 -77.29279,  49.74753
 -77.26143,  49.75167
 -77.25814,  49.75233
 -77.22318,  49.76213
 -77.21380,  49.77273
 -77.21085,  49.79487
 -77.21179,  49.81710
 -77.20776,  49.83921
 -77.20197,  49.86127
 -77.19232,  49.88325
 -77.18093,  49.89531
 -77.14954,  49.90440
 -77.14587,  49.90521
 -77.11120,  49.90842
 -77.08070,  49.90267
 -77.07719,  49.90079
 -77.06208,  49.87999
 -77.04792,  49.85742
 -77.04578,  49.85099
 -77.03984,  49.83500
 -77.04218,  49.81286
 -77.04339,  49.79068
 -77.04241,  49.76844
 -77.01756,  49.75085
 -76.99883,  49.74510
 -76.98435,  49.73204
 -76.95045,  49.72459
 -76.91600,  49.72582
 -76.89181,  49.74228
 -76.88047,  49.74390
 -76.85271,  49.74122
 -76.84632,  49.74041
 -76.84412,  49.74099
 -76.81149,  49.74733
 -76.77683,  49.75140
 -76.74284,  49.74543
 -76.70831,  49.74770
 -76.67373,  49.75055
 -76.63915,  49.75322
 -76.60490,  49.75119
 -76.58894,  49.73382
 -76.59151,  49.71167
 -76.59329,  49.68950
 -76.59449,  49.66731
 -76.59698,  49.64516
 -76.59562,  49.62289
 -76.58854,  49.60046
 -76.58572,  49.57815
 -76.58282,  49.57441
 -76.55291,  49.55495
 -76.55013,  49.55168
 -76.51692,  49.53665
 -76.48162,  49.55120
 -76.47963,  49.55278
 -76.44572,  49.57399
 -76.44572,  49.57400
 -76.42009,  49.59545
 -76.41214,  49.61744
 -76.40768,  49.62580
 -76.40008,  49.63930
 -76.40058,  49.66154
 -76.39169,  49.68350
 -76.38271,  49.70545
 -76.36676,  49.71583
 -76.33191,  49.72227
 -76.32083,  49.72577
 -76.29681,  49.73204
 -76.26183,  49.73997
 -76.25030,  49.74578
 -76.22667,  49.75010
 -76.21188,  49.74457
 -76.19322,  49.73771
 -76.15905,  49.73488
 -76.12456,  49.73623
 -76.09098,  49.72581
 -76.07820,  49.71803
 -76.05826,  49.70470
 -76.05241,  49.69494
 -76.04866,  49.67259
 -76.04418,  49.65021
 -76.04330,  49.62795
 -76.04100,  49.60564
 -76.04258,  49.58345
 -76.03462,  49.56932
 -76.02718,  49.56071
 -76.01862,  49.53818
 -76.00444,  49.51768
 -76.00306,  49.51542
 -75.98823,  49.49268
 -75.98225,  49.47023
 -75.98245,  49.44799
 -75.98250,  49.42575
 -75.97858,  49.41253
 -75.97128,  49.40312
 -75.97701,  49.38107
 -75.96430,  49.35838
 -75.97053,  49.33634
 -75.97041,  49.31408
 -75.98064,  49.29217
 -75.98186,  49.26995
 -75.98930,  49.24795
 -75.98880,  49.22567
 -75.98228,  49.20319
 -75.97802,  49.18078
 -75.97879,  49.15854
 -75.97427,  49.13612
 -75.98380,  49.11419
 -75.98568,  49.09198
 -75.99097,  49.06989
 -75.99245,  49.04767
 -75.99297,  49.02541
 -75.99110,  49.00308
 -75.99207,  48.98084
 -75.99262,  48.95858
 -75.99707,  48.93645
 -76.00134,  48.91432
 -76.00550,  48.89219
 -76.00967,  48.87004
 -76.00733,  48.84768
 -76.00939,  48.82547
 -76.00687,  48.80310
 -76.01381,  48.78105
 -76.01192,  48.75870
 -76.03178,  48.73718
 -76.03185,  48.73708
 -76.03182,  48.73668
 -76.02641,  48.71461
 -76.03434,  48.70429
 -76.04063,  48.69280
 -76.04359,  48.67061
 -76.05295,  48.64863
 -76.05518,  48.62641
 -76.05377,  48.60407
 -76.05839,  48.58193
 -76.06864,  48.55998
 -76.08041,  48.54443
 -76.09081,  48.53842
 -76.11328,  48.51687
 -76.11629,  48.51554
 -76.13538,  48.49531
 -76.14917,  48.47347
 -76.15356,  48.46756
 -76.16015,  48.45153
 -76.16810,  48.42949
 -76.16826,  48.40719
 -76.17303,  48.38504
 -76.17992,  48.36295
 -76.18682,  48.34087
 -76.19746,  48.32990
 -76.20553,  48.31918
 -76.22699,  48.29757
 -76.23456,  48.28179
 -76.23775,  48.27561
 -76.24217,  48.25344
 -76.24789,  48.23131
 -76.24880,  48.20903
 -76.25764,  48.18700
 -76.26839,  48.16503
 -76.27715,  48.15741
 -76.30257,  48.14381
 -76.31316,  48.12195
 -76.31329,  48.12184
 -76.31841,  48.09969
 -76.31581,  48.08513
 -76.31552,  48.07727
 -76.31657,  48.07443
 -76.33196,  48.05548
 -76.32959,  48.03308
 -76.34818,  48.01135
 -76.35596,  47.99042
 -76.35670,  47.98930
 -76.38784,  47.96796
 -76.39117,  47.96433
 -76.40059,  47.94603
 -76.40341,  47.92379
 -76.40301,  47.90145
 -76.40505,  47.87918
 -76.40332,  47.85680
 -76.40213,  47.83443
 -76.40233,  47.81211
 -76.40200,  47.81018
 -76.39720,  47.78961
 -76.39890,  47.76733
 -76.39438,  47.74485
 -76.39422,  47.72250
 -76.39589,  47.70021
 -76.39627,  47.67789
 -76.39970,  47.65566
 -76.40010,  47.63333
 -76.40524,  47.61114
 -76.40619,  47.58883
 -76.41893,  47.56689
 -76.41898,  47.56681
 -76.42986,  47.54488
 -76.43941,  47.52283
 -76.44741,  47.50074
 -76.45130,  47.47852
 -76.45563,  47.45630
 -76.45306,  47.43386
 -76.46189,  47.41179
 -76.46013,  47.38938
 -76.46528,  47.37487
 -76.47188,  47.36740
 -76.47469,  47.34513
 -76.48112,  47.32298
 -76.48077,  47.30061
 -76.47457,  47.27805
 -76.47206,  47.27557
 -76.46426,  47.25537
 -76.46458,  47.23302
 -76.46861,  47.21078
 -76.47783,  47.19083
 -76.47964,  47.18877
 -76.50408,  47.16717
 -76.51256,  47.16372
 -76.54516,  47.16818
 -76.54579,  47.16846
 -76.57697,  47.18438
 -76.58288,  47.19196
 -76.59169,  47.21460
 -76.59799,  47.23715
 -76.60069,  47.25959
 -76.59482,  47.28176
 -76.60252,  47.29611
 -76.60923,  47.30456
 -76.63387,  47.32067
 -76.66637,  47.32818
 -76.66748,  47.32867
 -76.69817,  47.34651
 -76.71366,  47.35239
 -76.73041,  47.35825
 -76.76236,  47.37473
 -76.76396,  47.37622
 -76.77733,  47.39896
 -76.78950,  47.42166
 -76.79190,  47.42974
 -76.79420,  47.44414
 -76.79043,  47.45314
 -76.78056,  47.46609
 -76.75556,  47.48173
 -76.74919,  47.48753
 -76.72124,  47.50117
 -76.68787,  47.50571
 -76.68224,  47.50791
 -76.65336,  47.52763
 -76.65206,  47.52936
 -76.64236,  47.55141
 -76.63593,  47.57357
 -76.63220,  47.59579
 -76.63293,  47.61816
 -76.62924,  47.64039
 -76.63323,  47.66285
 -76.63364,  47.68521
 -76.63586,  47.70760
 -76.64021,  47.72780
 -76.64095,  47.73009
 -76.64105,  47.75243
 -76.64384,  47.77485
 -76.64287,  47.79715
 -76.63837,  47.81935
 -76.64055,  47.84175
 -76.64170,  47.86411
 -76.64996,  47.88668
 -76.66206,  47.90097
 -76.68446,  47.91003
 -76.69450,  47.91432
 -76.72764,  47.91690
 -76.74716,  47.91185
 -76.76160,  47.90670
 -76.78284,  47.89055
 -76.79678,  47.87711
 -76.80478,  47.86885
 -76.81950,  47.84695
 -76.82566,  47.82479
 -76.82769,  47.80252
 -76.83587,  47.78042
 -76.83617,  47.77995
 -76.86230,  47.75884
 -76.87119,  47.75100
 -76.88139,  47.73704
 -76.87253,  47.72957
 -76.85912,  47.71408
 -76.85307,  47.69158
 -76.84526,  47.66902
 -76.84384,  47.65720
 -76.84290,  47.64662
 -76.84182,  47.62424
 -76.84344,  47.60195
 -76.84862,  47.57976
 -76.84867,  47.57963
 -76.86218,  47.55780
 -76.88403,  47.54335
 -76.90664,  47.53671
 -76.91772,  47.53358
 -76.95132,  47.52524
 -76.98482,  47.51835
 -76.98867,  47.51662
 -77.01839,  47.49509
 -77.01943,  47.49237
 -77.03077,  47.47308
 -77.03596,  47.45087
 -77.03405,  47.42848
 -77.05326,  47.40665
 -77.05775,  47.40285
 -77.09156,  47.38903
 -77.09583,  47.38544
 -77.12556,  47.37173
 -77.14251,  47.38667
 -77.15355,  47.40930
 -77.15620,  47.41326
 -77.16192,  47.43186
 -77.15791,  47.45410
 -77.15302,  47.46929
 -77.14930,  47.47622
 -77.13942,  47.49830
 -77.11719,  47.51757
 -77.09349,  47.51944
 -77.08364,  47.52550
 -77.07392,  47.54126
 -77.08214,  47.55133
 -77.11477,  47.55955
 -77.11922,  47.56480
 -77.13689,  47.58760
 -77.14165,  47.61006
 -77.14459,  47.61683
 -77.15544,  47.63275
 -77.14309,  47.65477
 -77.14194,  47.66315
 -77.13818,  47.67698
 -77.10706,  47.69286
 -77.08584,  47.69794
 -77.07348,  47.69973
 -77.04480,  47.71918
 -77.03855,  47.74134
 -77.04644,  47.76388
 -77.05208,  47.78636
 -77.04944,  47.80862
 -77.04675,  47.83087
 -77.05399,  47.85339
 -77.06358,  47.86845
 -77.07104,  47.87616
 -77.09548,  47.89194
 -77.10573,  47.89939
 -77.12785,  47.90805
 -77.16101,  47.91030
 -77.18681,  47.92382
 -77.19333,  47.92758
 -77.20797,  47.94667
 -77.22443,  47.96691
 -77.22702,  47.96947
 -77.23493,  47.99199
 -77.24034,  48.01444
 -77.23495,  48.03662
 -77.24437,  48.05917
 -77.24697,  48.08154
 -77.25101,  48.08790
 -77.26630,  48.10433
 -77.28278,  48.11744
 -77.31569,  48.12663
 -77.34915,  48.12588
 -77.37637,  48.10702
 -77.38379,  48.10313
 -77.40036,  48.08529
 -77.41129,  48.06324
 -77.41582,  48.04103
 -77.42054,  48.01884
 -77.41138,  47.99630
 -77.41076,  47.97397
 -77.41488,  47.95175
 -77.42160,  47.92960
 -77.40662,  47.90692
 -77.40812,  47.88464
 -77.40334,  47.86221
 -77.40635,  47.83996
 -77.40649,  47.81763
 -77.41169,  47.79544
 -77.42270,  47.77338
 -77.43526,  47.76090
 -77.44372,  47.75155
 -77.45825,  47.72956
 -77.47053,  47.72121
 -77.50384,  47.71875
 -77.53747,  47.71008
 -77.53989,  47.70914
 -77.57154,  47.69219
 -77.57412,  47.68759
 -77.57532,  47.66529
 -77.58900,  47.64326
 -77.58764,  47.62090
 -77.58235,  47.59845
 -77.58182,  47.57610
 -77.57780,  47.56689
 -77.56532,  47.55339
 -77.55110,  47.53073
 -77.54674,  47.52649
 -77.52741,  47.50785
 -77.51495,  47.50100
 -77.49816,  47.48483
 -77.48649,  47.46222
 -77.48413,  47.45728
 -77.48190,  47.43977
 -77.48264,  47.41745
 -77.48700,  47.40134
 -77.49023,  47.39528
 -77.49705,  47.37310
 -77.52171,  47.35133
 -77.52283,  47.34547
 -77.52559,  47.32907
 -77.53999,  47.30706
 -77.55053,  47.28496
 -77.55961,  47.26949
 -77.56281,  47.26289
 -77.56979,  47.24070
 -77.56746,  47.21830
 -77.56264,  47.20849
 -77.55331,  47.19562
 -77.54762,  47.17314
 -77.53568,  47.15051
 -77.54049,  47.12827
 -77.56628,  47.10650
 -77.56821,  47.09649
 -77.56942,  47.08422
 -77.57814,  47.06206
 -77.58049,  47.03975
 -77.58103,  47.01741
 -77.57312,  46.99708
 -77.57101,  46.99482
 -77.56416,  46.97230
 -77.55582,  46.94974
 -77.56210,  46.92752
 -77.57455,  46.90545
 -77.57780,  46.90218
 -77.58637,  46.88335
 -77.58732,  46.86101
 -77.59430,  46.83880
 -77.58989,  46.81633
 -77.58739,  46.79390
 -77.58379,  46.78027
 -77.57742,  46.77130
 -77.55833,  46.74850
 -77.55311,  46.74005
 -77.54021,  46.72570
 -77.53552,  46.70322
 -77.53083,  46.68073
 -77.52438,  46.66173
 -77.52036,  46.65811
 -77.52515,  46.64631
 -77.52791,  46.63591
 -77.52588,  46.63160
 -77.50761,  46.61306
 -77.49998,  46.59050
 -77.49539,  46.58989
 -77.46568,  46.56730
 -77.46401,  46.56650
 -77.44968,  46.54454
 -77.44687,  46.52209
 -77.44551,  46.49967
 -77.44569,  46.47729
 -77.44696,  46.45493
 -77.44955,  46.43262
 -77.43940,  46.41141
 -77.40643,  46.42122
 -77.40555,  46.43155
 -77.40527,  46.44365
 -77.40699,  46.45396
 -77.40468,  46.45502
 -77.39268,  46.47599
 -77.37784,  46.49802
 -77.36973,  46.50203
 -77.33695,  46.50702
 -77.30473,  46.50146
 -77.29372,  46.49591
 -77.27405,  46.47302
 -77.27375,  46.47279
 -77.26241,  46.45033
 -77.26221,  46.42795
 -77.27080,  46.40577
 -77.27804,  46.39302
 -77.28555,  46.38377
 -77.31193,  46.36616
 -77.34430,  46.36285
 -77.34455,  46.36282
 -77.34491,  46.36287
 -77.37669,  46.36864
 -77.39766,  46.38657
 -77.40713,  46.40767
 -77.43979,  46.40378
 -77.44144,  46.38765
 -77.44071,  46.38577
 -77.42621,  46.36488
 -77.42973,  46.34259
 -77.42588,  46.32010
 -77.42072,  46.29758
 -77.42015,  46.27518
 -77.42126,  46.25281
 -77.41794,  46.23034
 -77.42122,  46.20802
 -77.41801,  46.19587
 -77.41415,  46.18546
 -77.41965,  46.16376
 -77.41976,  46.16319
 -77.41970,  46.16290
 -77.41129,  46.14059
 -77.40910,  46.11814
 -77.39857,  46.09548
 -77.39513,  46.07300
 -77.39400,  46.05057
 -77.39492,  46.02819
 -77.39484,  46.01795
 -77.39439,  46.00578
 -77.39581,  45.99889
 -77.39884,  45.98348
 -77.40067,  45.96112
 -77.40829,  45.93891
 -77.41329,  45.91662
 -77.42968,  45.89462
 -77.43432,  45.87572
 -77.43482,  45.87234
 -77.43951,  45.85005
 -77.44351,  45.82774
 -77.44094,  45.80526
 -77.44408,  45.78293
 -77.44009,  45.76145
 -77.43974,  45.76042
 -77.44023,  45.75863
 -77.44415,  45.73811
 -77.44154,  45.73278
 -77.42750,  45.71529
 -77.41200,  45.69250
 -77.41153,  45.69156
 -77.39664,  45.69212
 -77.37941,  45.69210
 -77.37677,  45.69162
 -77.34767,  45.68534
 -77.33080,  45.69046
 -77.31525,  45.69186
 -77.31355,  45.69001
 -77.31476,  45.66763
 -77.30354,  45.64492
 -77.30313,  45.62250
 -77.30796,  45.60021
 -77.31052,  45.57786
 -77.32188,  45.56501
 -77.35432,  45.55689
 -77.38606,  45.56240
 -77.41776,  45.56875
 -77.44075,  45.55871
 -77.45051,  45.55427
 -77.48273,  45.55001
 -77.51457,  45.55359
 -77.54626,  45.56010
 -77.54849,  45.56131
 -77.57774,  45.57140
 -77.59452,  45.58482
 -77.60807,  45.60702
 -77.60846,  45.60756
 -77.61006,  45.63001
 -77.61553,  45.65255
 -77.61792,  45.67502
 -77.61954,  45.69748
 -77.62276,  45.71996
 -77.63409,  45.73484
 -77.63727,  45.74270
 -77.66383,  45.76572
 -77.66472,  45.76642
 -77.69642,  45.77547
 -77.72850,  45.77649
 -77.74808,  45.79002
 -77.75933,  45.80513
 -77.76400,  45.81277
 -77.77453,  45.83541
 -77.76918,  45.85770
 -77.76302,  45.87997
 -77.75517,  45.89698
 -77.75266,  45.90215
 -77.73008,  45.92405
 -77.72622,  45.94637
 -77.75198,  45.96717
 -77.75682,  45.96945
 -77.78360,  45.98077
 -77.79523,  45.99268
 -77.79588,  46.01509
 -77.80936,  46.03778
 -77.81325,  46.03881
 -77.84538,  46.04198
 -77.87715,  46.05322
 -77.90968,  46.04721
 -77.91579,  46.04003
 -77.92569,  46.01784
 -77.93058,  45.99554
 -77.93657,  45.97326
 -77.94569,  45.95913
 -77.94917,  45.95112
 -77.97130,  45.92917
 -77.97957,  45.91933
 -77.98835,  45.90711
 -78.00820,  45.88511
 -78.01345,  45.87851
 -78.03517,  45.86324
 -78.04674,  45.85119
 -78.07925,  45.84227
 -78.08178,  45.84175
 -78.11217,  45.82300
 -78.12300,  45.82014
 -78.14480,  45.81078
 -78.15222,  45.79829
 -78.17296,  45.77628
 -78.17841,  45.77246
 -78.18937,  45.75418
 -78.19635,  45.73190
 -78.20091,  45.70958
 -78.20134,  45.68718
 -78.20569,  45.66485
 -78.20476,  45.64243
 -78.20528,  45.62003
 -78.20142,  45.59755
 -78.19858,  45.57508
 -78.19064,  45.55252
 -78.18903,  45.53008
 -78.18785,  45.52546
 -78.17906,  45.50748
 -78.18249,  45.48513
 -78.17746,  45.46262
 -78.18314,  45.44032
 -78.17864,  45.41782
 -78.17769,  45.39538
 -78.17892,  45.37299
 -78.18201,  45.35062
 -78.18894,  45.32833
 -78.19607,  45.30868
 -78.19665,  45.30605
 -78.20480,  45.28379
 -78.20512,  45.26137
 -78.20892,  45.23901
 -78.20834,  45.21658
 -78.20906,  45.19417
 -78.21181,  45.17181
 -78.22134,  45.14956
 -78.23459,  45.12981
 -78.23666,  45.12741
 -78.26711,  45.10976
 -78.28961,  45.10596
 -78.29908,  45.10420
 -78.33092,  45.10241
 -78.36295,  45.08483
 -78.36332,  45.08438
 -78.37898,  45.06268
 -78.38820,  45.04041
 -78.38889,  45.01800
 -78.38408,  44.99548
 -78.38066,  44.97300
 -78.37103,  44.95040
 -78.36843,  44.93764
 -78.36550,  44.92787
 -78.36895,  44.92257
 -78.37503,  44.90561
 -78.37420,  44.88316
 -78.38134,  44.86086
 -78.38195,  44.83843
 -78.37888,  44.81595
 -78.37296,  44.80703
 -78.35593,  44.79311
 -78.34222,  44.78174
 -78.31455,  44.76994
 -78.31107,  44.76894
 -78.27949,  44.76854
 -78.24805,  44.76414
 -78.21703,  44.74855
 -78.21438,  44.74567
 -78.20770,  44.72311
 -78.19270,  44.70039
 -78.18803,  44.67912
 -78.18731,  44.67785
 -78.17633,  44.65520
 -78.17915,  44.63281
 -78.17724,  44.61034
 -78.18468,  44.58804
 -78.19183,  44.57779
 -78.19541,  44.56580
 -78.21042,  44.54364
 -78.21754,  44.52134
 -78.22587,  44.50880
 -78.23470,  44.49921
 -78.24096,  44.47689
 -78.24609,  44.45454
 -78.24840,  44.43214
 -78.25914,  44.40989
 -78.26041,  44.38747
 -78.26181,  44.38548
 -78.29383,  44.36809
 -78.29818,  44.36572
 -78.32563,  44.35670
 -78.35706,  44.35576
 -78.38837,  44.35823
 -78.41956,  44.36403
 -78.42751,  44.34554
 -78.43630,  44.32325
 -78.45290,  44.30510
 -78.45889,  44.30119
 -78.48489,  44.27918
 -78.48513,  44.27866
 -78.51697,  44.26344
 -78.51904,  44.25729
 -78.52283,  44.23491
 -78.53211,  44.21261
 -78.53384,  44.19019
 -78.54694,  44.16795
 -78.55155,  44.16055
 -78.56113,  44.14573
 -78.58191,  44.12362
 -78.58403,  44.12194
 -78.60543,  44.10153
 -78.61399,  44.07922
 -78.61673,  44.07504
 -78.62495,  44.05694
 -78.62632,  44.03450
 -78.62691,  44.01206
 -78.61975,  43.98949
 -78.61938,  43.98744
 -78.60566,  43.96682
 -78.58913,  43.95620
 -78.56306,  43.94369
 -78.55844,  43.93992
 -78.53619,  43.92080
 -78.52818,  43.91087
 -78.49729,  43.90198
 -78.46606,  43.90424
 -78.43512,  43.89726
 -78.42938,  43.89655
 -78.40410,  43.89289
 -78.39716,  43.89600
 -78.37267,  43.90079
 -78.34162,  43.89736
 -78.31032,  43.90125
 -78.27900,  43.90565
 -78.25037,  43.91580
 -78.24743,  43.91667
 -78.21582,  43.92851
 -78.19057,  43.93712
 -78.18427,  43.93854
 -78.16721,  43.93668
 -78.15320,  43.93541
 -78.14961,  43.93633
 -78.12167,  43.94438
 -78.09039,  43.94699
 -78.05920,  43.94662
 -78.02805,  43.94563
 -77.99696,  43.94308
 -77.96600,  43.93739
 -77.93488,  43.93585
 -77.90366,  43.93646
 -77.87270,  43.93108
 -77.84140,  43.93390
 -77.81039,  43.92955
 -77.80881,  43.92921
 -77.77950,  43.92277
 -77.74820,  43.92551
 -77.71730,  43.91919
 -77.68609,  43.91983
 -77.66086,  43.92582
 -77.65457,  43.92708
 -77.62435,  43.94740
 -77.62242,  43.94811
 -77.61709,  43.94723
 -77.59161,  43.93974
 -77.56030,  43.94225
 -77.55011,  43.94561
 -77.52885,  43.94759
 -77.49757,  43.94946
 -77.46568,  43.96378
 -77.46151,  43.96588
 -77.43366,  43.98764
 -77.43327,  43.98824
 -77.40903,  44.00947
 -77.40019,  44.02565
 -77.39411,  44.03156
 -77.37983,  44.05365
 -77.36678,  44.06900
 -77.35469,  44.07546
 -77.33436,  44.09194
 -77.30312,  44.09123
 -77.27543,  44.09583
 -77.27160,  44.09614
 -77.27042,  44.09570
 -77.24137,  44.07603
 -77.23489,  44.07228
 -77.21102,  44.05864
 -77.20324,  44.04896
 -77.19285,  44.02622
 -77.18200,  44.01653
 -77.16003,  44.00285
 -77.15170,  43.99910
 -77.12980,  43.97955
 -77.12170,  43.97636
 -77.09711,  43.97863
 -77.09023,  43.98092
 -77.08554,  43.97831
 -77.05959,  43.97021
 -77.03308,  43.95435
 -77.02953,  43.94938
 -76.99918,  43.93430
 -76.99010,  43.93064
 -76.96883,  43.91901
 -76.93784,  43.91556
 -76.90683,  43.91240
 -76.87586,  43.90860
 -76.86902,  43.90460
 -76.84997,  43.88155
 -76.84667,  43.87436
 -76.84196,  43.85884
 -76.83340,  43.83611
 -76.83108,  43.81357
 -76.82026,  43.79313
 -76.81886,  43.79073
 -76.80492,  43.76783
 -76.79121,  43.75787
 -76.76933,  43.74426
 -76.76228,  43.72157
 -76.76365,  43.69913
 -76.76385,  43.69474
 -76.76455,  43.67669
 -76.76495,  43.67607
 -76.77216,  43.65445
 -76.77293,  43.63199
 -76.76890,  43.60952
 -76.76877,  43.60939
 -76.74628,  43.58621
 -76.73954,  43.58128
 -76.70905,  43.57230
 -76.67783,  43.57563
 -76.66092,  43.58351
 -76.64561,  43.59518
 -76.62937,  43.60498
 -76.61265,  43.62641
 -76.61229,  43.62691
 -76.60810,  43.64925
 -76.59852,  43.67142
 -76.59126,  43.69366
 -76.57668,  43.70517
 -76.55563,  43.71497
 -76.54469,  43.71956
 -76.51276,  43.73271
 -76.50957,  43.73593
 -76.48032,  43.75353
 -76.47577,  43.75729
 -76.45500,  43.77906
 -76.44666,  43.79292
 -76.44141,  43.80109
 -76.43525,  43.82336
 -76.43080,  43.84568
 -76.42831,  43.86807
 -76.42291,  43.89036
 -76.41772,  43.91265
 -76.40713,  43.93477
 -76.40625,  43.93534
 -76.38071,  43.95635
 -76.37322,  43.96295
 -76.35535,  43.97795
 -76.34763,  44.00017
 -76.35139,  44.02277
 -76.33731,  44.03360
 -76.30609,  44.03301
 -76.28401,  44.02044
 -76.29534,  43.99837
 -76.28606,  43.97556
 -76.27894,  43.97219
 -76.24871,  43.95737
 -76.23205,  43.95119
 -76.21836,  43.94457
 -76.19777,  43.92751
 -76.18885,  43.91983
 -76.15874,  43.90405
 -76.15478,  43.90349
 -76.12798,  43.89762
 -76.09765,  43.88542
 -76.08207,  43.87838
 -76.06831,  43.85914
 -76.06728,  43.85536
 -76.05623,  43.83247
 -76.05188,  43.80983
 -76.04867,  43.78724
 -76.04274,  43.78020
 -76.02891,  43.76402
 -76.01796,  43.74114
 -76.02115,  43.71877
 -76.01868,  43.69619
 -76.02100,  43.67380
 -76.02252,  43.65137
 -76.02168,  43.63860
 -76.02058,  43.62881
 -76.01253,  43.60603
 -76.01990,  43.58382
 -76.00717,  43.56086
 -76.00497,  43.53828
 -75.99905,  43.52039
 -75.99741,  43.51551
 -75.99245,  43.49284
 -75.99271,  43.47036
 -75.99068,  43.44780
 -75.98854,  43.42523
 -75.97646,  43.40276
 -75.97594,  43.40227
 -75.96761,  43.37946
 -75.94756,  43.37417
 -75.91757,  43.36111
 -75.88906,  43.35397
 -75.88720,  43.35330
 -75.85773,  43.33340
 -75.85575,  43.33019
 -75.84590,  43.30732
 -75.83980,  43.28459
 -75.83199,  43.26301
 -75.83119,  43.26176
 -75.83241,  43.25727
 -75.83559,  43.23943
 -75.83427,  43.23201
 -75.82804,  43.21665
 -75.83224,  43.19432
 -75.83009,  43.17173
 -75.82758,  43.14914
 -75.82888,  43.12670
 -75.83144,  43.10430
 -75.83384,  43.08190
 -75.83600,  43.05949
 -75.83419,  43.03692
 -75.83950,  43.01463
 -75.83908,  42.99212
 -75.84106,  42.96969
 -75.84725,  42.94743
 -75.84804,  42.92497
 -75.84641,  42.90240
 -75.84489,  42.87984
 -75.84270,  42.85726
 -75.84390,  42.83480
 -75.84387,  42.81230
 -75.84863,  42.78999
 -75.85667,  42.76780
 -75.86890,  42.75738
 -75.89327,  42.74672
 -75.90055,  42.74338
 -75.93102,  42.74579
 -75.96175,  42.74443
 -75.99228,  42.74596
 -76.01054,  42.75122
 -76.02235,  42.75412
 -76.05192,  42.76957
 -76.07808,  42.77626
 -76.08192,  42.77888
 -76.11152,  42.79420
 -76.11814,  42.80024
 -76.13208,  42.82325
 -76.13956,  42.83265
 -76.14767,  42.84632
 -76.16078,  42.86930
 -76.16616,  42.89199
 -76.16621,  42.89201
 -76.19611,  42.90392
 -76.21709,  42.91633
 -76.22576,  42.91963
 -76.25586,  42.92898
 -76.28616,  42.93534
 -76.31664,  42.93916
 -76.34796,  42.92985
 -76.36533,  42.92158
 -76.37964,  42.91504
 -76.40048,  42.90030
 -76.40900,  42.87811
 -76.41317,  42.87102
 -76.42400,  42.85612
 -76.42378,  42.83362
 -76.43245,  42.81143
 -76.42815,  42.78879
 -76.44363,  42.76682
 -76.45144,  42.75164
 -76.45863,  42.74484
 -76.46550,  42.72258
 -76.45641,  42.69978
 -76.45494,  42.69622
 -76.45074,  42.67708
 -76.44862,  42.65452
 -76.44688,  42.63197
 -76.45594,  42.60978
 -76.45808,  42.58736
 -76.46215,  42.58204
 -76.49067,  42.56597
 -76.49384,  42.56376
 -76.52499,  42.55405
 -76.55543,  42.55561
 -76.58559,  42.56185
 -76.61078,  42.56998
 -76.61541,  42.57369
 -76.64580,  42.57630
 -76.65558,  42.57145
 -76.67695,  42.56616
 -76.70732,  42.56899
 -76.73786,  42.56898
 -76.76847,  42.56783
 -76.79916,  42.56524
 -76.82701,  42.55440
 -76.83041,  42.55281
 -76.84665,  42.53252
 -76.85139,  42.51018
 -76.85188,  42.48770
 -76.85395,  42.46527
 -76.85244,  42.44273
 -76.85626,  42.42036
 -76.86661,  42.39819
 -76.87050,  42.38404
 -76.87776,  42.37603
 -76.90168,  42.37100
 -76.93253,  42.36375
 -76.96282,  42.36649
 -76.99305,  42.37045
 -77.02354,  42.36948
 -77.05424,  42.36463
 -77.08374,  42.35970
 -77.08496,  42.35950
 -77.11545,  42.35862
 -77.14359,  42.36142
 -77.14572,  42.36169
 -77.17583,  42.36792
 -77.19925,  42.38548
 -77.20500,  42.39278
 -77.22192,  42.40860
 -77.23388,  42.42384
 -77.23724,  42.43152
 -77.24478,  42.45422
 -77.26193,  42.47166
 -77.27100,  42.47742
 -77.29178,  42.48446
 -77.32159,  42.49834
 -77.35257,  42.48839
 -77.38326,  42.48456
 -77.39539,  42.48077
 -77.41442,  42.47049
 -77.44444,  42.48021
 -77.44662,  42.48211
 -77.46719,  42.50512
 -77.47341,  42.51245
 -77.49089,  42.52821
 -77.49870,  42.55090
 -77.49990,  42.57341
 -77.49971,  42.59590
 -77.49860,  42.61836
 -77.49876,  42.62260
 -77.50172,  42.64092
 -77.50916,  42.66359
 -77.51658,  42.68626
 -77.52587,  42.69664
 -77.55121,  42.70961
 -77.55569,  42.71360
 -77.56976,  42.73256
 -77.58488,  42.74419
 -77.59046,  42.75555
 -77.60558,  42.77841
 -77.61119,  42.80102
 -77.61180,  42.82352
 -77.61185,  42.82495
 -77.61239,  42.84602
 -77.61816,  42.86864
 -77.62263,  42.89122
 -77.62840,  42.91385
 -77.63789,  42.92759
 -77.64171,  42.93665
 -77.64146,  42.95912
 -77.64821,  42.98176
 -77.64780,  43.00423
 -77.64664,  43.02668
 -77.64732,  43.04918
 -77.65054,  43.07173
 -77.65185,  43.09423
 -77.65867,  43.11688
 -77.65805,  43.13934
 -77.65903,  43.14174
 -77.67339,  43.16217
 -77.67634,  43.18472
 -77.67297,  43.20712
 -77.66171,  43.22932
 -77.67336,  43.25208
 -77.68438,  43.26443
 -77.69871,  43.27515
 -77.71412,  43.28989
 -77.74558,  43.27646
 -77.74586,  43.27625
 -77.75826,  43.25406
 -77.77795,  43.24147
 -77.78202,  43.23213
 -77.77875,  43.22303
 -77.76313,  43.20922
 -77.76616,  43.18682
 -77.76741,  43.16437
 -77.78185,  43.15072
 -77.78943,  43.14240
 -77.80184,  43.12021
 -77.81440,  43.10952
 -77.83110,  43.09839
 -77.84609,  43.08785
 -77.87316,  43.07685
 -77.87743,  43.07449
 -77.90630,  43.07758
 -77.90806,  43.07770
 -77.90883,  43.07764
 -77.93924,  43.06751
 -77.97041,  43.05723
 -77.97182,  43.05652
 -78.00203,  43.03544
 -78.00358,  43.03471
 -78.02146,  43.01261
 -78.03398,  43.00457
 -78.04578,  42.99065
 -78.06580,  42.97638
 -78.09661,  42.97388
 -78.11022,  42.96948
 -78.12761,  42.96622
 -78.15844,  42.96309
 -78.18956,  42.95187
 -78.19803,  42.94875
 -78.21995,  42.92670
 -78.22121,  42.92577
 -78.25220,  42.91740
 -78.28309,  42.91151
 -78.31379,  42.91105
 -78.34428,  42.90655
 -78.34463,  42.90648
 -78.37547,  42.90198
 -78.40639,  42.89441
 -78.43726,  42.88845
 -78.44342,  42.88584
 -78.46859,  42.86803
 -78.49904,  42.87504
 -78.52734,  42.88727
 -78.52930,  42.88789
 -78.53022,  42.88732
 -78.56052,  42.87004
 -78.57172,  42.86553
 -78.59156,  42.85758
 -78.62259,  42.84511
 -78.62435,  42.84390
 -78.62306,  42.82923
 -78.62185,  42.82139
 -78.61574,  42.79882
 -78.59370,  42.78629
 -78.56509,  42.77552
 -78.56342,  42.77515
 -78.55978,  42.77544
 -78.53257,  42.78247
 -78.50211,  42.77716
 -78.49821,  42.77441
 -78.48783,  42.75175
 -78.48269,  42.72919
 -78.47691,  42.70662
 -78.48430,  42.68427
 -78.49423,  42.66196
 -78.50586,  42.65779
 -78.53246,  42.64013
 -78.53717,  42.63347
 -78.54063,  42.61779
 -78.55281,  42.59550
 -78.55603,  42.57308
 -78.55814,  42.55064
 -78.55942,  42.52818
 -78.57140,  42.51210
 -78.57369,  42.50594
 -78.57905,  42.48355
 -78.58463,  42.46117
 -78.59019,  42.43878
 -78.60473,  42.41674
 -78.60521,  42.41654
 -78.63540,  42.40912
 -78.66567,  42.41511
 -78.67339,  42.41763
 -78.69078,  42.44037
 -78.66455,  42.45408
 -78.64865,  42.46219
 -78.63731,  42.48449
 -78.66330,  42.49744
 -78.69397,  42.49105
 -78.70596,  42.48557
 -78.70869,  42.46313
 -78.72540,  42.45689
 -78.74564,  42.44120
 -78.74113,  42.41866
 -78.73148,  42.39603
 -78.73376,  42.37359
 -78.75422,  42.35143
 -78.75906,  42.33977
 -78.78971,  42.33089
 -78.80704,  42.35220
 -78.81906,  42.37114
 -78.82204,  42.37489
 -78.84902,  42.38924
 -78.86226,  42.39794
 -78.87910,  42.40340
 -78.89432,  42.39838
 -78.90964,  42.37612
 -78.88071,  42.35324
 -78.88047,  42.34923
 -78.85039,  42.33618
 -78.84381,  42.33024
 -78.82053,  42.31521
 -78.80926,  42.30727
 -78.80552,  42.28473
 -78.82179,  42.26735
 -78.82655,  42.26256
 -78.83974,  42.24027
 -78.84895,  42.21792
 -78.85364,  42.21034
 -78.87549,  42.19581
 -78.88457,  42.18740
 -78.89087,  42.17355
 -78.91553,  42.16179
 -78.94557,  42.17372
 -78.94601,  42.17429
 -78.95242,  42.19685
 -78.97484,  42.21847
 -79.00549,  42.20559
 -79.03594,  42.20118
 -79.04529,  42.19806
 -79.05624,  42.17571
 -79.06725,  42.15823
 -79.06899,  42.15339
 -79.06824,  42.13090
 -79.06789,  42.12973
 -79.05189,  42.10822
 -79.04443,  42.08565
 -79.06054,  42.06337
 -79.06944,  42.06051
 -79.08636,  42.04120
 -79.10051,  42.02413
 -79.10754,  42.01898
 -79.13110,  42.00863
 -79.14999,  41.99701
 -79.15895,  41.97462
 -79.16212,  41.97194
 -79.19257,  41.96199
 -79.20853,  41.95271
 -79.22314,  41.94497
 -79.22977,  41.93046
 -79.23563,  41.90804
 -79.25440,  41.89144
 -79.26454,  41.88588
 -79.27708,  41.86353
 -79.28528,  41.85568
 -79.30463,  41.84134
 -79.31591,  41.83142
 -79.33278,  41.84163
 -79.34571,  41.85204
 -79.35081,  41.86429
 -79.35867,  41.88684
 -79.37442,  41.90948
 -79.37488,  41.90977
 -79.37595,  41.90949
 -79.40082,  41.88726
 -79.40557,  41.88139
 -79.43580,  41.87926
 -79.43994,  41.88762
 -79.43876,  41.91009
 -79.44569,  41.93263
 -79.46479,  41.95339
 -79.49114,  41.93304
 -79.49546,  41.92560
 -79.50740,  41.91070
 -79.52599,  41.90433
 -79.55101,  41.88859
 -79.55667,  41.87276
 -79.56053,  41.86619
 -79.56941,  41.84378
 -79.55735,  41.82676
 -79.54459,  41.82109
 -79.52729,  41.81945
 -79.51289,  41.82083
 -79.49702,  41.82616
 -79.47109,  41.84294
 -79.46655,  41.84511
 -79.46436,  41.84288
 -79.46675,  41.83257
 -79.47874,  41.82053
 -79.48001,  41.79807
 -79.47746,  41.77556
 -79.47472,  41.75305
 -79.47594,  41.73058
 -79.46848,  41.72515
 -79.46352,  41.73047
 -79.45927,  41.75291
 -79.43771,  41.76485
 -79.40754,  41.76624
 -79.38582,  41.77471
 -79.37686,  41.79677
 -79.37313,  41.77458
 -79.37734,  41.76934
 -79.39115,  41.75228
 -79.39171,  41.72980
 -79.40707,  41.70747
 -79.40859,  41.70455
 -79.42558,  41.68515
 -79.42968,  41.66272
 -79.43974,  41.64201
 -79.44014,  41.64033
 -79.44452,  41.61789
 -79.47039,  41.60674
 -79.48485,  41.59578
 -79.49929,  41.57342
 -79.50100,  41.57169
 -79.53125,  41.55880
 -79.54781,  41.55135
 -79.55172,  41.52890
 -79.56188,  41.51867
 -79.59186,  41.52227
 -79.59786,  41.52927
 -79.59150,  41.54771
 -79.58868,  41.55168
 -79.56122,  41.56396
 -79.55352,  41.57388
 -79.55479,  41.59637
 -79.55882,  41.61889
 -79.55566,  41.64134
 -79.55720,  41.66383
 -79.54807,  41.68624
 -79.55925,  41.69768
 -79.58925,  41.70565
 -79.60315,  41.70916
 -79.61929,  41.71118
 -79.63054,  41.70937
 -79.64871,  41.68703
 -79.64975,  41.68453
 -79.66906,  41.66470
 -79.68019,  41.65850
 -79.69520,  41.64241
 -79.70612,  41.62000
 -79.71078,  41.61784
 -79.74091,  41.61296
 -79.77104,  41.60781
 -79.78384,  41.59804
 -79.78675,  41.57558
 -79.80061,  41.55318
 -79.80173,  41.55087
 -79.82350,  41.53084
 -79.83210,  41.52009
 -79.86216,  41.51705
 -79.89225,  41.51044
 -79.92228,  41.50943
 -79.93574,  41.53146
END
 -15.00000, -78.73269,  41.58669
 -78.71900,  41.59434
 -78.71217,  41.58638
 -78.71943,  41.57883
 -78.73269,  41.58669
END
 -15.00000, -78.63634,  41.60767
 -78.64515,  41.63029
 -78.64297,  41.65274
 -78.62661,  41.67011
 -78.59888,  41.65203
 -78.59724,  41.64538
 -78.59432,  41.62947
 -78.59801,  41.61884
 -78.61024,  41.60724
 -78.62891,  41.59064
 -78.63634,  41.60767
END
 -15.00000, -79.33193,  41.63928
 -79.32875,  41.66173
 -79.33604,  41.68428
 -79.31832,  41.70096
 -79.30379,  41.68395
 -79.31065,  41.66154
 -79.31020,  41.63906
 -79.31969,  41.62625
 -79.33193,  41.63928
END
 -15.00000, -78.84029,  41.63326
 -78.83816,  41.63719
 -78.80799,  41.64046
 -78.80424,  41.63273
 -78.80835,  41.62661
 -78.83833,  41.63037
 -78.84029,  41.63326
END
 -15.00000, -79.03864,  41.68090
 -79.04308,  41.70344
 -79.04655,  41.72597
 -79.04139,  41.74839
 -79.02456,  41.77066
 -79.02008,  41.79308
 -79.01497,  41.79778
 -78.99500,  41.81524
 -78.99904,  41.83778
 -79.01356,  41.85896
 -79.01588,  41.86047
 -79.03043,  41.88314
 -79.02222,  41.90552
 -79.01233,  41.91192
 -79.00148,  41.92773
 -78.99522,  41.95013
 -78.98097,  41.96042
 -78.95862,  41.97213
 -78.95021,  41.98240
 -78.94290,  41.99441
 -78.91924,  42.01179
 -78.90079,  42.01632
 -78.89028,  42.03865
 -78.88824,  42.04135
 -78.85755,  42.05756
 -78.85246,  42.06061
 -78.84913,  42.08304
 -78.84127,  42.10540
 -78.82579,  42.11440
 -78.80067,  42.10482
 -78.79601,  42.09460
 -78.79114,  42.08220
 -78.79662,  42.07147
 -78.80821,  42.05997
 -78.82735,  42.05438
 -78.84886,  42.03807
 -78.83309,  42.01537
 -78.82841,  42.01424
 -78.79845,  42.00248
 -78.78905,  41.99224
 -78.79288,  41.96982
 -78.79968,  41.95616
 -78.80556,  41.94752
 -78.82069,  41.92526
 -78.83088,  41.91909
 -78.86137,  41.90796
 -78.87084,  41.90349
 -78.89206,  41.88913
 -78.89851,  41.88140
 -78.91311,  41.85911
 -78.92313,  41.85350
 -78.93813,  41.83697
 -78.95420,  41.81679
 -78.96131,  41.81480
 -78.98463,  41.80525
 -79.00668,  41.79291
 -79.00790,  41.77044
 -79.00370,  41.74790
 -79.00177,  41.72540
 -78.98701,  41.70385
 -78.95686,  41.70607
 -78.94820,  41.72469
 -78.94458,  41.74712
 -78.92542,  41.76015
 -78.90147,  41.74654
 -78.89817,  41.72401
 -78.90836,  41.70166
 -78.91751,  41.67931
 -78.92757,  41.67218
 -78.95750,  41.67915
 -78.98767,  41.67610
 -79.01804,  41.66467
 -79.03864,  41.68090
END
 -15.00000, -78.73890,  41.67672
 -78.73584,  41.69916
 -78.71577,  41.71146
 -78.70778,  41.72122
 -78.70447,  41.74365
 -78.68418,  41.76365
 -78.67288,  41.76564
 -78.65369,  41.77589
 -78.64761,  41.78773
 -78.64596,  41.81018
 -78.63379,  41.83247
 -78.62163,  41.84158
 -78.60786,  41.83205
 -78.59235,  41.81110
 -78.59148,  41.80930
 -78.58987,  41.78679
 -78.59321,  41.78192
 -78.60304,  41.76453
 -78.62406,  41.75797
 -78.63902,  41.74262
 -78.64003,  41.72015
 -78.65580,  41.70219
 -78.68599,  41.69929
 -78.68861,  41.69844
 -78.70084,  41.67614
 -78.71710,  41.66326
 -78.73890,  41.67672
END
 -15.00000, -79.83225,  41.73322
 -79.82980,  41.73801
 -79.82195,  41.73316
 -79.82989,  41.72984
 -79.83225,  41.73322
END
 -15.00000, -79.67864,  41.73222
 -79.67923,  41.73283
 -79.68111,  41.73223
 -79.67924,  41.73156
 -79.67864,  41.73222
END
 -15.00000, -79.60858,  41.77665
 -79.61810,  41.79667
 -79.63226,  41.77683
 -79.61845,  41.77129
 -79.60858,  41.77665
END
 -15.00000, -79.67400,  41.82210
 -79.67258,  41.84457
 -79.67773,  41.84951
 -79.69612,  41.84474
 -79.68817,  41.82220
 -79.67813,  41.81793
 -79.67400,  41.82210
END
 -15.00000, -80.32207,  41.89243
 -80.31130,  41.89774
 -80.30674,  41.89240
 -80.31136,  41.87996
 -80.32207,  41.89243
END
 -15.00000, -79.14538,  41.88454
 -79.13331,  41.90540
 -79.10342,  41.89047
 -79.10078,  41.88401
 -79.10366,  41.87971
 -79.13410,  41.86802
 -79.14538,  41.88454
END
 -15.00000, -79.56020,  41.91114
 -79.55608,  41.91222
 -79.55173,  41.93356
 -79.55551,  41.95095
 -79.56166,  41.95612
 -79.58536,  41.97731
 -79.60916,  41.95649
 -79.61600,  41.94814
 -79.62616,  41.93415
 -79.61635,  41.92287
 -79.59775,  41.91145
 -79.58637,  41.90655
 -79.56020,  41.91114
END
 -15.00000, -80.28969,  41.93732
 -80.28091,  41.94830
 -80.26273,  41.93727
 -80.28102,  41.91925
 -80.28969,  41.93732
END
 -15.00000, -80.08191,  41.93673
 -80.07145,  41.95917
 -80.07655,  41.98167
 -80.06906,  41.99046
 -80.06385,  41.98162
 -80.06768,  41.95916
 -80.06032,  41.93665
 -80.06951,  41.92584
 -80.08191,  41.93673
END
 -15.00000, -77.38271,  41.91817
 -77.40716,  41.94131
 -77.40937,  41.94264
 -77.43868,  41.96228
 -77.44231,  41.96474
 -77.46768,  41.98788
 -77.46772,  41.98797
 -77.47602,  41.98810
 -77.49796,  41.98857
 -77.49925,  41.98870
 -77.51537,  42.01160
 -77.52673,  42.02077
 -77.54073,  42.03474
 -77.53475,  42.05708
 -77.53358,  42.07954
 -77.52351,  42.09062
 -77.49326,  42.08929
 -77.46444,  42.10026
 -77.46243,  42.10070
 -77.43158,  42.11189
 -77.40765,  42.12127
 -77.40072,  42.12318
 -77.37032,  42.12477
 -77.33984,  42.12802
 -77.30958,  42.12661
 -77.27951,  42.12146
 -77.26812,  42.11750
 -77.24975,  42.11032
 -77.22839,  42.09391
 -77.22535,  42.07133
 -77.22194,  42.06079
 -77.21661,  42.04859
 -77.21033,  42.02592
 -77.20686,  42.00333
 -77.21036,  41.98093
 -77.21249,  41.95850
 -77.22549,  41.93637
 -77.22882,  41.92497
 -77.23627,  41.91418
 -77.26012,  41.90384
 -77.29075,  41.89559
 -77.32085,  41.89788
 -77.35088,  41.90192
 -77.38040,  41.91639
 -77.38271,  41.91817
END
 -15.00000, -78.63422,  41.96738
 -78.63982,  41.98996
 -78.62814,  42.01225
 -78.62527,  42.03469
 -78.62950,  42.05724
 -78.64509,  42.07528
 -78.64861,  42.08003
 -78.67471,  42.09876
 -78.68422,  42.08059
 -78.69380,  42.05825
 -78.70428,  42.03593
 -78.70688,  42.03168
 -78.73740,  42.02264
 -78.74989,  42.03662
 -78.75455,  42.05918
 -78.75448,  42.08166
 -78.74708,  42.10403
 -78.73498,  42.11070
 -78.70435,  42.12243
 -78.70217,  42.12583
 -78.69761,  42.14824
 -78.68716,  42.17056
 -78.67955,  42.19292
 -78.68288,  42.21545
 -78.70168,  42.21767
 -78.73193,  42.22153
 -78.74833,  42.23893
 -78.73096,  42.25663
 -78.72437,  42.26105
 -78.71597,  42.28340
 -78.69930,  42.30563
 -78.69920,  42.30571
 -78.66842,  42.31926
 -78.63843,  42.30512
 -78.63737,  42.30466
 -78.61813,  42.28187
 -78.62973,  42.25957
 -78.64005,  42.24912
 -78.67074,  42.23804
 -78.67138,  42.23775
 -78.67092,  42.23165
 -78.66458,  42.21517
 -78.64133,  42.20518
 -78.61123,  42.19683
 -78.60643,  42.19176
 -78.60374,  42.16924
 -78.59898,  42.14668
 -78.59666,  42.12415
 -78.59138,  42.10159
 -78.59260,  42.07913
 -78.60101,  42.05678
 -78.60661,  42.03439
 -78.60350,  42.01185
 -78.59902,  41.98930
 -78.60721,  41.96695
 -78.61829,  41.95626
 -78.63422,  41.96738
END
 -15.00000, -79.55149,  42.00099
 -79.52435,  42.01196
 -79.51842,  42.02319
 -79.51582,  42.04565
 -79.50723,  42.06805
 -79.50208,  42.09049
 -79.52287,  42.10846
 -79.55323,  42.10396
 -79.58365,  42.09559
 -79.58529,  42.09118
 -79.58402,  42.06954
 -79.58379,  42.06869
 -79.58405,  42.06833
 -79.59761,  42.04632
 -79.60062,  42.02386
 -79.58496,  42.00481
 -79.56755,  42.00113
 -79.55483,  41.99643
 -79.55149,  42.00099
END
 -15.00000, -80.19125,  42.09444
 -80.19711,  42.11693
 -80.20036,  42.13941
 -80.19205,  42.16187
 -80.18907,  42.17776
 -80.18487,  42.18433
 -80.15906,  42.20672
 -80.15850,  42.22015
 -80.15792,  42.20672
 -80.12830,  42.19507
 -80.11915,  42.18412
 -80.12239,  42.16165
 -80.12853,  42.15758
 -80.13636,  42.13922
 -80.13934,  42.11675
 -80.15234,  42.09432
 -80.15929,  42.07943
 -80.18951,  42.09088
 -80.19125,  42.09444
END
 -15.00000, -79.81731,  42.09279
 -79.79553,  42.11037
 -79.78761,  42.11509
 -79.76511,  42.12072
 -79.74323,  42.13728
 -79.73439,  42.15504
 -79.73151,  42.15968
 -79.71845,  42.18207
 -79.73384,  42.20026
 -79.76426,  42.19383
 -79.77824,  42.18246
 -79.79008,  42.16006
 -79.79503,  42.15538
 -79.82549,  42.14181
 -79.83212,  42.13784
 -79.82631,  42.11532
 -79.83204,  42.09288
 -79.82611,  42.08407
 -79.81731,  42.09279
END
 -15.00000, -79.60965,  42.13633
 -79.61333,  42.13974
 -79.61832,  42.13639
 -79.61342,  42.13297
 -79.60965,  42.13633
END
 -15.00000, -79.39343,  42.22437
 -79.38893,  42.24680
 -79.39915,  42.25443
 -79.42946,  42.25788
 -79.43966,  42.24728
 -79.44279,  42.22483
 -79.43027,  42.20917
 -79.39973,  42.22028
 -79.39343,  42.22437
END
 -15.00000, -79.21076,  42.22248
 -79.21732,  42.23569
 -79.21976,  42.22258
 -79.21788,  42.20758
 -79.21076,  42.22248
END
 -15.00000, -78.94313,  42.21922
 -78.94446,  42.21962
 -78.94913,  42.21929
 -78.94449,  42.21856
 -78.94313,  42.21922
END
 -15.00000, -77.92249,  42.20118
 -77.94260,  42.22088
 -77.94583,  42.22417
 -77.96336,  42.24704
 -77.94091,  42.26348
 -77.93704,  42.26896
 -77.91050,  42.29086
 -77.90941,  42.29116
 -77.90821,  42.29081
 -77.88062,  42.26771
 -77.87998,  42.26742
 -77.84982,  42.26183
 -77.83340,  42.24416
 -77.84956,  42.22204
 -77.85149,  42.22126
 -77.88227,  42.21124
 -77.90565,  42.20081
 -77.91335,  42.19339
 -77.92249,  42.20118
END
 -15.00000, -78.91104,  42.24126
 -78.91351,  42.24396
 -78.92039,  42.24139
 -78.91381,  42.23163
 -78.91104,  42.24126
END
 -15.00000, -80.07445,  42.38623
 -80.06622,  42.39631
 -80.05177,  42.38615
 -80.06634,  42.37873
 -80.07445,  42.38623
END
 -15.00000, -79.81851,  42.38499
 -79.82282,  42.39014
 -79.83824,  42.38511
 -79.82300,  42.37384
 -79.81851,  42.38499
END
 -15.00000, -77.73801,  42.37687
 -77.73855,  42.39937
 -77.72626,  42.42157
 -77.72110,  42.42823
 -77.69090,  42.42239
 -77.68909,  42.42068
 -77.69106,  42.41854
 -77.70146,  42.39849
 -77.70452,  42.37608
 -77.72416,  42.35761
 -77.73801,  42.37687
END
 -15.00000, -78.96630,  42.42183
 -78.96280,  42.44426
 -78.96928,  42.45047
 -78.97718,  42.44445
 -78.97320,  42.42192
 -78.97004,  42.41895
 -78.96630,  42.42183
END
 -15.00000, -80.13997,  42.47636
 -80.14053,  42.49884
 -80.12637,  42.51145
 -80.10827,  42.49873
 -80.10709,  42.47625
 -80.12672,  42.45499
 -80.13997,  42.47636
END
 -15.00000, -79.99335,  42.52074
 -79.99709,  42.54323
 -79.97351,  42.56155
 -79.95814,  42.54305
 -79.96439,  42.52061
 -79.97391,  42.51487
 -79.99335,  42.52074
END
 -15.00000, -78.96578,  42.53420
 -78.96719,  42.53727
 -78.97159,  42.53428
 -78.96732,  42.53197
 -78.96578,  42.53420
END
 -15.00000, -79.87807,  42.63253
 -79.88123,  42.63699
 -79.88399,  42.63257
 -79.88130,  42.63007
 -79.87807,  42.63253
END
 -15.00000, -78.77267,  42.62142
 -78.75579,  42.64365
 -78.78126,  42.64541
 -78.78374,  42.64407
 -78.78293,  42.62157
 -78.78193,  42.62062
 -78.77267,  42.62142
END
 -15.00000, -78.70755,  42.66540
 -78.70084,  42.68777
 -78.71852,  42.70348
 -78.73032,  42.68822
 -78.72826,  42.66571
 -78.72019,  42.64375
 -78.70755,  42.66540
END
 -15.00000, -75.75469,  42.58373
 -75.75885,  42.58818
 -75.78612,  42.60750
 -75.78790,  42.60880
 -75.79999,  42.63055
 -75.79828,  42.65298
 -75.78693,  42.67504
 -75.78233,  42.68455
 -75.75417,  42.69624
 -75.75082,  42.69659
 -75.71957,  42.70515
 -75.69673,  42.69392
 -75.69040,  42.68576
 -75.67626,  42.67058
 -75.66198,  42.65659
 -75.65840,  42.64735
 -75.65908,  42.62487
 -75.66509,  42.61535
 -75.68085,  42.60326
 -75.69766,  42.58892
 -75.70555,  42.58175
 -75.72948,  42.57207
 -75.75469,  42.58373
END
 -15.00000, -78.76356,  42.73366
 -78.77832,  42.75388
 -78.79213,  42.73408
 -78.77907,  42.72633
 -78.76356,  42.73366
END
 -15.00000, -75.33149,  42.76860
 -75.34662,  42.77246
 -75.37643,  42.78305
 -75.38531,  42.79343
 -75.40015,  42.81658
 -75.40281,  42.83685
 -75.40331,  42.83923
 -75.40248,  42.86169
 -75.40025,  42.86888
 -75.39432,  42.88385
 -75.37115,  42.90536
 -75.36646,  42.90734
 -75.33531,  42.91250
 -75.30496,  42.90777
 -75.28982,  42.90182
 -75.27620,  42.88374
 -75.27506,  42.87867
 -75.26270,  42.85562
 -75.25889,  42.83294
 -75.26720,  42.81080
 -75.28162,  42.78892
 -75.28410,  42.78713
 -75.31049,  42.76768
 -75.31647,  42.76604
 -75.33149,  42.76860
END
 -15.00000, -76.91619,  42.98443
 -76.92738,  43.00421
 -76.93280,  42.98492
 -76.92887,  42.97761
 -76.91619,  42.98443
END
 -15.00000, -76.88606,  43.02849
 -76.89497,  43.03365
 -76.92580,  43.03223
 -76.92742,  43.02974
 -76.92644,  43.02099
 -76.89564,  43.02181
 -76.88606,  43.02849
END
 -15.00000, -77.75876,  44.37719
 -77.75955,  44.37833
 -77.77504,  44.39999
 -77.78918,  44.41903
 -77.79060,  44.42279
 -77.79336,  44.44530
 -77.78738,  44.46031
 -77.78163,  44.46749
 -77.77534,  44.48980
 -77.75441,  44.51177
 -77.75360,  44.51274
 -77.72170,  44.52214
 -77.69972,  44.51053
 -77.69112,  44.50239
 -77.67758,  44.48757
 -77.66647,  44.46486
 -77.66155,  44.46074
 -77.65281,  44.44210
 -77.65763,  44.41976
 -77.66404,  44.40634
 -77.67178,  44.39764
 -77.69199,  44.37566
 -77.69697,  44.37299
 -77.72890,  44.36135
 -77.75876,  44.37719
END
 -15.00000, -77.72617,  44.57847
 -77.71829,  44.60073
 -77.71817,  44.60083
 -77.71815,  44.60073
 -77.71608,  44.57824
 -77.71941,  44.57330
 -77.72617,  44.57847
END
 -15.00000, -77.15749,  44.99067
 -77.16100,  44.99458
 -77.17611,  45.01361
 -77.19067,  45.03290
 -77.19208,  45.03647
 -77.19025,  45.04080
 -77.17663,  45.05849
 -77.16282,  45.08056
 -77.15611,  45.08463
 -77.13286,  45.10218
 -77.12321,  45.10493
 -77.11276,  45.10163
 -77.09241,  45.08718
 -77.07951,  45.07827
 -77.06409,  45.05540
 -77.06248,  45.05416
 -77.05486,  45.03271
 -77.06458,  45.01670
 -77.07432,  45.01082
 -77.08167,  44.98858
 -77.09828,  44.98130
 -77.13046,  44.97297
 -77.15749,  44.99067
END
 -15.00000, -77.34222,  45.37688
 -77.36269,  45.39452
 -77.37035,  45.40001
 -77.39342,  45.41816
 -77.39701,  45.42310
 -77.40382,  45.44570
 -77.39907,  45.46800
 -77.39761,  45.49038
 -77.38894,  45.50613
 -77.38145,  45.51240
 -77.35571,  45.53019
 -77.32394,  45.52546
 -77.30338,  45.51041
 -77.29353,  45.49527
 -77.28838,  45.48760
 -77.27885,  45.46493
 -77.26388,  45.45131
 -77.26012,  45.44202
 -77.26519,  45.42659
 -77.27290,  45.41994
 -77.29163,  45.39800
 -77.29894,  45.39217
 -77.32377,  45.37640
 -77.33182,  45.37410
 -77.34222,  45.37688
END
 -15.00000, -77.88371,  45.99457
 -77.87955,  45.99786
 -77.86736,  45.99422
 -77.88002,  45.98729
 -77.88371,  45.99457
END
 -15.00000, -77.37286,  46.99011
 -77.37639,  46.99727
 -77.38189,  47.01270
 -77.39253,  47.03531
 -77.38887,  47.05758
 -77.38343,  47.07981
 -77.37805,  47.10204
 -77.37051,  47.10883
 -77.33709,  47.11947
 -77.30427,  47.11879
 -77.27242,  47.10033
 -77.27159,  47.09940
 -77.26364,  47.07683
 -77.25536,  47.05426
 -77.25640,  47.03192
 -77.26294,  47.00973
 -77.27849,  46.98875
 -77.27946,  46.98779
 -77.31232,  46.96915
 -77.34478,  46.97512
 -77.37286,  46.99011
END
 -15.00000, -76.52912,  46.98901
 -76.54115,  47.01174
 -76.55500,  47.02045
 -76.56883,  47.03497
 -76.56087,  47.05709
 -76.55444,  47.07927
 -76.55070,  47.08497
 -76.53637,  47.10108
 -76.51623,  47.10924
 -76.50425,  47.10008
 -76.49555,  47.07744
 -76.48652,  47.06264
 -76.48348,  47.05469
 -76.48379,  47.03233
 -76.48907,  47.02493
 -76.51057,  47.01079
 -76.51952,  46.98870
 -76.52445,  46.98666
 -76.52912,  46.98901
END
 -15.00000, -77.49894,  48.44439
 -77.49969,  48.44597
 -77.51289,  48.46699
 -77.52079,  48.48946
 -77.53080,  48.49434
 -77.53767,  48.48984
 -77.53912,  48.46759
 -77.55555,  48.44567
 -77.53366,  48.43879
 -77.49979,  48.44388
 -77.49894,  48.44439
END
 -15.00000, -77.92818,  49.38836
 -77.92787,  49.38998
 -77.92789,  49.38836
 -77.92795,  49.38829
 -77.92818,  49.38836
END
 -15.00000, -76.52654,  49.37627
 -76.50578,  49.39790
 -76.49178,  49.40804
 -76.48418,  49.41949
 -76.47353,  49.44141
 -76.48161,  49.46389
 -76.48691,  49.47680
 -76.49237,  49.48646
 -76.49961,  49.50891
 -76.51776,  49.52470
 -76.53269,  49.50989
 -76.54508,  49.48802
 -76.55586,  49.46957
 -76.55740,  49.46614
 -76.56473,  49.44412
 -76.56206,  49.42180
 -76.55950,  49.41731
 -76.53926,  49.39889
 -76.52955,  49.37636
 -76.52823,  49.37573
 -76.52654,  49.37627
END
 -15.00000, -77.96801,  49.43359
 -77.95937,  49.44885
 -77.93272,  49.43291
 -77.96091,  49.41465
 -77.96801,  49.43359
END
 -15.00000, -78.13842,  49.57004
 -78.14779,  49.59241
 -78.15797,  49.60575
 -78.16302,  49.61490
 -78.16805,  49.63720
 -78.15586,  49.65652
 -78.15207,  49.65913
 -78.13070,  49.68097
 -78.12030,  49.68608
 -78.10938,  49.68059
 -78.08696,  49.66309
 -78.08094,  49.65787
 -78.05708,  49.63522
 -78.07207,  49.61328
 -78.08561,  49.59131
 -78.09039,  49.58318
 -78.10138,  49.56938
 -78.12556,  49.56155
 -78.13842,  49.57004
END
 -15.00000, -77.10773,  49.57013
 -77.09711,  49.57268
 -77.06239,  49.57999
 -77.05006,  49.59089
 -77.03421,  49.61270
 -77.02937,  49.63480
 -77.02366,  49.65223
 -77.01817,  49.65673
 -77.02304,  49.66216
 -77.02818,  49.67921
 -77.03283,  49.70155
 -77.05382,  49.72020
 -77.07728,  49.72490
 -77.08778,  49.72675
 -77.09196,  49.72527
 -77.12247,  49.72135
 -77.15707,  49.71740
 -77.18026,  49.70527
 -77.19300,  49.69072
 -77.19652,  49.68345
 -77.19639,  49.66123
 -77.20026,  49.63910
 -77.19678,  49.62624
 -77.19345,  49.61671
 -77.17937,  49.59415
 -77.16519,  49.58048
 -77.15175,  49.57124
 -77.13171,  49.56716
 -77.10773,  49.57013
END
 -15.00000, -76.53677,  49.79895
 -76.56573,  49.81958
 -76.56641,  49.82203
 -76.56776,  49.84429
 -76.57278,  49.86665
 -76.58396,  49.88918
 -76.59439,  49.90258
 -76.59695,  49.91177
 -76.61111,  49.93439
 -76.60880,  49.95653
 -76.61507,  49.97892
 -76.62151,  50.00130
 -76.62134,  50.01149
 -76.62096,  50.02349
 -76.61983,  50.03326
 -76.61848,  50.04562
 -76.61859,  50.05111
 -76.61948,  50.06784
 -76.61706,  50.07316
 -76.60993,  50.08977
 -76.60242,  50.11175
 -76.57834,  50.13206
 -76.57652,  50.13320
 -76.54282,  50.14468
 -76.50816,  50.14514
 -76.47377,  50.14167
 -76.43965,  50.13470
 -76.40591,  50.12816
 -76.40550,  50.12807
 -76.37160,  50.11840
 -76.33692,  50.11919
 -76.30242,  50.11755
 -76.26852,  50.10807
 -76.25562,  50.10135
 -76.24390,  50.07878
 -76.23721,  50.06485
 -76.23357,  50.05626
 -76.23434,  50.03407
 -76.23256,  50.01181
 -76.23694,  49.98974
 -76.24239,  49.96771
 -76.24538,  49.95746
 -76.25147,  49.94578
 -76.27728,  49.92438
 -76.28256,  49.92214
 -76.31747,  49.91662
 -76.35242,  49.91053
 -76.36901,  49.90499
 -76.38778,  49.89862
 -76.40980,  49.88403
 -76.41975,  49.86211
 -76.42540,  49.85539
 -76.44681,  49.84071
 -76.46100,  49.81892
 -76.46262,  49.81705
 -76.49486,  49.79771
 -76.49853,  49.79624
 -76.53300,  49.79545
 -76.53677,  49.79895
END
 -14.00000, -79.28096,  42.49297
 -79.27288,  42.50310
 -79.26751,  42.49282
 -79.27335,  42.47911
 -79.28096,  42.49297
END
 -14.00000, -79.66893,  42.69864
 -79.67030,  42.72112
 -79.67136,  42.74359
 -79.66591,  42.74926
 -79.63524,  42.75468
 -79.61097,  42.74314
 -79.63570,  42.72097
 -79.63605,  42.72087
 -79.66461,  42.69861
 -79.66669,  42.69055
 -79.66893,  42.69864
END
 -14.00000, -79.27525,  42.74011
 -79.26821,  42.74344
 -79.26553,  42.74001
 -79.26837,  42.73519
 -79.27525,  42.74011
END
 -14.00000, -79.36012,  43.59465
 -79.37518,  43.60829
 -79.38273,  43.61732
 -79.39247,  43.63987
 -79.38595,  43.66227
 -79.38366,  43.68470
 -79.37351,  43.70016
 -79.36535,  43.70699
 -79.34196,  43.72703
 -79.31087,  43.72759
 -79.27998,  43.71846
 -79.26604,  43.70600
 -79.25708,  43.68344
 -79.25340,  43.66095
 -79.25031,  43.64862
 -79.24861,  43.63844
 -79.25059,  43.63472
 -79.26299,  43.61613
 -79.28232,  43.59883
 -79.28905,  43.59394
 -79.31371,  43.57882
 -79.34456,  43.58711
 -79.36012,  43.59465
END
 -14.00000, -79.37505,  43.77444
 -79.38226,  43.79697
 -79.37938,  43.81939
 -79.38015,  43.84185
 -79.40180,  43.85713
 -79.40468,  43.86453
 -79.42742,  43.88719
 -79.42747,  43.90964
 -79.43196,  43.91373
 -79.44055,  43.93221
 -79.44563,  43.95471
 -79.45298,  43.97721
 -79.45554,  43.99969
 -79.45484,  44.02213
 -79.45462,  44.04457
 -79.46064,  44.06126
 -79.46546,  44.06712
 -79.46717,  44.08958
 -79.48829,  44.11221
 -79.49097,  44.11665
 -79.51585,  44.13489
 -79.52190,  44.13813
 -79.55057,  44.15762
 -79.55284,  44.15984
 -79.58039,  44.18029
 -79.58235,  44.20275
 -79.58346,  44.20422
 -79.59065,  44.22526
 -79.59073,  44.24771
 -79.58513,  44.27011
 -79.58618,  44.29256
 -79.58199,  44.30217
 -79.57098,  44.31488
 -79.56524,  44.33727
 -79.55494,  44.35963
 -79.54948,  44.37644
 -79.54499,  44.38200
 -79.53984,  44.40440
 -79.53494,  44.42680
 -79.53333,  44.44922
 -79.53090,  44.47164
 -79.52840,  44.49406
 -79.53532,  44.51655
 -79.53370,  44.53897
 -79.53362,  44.56141
 -79.52878,  44.58380
 -79.53017,  44.60625
 -79.52832,  44.62867
 -79.52293,  44.65105
 -79.51381,  44.67341
 -79.51329,  44.67414
 -79.48151,  44.68790
 -79.47848,  44.69555
 -79.45850,  44.71782
 -79.44933,  44.72492
 -79.43501,  44.74004
 -79.41729,  44.75078
 -79.38570,  44.75161
 -79.35412,  44.75092
 -79.32247,  44.75413
 -79.29095,  44.75131
 -79.25935,  44.75205
 -79.22777,  44.75145
 -79.20571,  44.73780
 -79.19663,  44.73054
 -79.16735,  44.71496
 -79.16543,  44.71359
 -79.13397,  44.70858
 -79.10271,  44.69493
 -79.09656,  44.69173
 -79.08788,  44.66919
 -79.07211,  44.65402
 -79.06886,  44.64653
 -79.06509,  44.62405
 -79.06416,  44.60161
 -79.06368,  44.57917
 -79.05293,  44.55660
 -79.04824,  44.53411
 -79.04372,  44.52131
 -79.04075,  44.51158
 -79.03792,  44.48911
 -79.03369,  44.46662
 -79.03051,  44.44414
 -79.03159,  44.42171
 -79.03316,  44.39930
 -79.03530,  44.37688
 -79.03970,  44.35448
 -79.04350,  44.33208
 -79.04692,  44.30969
 -79.04774,  44.28725
 -79.04967,  44.26896
 -79.05016,  44.26484
 -79.04984,  44.26148
 -79.04855,  44.24238
 -79.05064,  44.22745
 -79.05196,  44.21997
 -79.05493,  44.19756
 -79.06190,  44.17519
 -79.07416,  44.15289
 -79.08414,  44.13291
 -79.08633,  44.13059
 -79.09541,  44.10825
 -79.10893,  44.08596
 -79.11687,  44.06739
 -79.11903,  44.06363
 -79.11821,  44.04116
 -79.12708,  44.01881
 -79.12704,  43.99636
 -79.13560,  43.97401
 -79.15061,  43.95312
 -79.15130,  43.95174
 -79.15304,  43.92931
 -79.15116,  43.92760
 -79.12686,  43.90656
 -79.12051,  43.90454
 -79.10506,  43.88386
 -79.10079,  43.86135
 -79.09213,  43.83880
 -79.10412,  43.81649
 -79.11170,  43.79412
 -79.12332,  43.77734
 -79.15421,  43.78708
 -79.18540,  43.78301
 -79.19790,  43.77264
 -79.21689,  43.76455
 -79.24805,  43.76082
 -79.27915,  43.76030
 -79.31020,  43.76273
 -79.34109,  43.77295
 -79.37221,  43.77233
 -79.37505,  43.77444
END
END
