 -15.00000, -71.76736,  43.39497
 -71.78911,  43.41520
 -71.79113,  43.41927
 -71.79672,  43.44225
 -71.78291,  43.46025
 -71.77782,  43.46344
 -71.76646,  43.48519
 -71.74737,  43.49232
 -71.71516,  43.50016
 -71.68660,  43.48185
 -71.68187,  43.47901
 -71.65871,  43.45882
 -71.65649,  43.45457
 -71.64899,  43.43143
 -71.66489,  43.41004
 -71.66579,  43.40816
 -71.67651,  43.38832
 -71.70013,  43.38468
 -71.73163,  43.38155
 -71.76117,  43.39252
 -71.76736,  43.39497
END
 -15.00000, -71.37452,  43.36570
 -71.39084,  43.37509
 -71.40214,  43.39038
 -71.41071,  43.41361
 -71.40812,  43.43600
 -71.40762,  43.45854
 -71.39492,  43.48016
 -71.38264,  43.50180
 -71.37183,  43.50690
 -71.33997,  43.51193
 -71.30857,  43.51371
 -71.27839,  43.50718
 -71.24974,  43.49164
 -71.24955,  43.49146
 -71.22858,  43.46742
 -71.22345,  43.45722
 -71.19440,  43.44320
 -71.16337,  43.44266
 -71.15667,  43.43925
 -71.16500,  43.43159
 -71.19734,  43.41983
 -71.19785,  43.41973
 -71.21692,  43.39876
 -71.23348,  43.38877
 -71.23977,  43.37794
 -71.26835,  43.36281
 -71.28363,  43.35874
 -71.30099,  43.35195
 -71.33194,  43.35272
 -71.36196,  43.35995
 -71.37452,  43.36570
END
 -15.00000, -71.37446,  43.97528
 -71.38316,  43.99850
 -71.39191,  44.01529
 -71.39364,  44.02186
 -71.39568,  44.04459
 -71.38498,  44.06285
 -71.38159,  44.06610
 -71.37135,  44.08789
 -71.34882,  44.09542
 -71.32954,  44.10731
 -71.31519,  44.11033
 -71.28719,  44.10410
 -71.28481,  44.10322
 -71.25556,  44.08846
 -71.24669,  44.07844
 -71.23539,  44.05501
 -71.23672,  44.03254
 -71.23715,  44.00999
 -71.24789,  43.98824
 -71.26044,  43.96663
 -71.27480,  43.95800
 -71.30742,  43.94939
 -71.33845,  43.95164
 -71.36766,  43.96630
 -71.37446,  43.97528
END
 -15.00000, -70.74018,  44.19680
 -70.76427,  44.21542
 -70.77011,  44.22178
 -70.77055,  44.24440
 -70.75809,  44.25500
 -70.73457,  44.26409
 -70.72381,  44.28581
 -70.72163,  44.28649
 -70.71790,  44.28534
 -70.71700,  44.26268
 -70.69727,  44.24083
 -70.68629,  44.23763
 -70.69880,  44.23106
 -70.70902,  44.21687
 -70.72276,  44.19539
 -70.73591,  44.19537
 -70.74018,  44.19680
END
 -15.00000, -73.12926,  45.78242
 -73.13711,  45.80536
 -73.15530,  45.81915
 -73.16644,  45.82956
 -73.16455,  45.85192
 -73.15842,  45.87403
 -73.14639,  45.89275
 -73.14388,  45.89565
 -73.11229,  45.90763
 -73.08224,  45.89201
 -73.08195,  45.89154
 -73.06166,  45.86832
 -73.05372,  45.85853
 -73.05011,  45.84516
 -73.05799,  45.82371
 -73.05839,  45.82317
 -73.09240,  45.80606
 -73.10139,  45.80325
 -73.12540,  45.78220
 -73.12761,  45.78159
 -73.12926,  45.78242
END
 -15.00000, -72.78138,  45.78389
 -72.80141,  45.80761
 -72.80186,  45.80848
 -72.81461,  45.83091
 -72.81783,  45.85358
 -72.82594,  45.87317
 -72.82821,  45.87670
 -72.84476,  45.90019
 -72.85400,  45.90667
 -72.88509,  45.91634
 -72.91670,  45.92192
 -72.94332,  45.92866
 -72.94801,  45.92994
 -72.95609,  45.92943
 -72.98085,  45.92575
 -73.00573,  45.93241
 -73.01210,  45.93432
 -73.04176,  45.95582
 -73.04224,  45.95705
 -73.05421,  45.98023
 -73.05506,  46.00276
 -73.04983,  46.02492
 -73.05055,  46.04743
 -73.05627,  46.07024
 -73.05822,  46.08496
 -73.06202,  46.09305
 -73.08704,  46.11407
 -73.10316,  46.11794
 -73.11839,  46.12276
 -73.14951,  46.13340
 -73.16454,  46.14399
 -73.17654,  46.16716
 -73.17769,  46.16834
 -73.18276,  46.18997
 -73.18684,  46.21267
 -73.18474,  46.23501
 -73.18154,  46.25729
 -73.17081,  46.27911
 -73.16283,  46.29045
 -73.15263,  46.30051
 -73.12824,  46.30761
 -73.09548,  46.30961
 -73.06204,  46.31710
 -73.06119,  46.31762
 -73.04388,  46.33906
 -73.03146,  46.36078
 -73.02857,  46.38306
 -73.02789,  46.40548
 -73.01924,  46.42742
 -73.01717,  46.44975
 -73.01030,  46.47156
 -73.01021,  46.47179
 -72.99961,  46.49361
 -72.98273,  46.51507
 -72.97119,  46.52344
 -72.95023,  46.53558
 -72.93641,  46.54049
 -72.90278,  46.54830
 -72.89461,  46.55471
 -72.86741,  46.56969
 -72.86253,  46.57523
 -72.85849,  46.59744
 -72.85255,  46.61954
 -72.84866,  46.64175
 -72.84982,  46.66427
 -72.84625,  46.68650
 -72.84602,  46.70893
 -72.83886,  46.73095
 -72.82262,  46.75241
 -72.81001,  46.76242
 -72.77653,  46.76793
 -72.75321,  46.77065
 -72.74316,  46.77257
 -72.71047,  46.77187
 -72.67652,  46.78081
 -72.65748,  46.78724
 -72.64050,  46.80539
 -72.60788,  46.80413
 -72.58932,  46.78302
 -72.57870,  46.77690
 -72.54649,  46.77262
 -72.51443,  46.76721
 -72.48091,  46.77623
 -72.48035,  46.77688
 -72.46270,  46.79753
 -72.44897,  46.81911
 -72.44812,  46.84151
 -72.45476,  46.86438
 -72.45958,  46.88714
 -72.46479,  46.89247
 -72.49640,  46.90166
 -72.52825,  46.90913
 -72.56187,  46.90343
 -72.58708,  46.89512
 -72.59671,  46.88840
 -72.62331,  46.87491
 -72.63230,  46.86758
 -72.63715,  46.87577
 -72.65178,  46.89912
 -72.66032,  46.90411
 -72.69173,  46.91507
 -72.72401,  46.91945
 -72.75173,  46.92767
 -72.75555,  46.92962
 -72.78639,  46.94513
 -72.79080,  46.95247
 -72.80006,  46.97547
 -72.80374,  46.99813
 -72.80910,  47.02088
 -72.80799,  47.03226
 -72.80704,  47.04319
 -72.80711,  47.06563
 -72.80270,  47.07305
 -72.79412,  47.08728
 -72.78122,  47.10893
 -72.76389,  47.11817
 -72.73000,  47.12525
 -72.72086,  47.12771
 -72.69571,  47.13525
 -72.66579,  47.14679
 -72.66092,  47.14898
 -72.63219,  47.16716
 -72.62275,  47.18901
 -72.62247,  47.19010
 -72.61379,  47.21089
 -72.60094,  47.23253
 -72.59256,  47.25444
 -72.57801,  47.27565
 -72.57771,  47.27595
 -72.54486,  47.29635
 -72.54211,  47.29684
 -72.50813,  47.30350
 -72.47514,  47.30290
 -72.44125,  47.30895
 -72.43230,  47.31176
 -72.40620,  47.32325
 -72.37466,  47.33055
 -72.37725,  47.35315
 -72.37975,  47.37574
 -72.38150,  47.39827
 -72.38771,  47.42109
 -72.39095,  47.43439
 -72.39169,  47.44377
 -72.38883,  47.44975
 -72.37546,  47.46517
 -72.35075,  47.48529
 -72.34985,  47.48598
 -72.31559,  47.49955
 -72.29506,  47.48250
 -72.28642,  47.47071
 -72.27977,  47.45910
 -72.25803,  47.43653
 -72.25753,  47.43525
 -72.25869,  47.43179
 -72.27146,  47.41371
 -72.26425,  47.39199
 -72.26412,  47.39081
 -72.26483,  47.38784
 -72.27318,  47.36897
 -72.27563,  47.34669
 -72.27169,  47.33867
 -72.24039,  47.32573
 -72.20749,  47.32441
 -72.17431,  47.32500
 -72.14108,  47.32594
 -72.10688,  47.33362
 -72.07475,  47.32684
 -72.04501,  47.33173
 -72.04077,  47.33291
 -72.00779,  47.33203
 -71.98146,  47.34997
 -71.97147,  47.35428
 -71.93829,  47.35467
 -71.90427,  47.36082
 -71.88595,  47.36605
 -71.86874,  47.37720
 -71.86266,  47.38692
 -71.86500,  47.40281
 -71.86655,  47.40963
 -71.86346,  47.41330
 -71.85627,  47.43138
 -71.85969,  47.43904
 -71.87674,  47.45519
 -71.88840,  47.46956
 -71.89562,  47.47889
 -71.91738,  47.49840
 -71.93128,  47.50369
 -71.94891,  47.50998
 -71.97939,  47.52878
 -71.97971,  47.52934
 -71.97969,  47.55176
 -71.99009,  47.57487
 -71.99566,  47.59767
 -72.00006,  47.61562
 -72.00094,  47.62045
 -72.00323,  47.64302
 -71.99754,  47.66506
 -71.99473,  47.68731
 -71.98826,  47.69705
 -71.97641,  47.70852
 -71.95154,  47.72930
 -71.95014,  47.72994
 -71.91563,  47.73796
 -71.89725,  47.74813
 -71.88026,  47.75178
 -71.84885,  47.76733
 -71.84395,  47.77183
 -71.81103,  47.78722
 -71.80698,  47.79612
 -71.80081,  47.80896
 -71.78303,  47.83018
 -71.76871,  47.85163
 -71.76492,  47.85431
 -71.73075,  47.85937
 -71.69920,  47.84699
 -71.69888,  47.84692
 -71.66847,  47.82920
 -71.66808,  47.82241
 -71.65695,  47.79922
 -71.64240,  47.78083
 -71.63766,  47.77548
 -71.61308,  47.75412
 -71.61037,  47.75119
 -71.60230,  47.72820
 -71.60446,  47.70592
 -71.60436,  47.68348
 -71.60089,  47.66081
 -71.60428,  47.63861
 -71.60297,  47.61609
 -71.60221,  47.60606
 -71.60049,  47.59348
 -71.60487,  47.57134
 -71.60859,  47.56393
 -71.61518,  47.54962
 -71.62156,  47.52761
 -71.63276,  47.50595
 -71.63483,  47.48365
 -71.63514,  47.46123
 -71.64150,  47.43923
 -71.64536,  47.41705
 -71.65643,  47.39536
 -71.66474,  47.37348
 -71.67123,  47.36826
 -71.70571,  47.35928
 -71.73303,  47.35571
 -71.73945,  47.35522
 -71.77271,  47.35436
 -71.80727,  47.34464
 -71.83163,  47.33996
 -71.84122,  47.33894
 -71.86343,  47.31965
 -71.87885,  47.29824
 -71.88081,  47.27593
 -71.87383,  47.25302
 -71.87400,  47.23058
 -71.89242,  47.20937
 -71.89360,  47.20684
 -71.90873,  47.18803
 -71.93024,  47.18203
 -71.96194,  47.19122
 -71.99522,  47.18944
 -72.02771,  47.17350
 -72.03075,  47.17198
 -72.05474,  47.15284
 -72.06778,  47.13124
 -72.06982,  47.12939
 -72.10274,  47.12996
 -72.13690,  47.12163
 -72.16377,  47.11509
 -72.17101,  47.11371
 -72.19403,  47.09461
 -72.20171,  47.07266
 -72.20947,  47.05072
 -72.20944,  47.02827
 -72.21030,  47.00588
 -72.20390,  46.98301
 -72.19234,  46.96137
 -72.19099,  46.95973
 -72.17828,  46.93645
 -72.16953,  46.91342
 -72.16692,  46.90804
 -72.13721,  46.88885
 -72.13683,  46.88830
 -72.11658,  46.86504
 -72.10883,  46.85387
 -72.09914,  46.84143
 -72.09908,  46.81897
 -72.10299,  46.79676
 -72.08701,  46.77575
 -72.08560,  46.77316
 -72.05713,  46.75518
 -72.04428,  46.74795
 -72.03147,  46.72463
 -72.02922,  46.72081
 -72.00639,  46.72296
 -71.99615,  46.72293
 -71.96369,  46.72071
 -71.93077,  46.72172
 -71.89798,  46.72183
 -71.86517,  46.72212
 -71.85846,  46.71298
 -71.84872,  46.68985
 -71.84376,  46.66704
 -71.84475,  46.64464
 -71.84438,  46.63936
 -71.84303,  46.62204
 -71.84380,  46.59962
 -71.84527,  46.57725
 -71.85015,  46.55510
 -71.85021,  46.53263
 -71.85260,  46.51031
 -71.85092,  46.48772
 -71.85127,  46.46526
 -71.85140,  46.44280
 -71.85046,  46.42025
 -71.85341,  46.39797
 -71.85640,  46.37569
 -71.86125,  46.35354
 -71.86568,  46.33136
 -71.88010,  46.30986
 -71.88696,  46.28784
 -71.89595,  46.26597
 -71.89526,  46.24343
 -71.90225,  46.23664
 -71.92011,  46.22263
 -71.93855,  46.20999
 -71.97120,  46.20896
 -71.98246,  46.20437
 -72.00536,  46.19706
 -72.03944,  46.18577
 -72.03947,  46.18574
 -72.06260,  46.16480
 -72.07537,  46.16105
 -72.10811,  46.15911
 -72.14077,  46.15765
 -72.17282,  46.16061
 -72.20505,  46.16233
 -72.23737,  46.16341
 -72.26913,  46.16850
 -72.30013,  46.17931
 -72.33262,  46.17912
 -72.36578,  46.17386
 -72.39852,  46.17181
 -72.43147,  46.16813
 -72.46377,  46.16935
 -72.49527,  46.17660
 -72.52691,  46.17261
 -72.52827,  46.17251
 -72.56133,  46.16791
 -72.59509,  46.15791
 -72.60191,  46.15486
 -72.62993,  46.13955
 -72.63360,  46.13438
 -72.63116,  46.13015
 -72.61809,  46.11092
 -72.61569,  46.08830
 -72.61465,  46.06576
 -72.61038,  46.04301
 -72.61514,  46.02083
 -72.61783,  45.99852
 -72.62143,  45.97627
 -72.63907,  45.95489
 -72.64477,  45.93277
 -72.64861,  45.91053
 -72.64943,  45.88810
 -72.65086,  45.86570
 -72.65095,  45.84323
 -72.65501,  45.82100
 -72.66611,  45.79921
 -72.67653,  45.77983
 -72.67932,  45.77755
 -72.70972,  45.77238
 -72.74169,  45.77451
 -72.77341,  45.77863
 -72.78138,  45.78389
END
 -15.00000, -73.33469,  45.99657
 -73.34916,  46.01987
 -73.35508,  46.03957
 -73.35521,  46.04267
 -73.35461,  46.04352
 -73.33380,  46.06392
 -73.32278,  46.08575
 -73.31683,  46.08914
 -73.30567,  46.08477
 -73.28732,  46.06501
 -73.28303,  46.06100
 -73.25764,  46.04250
 -73.25500,  46.03693
 -73.25925,  46.02908
 -73.27845,  46.01582
 -73.29531,  45.99803
 -73.30158,  45.99467
 -73.32861,  45.98981
 -73.33469,  45.99657
END
 -15.00000, -72.06015,  46.63668
 -72.06623,  46.65955
 -72.06963,  46.66665
 -72.07677,  46.68272
 -72.09800,  46.69776
 -72.13047,  46.69977
 -72.14335,  46.68711
 -72.14641,  46.66485
 -72.16715,  46.64375
 -72.13998,  46.63177
 -72.10901,  46.61934
 -72.07607,  46.62101
 -72.06015,  46.63668
END
 -15.00000, -71.80268,  46.75412
 -71.80888,  46.77700
 -71.81406,  46.79983
 -71.81311,  46.82224
 -71.80965,  46.84447
 -71.80231,  46.86644
 -71.79026,  46.88807
 -71.77290,  46.90485
 -71.76017,  46.90848
 -71.73894,  46.91214
 -71.70570,  46.91449
 -71.67353,  46.90969
 -71.65134,  46.90097
 -71.64297,  46.89407
 -71.61510,  46.87598
 -71.61325,  46.87291
 -71.58450,  46.87385
 -71.58018,  46.87422
 -71.54591,  46.88355
 -71.52110,  46.89186
 -71.51162,  46.89293
 -71.50844,  46.89098
 -71.49844,  46.86779
 -71.48483,  46.85267
 -71.48102,  46.84409
 -71.48680,  46.82203
 -71.49023,  46.81694
 -71.50730,  46.80099
 -71.52386,  46.77969
 -71.52898,  46.77773
 -71.53980,  46.78082
 -71.55912,  46.79558
 -71.59145,  46.79894
 -71.62572,  46.78683
 -71.62613,  46.78649
 -71.63766,  46.76519
 -71.66473,  46.74744
 -71.66991,  46.74497
 -71.69946,  46.73431
 -71.73287,  46.73013
 -71.76558,  46.73063
 -71.79614,  46.74588
 -71.80268,  46.75412
END
 -15.00000, -70.78630,  46.77046
 -70.79882,  46.79391
 -70.80227,  46.80455
 -70.80469,  46.81685
 -70.81036,  46.83978
 -70.80747,  46.86205
 -70.81543,  46.88514
 -70.82044,  46.89498
 -70.82800,  46.90859
 -70.83767,  46.93181
 -70.84651,  46.93712
 -70.87681,  46.95341
 -70.90883,  46.95911
 -70.94154,  46.96061
 -70.97514,  46.95650
 -71.00893,  46.95115
 -71.04243,  46.94755
 -71.07450,  46.95301
 -71.09270,  46.95088
 -71.10835,  46.94719
 -71.14104,  46.94872
 -71.16624,  46.95628
 -71.17253,  46.95789
 -71.20332,  46.97165
 -71.21824,  46.98255
 -71.22662,  47.00563
 -71.22963,  47.01407
 -71.23520,  47.02873
 -71.23434,  47.05114
 -71.24246,  47.07420
 -71.24580,  47.09691
 -71.24817,  47.10662
 -71.25355,  47.11994
 -71.25992,  47.14287
 -71.26088,  47.16540
 -71.25579,  47.18750
 -71.25385,  47.20983
 -71.24762,  47.23184
 -71.24390,  47.25403
 -71.23872,  47.27612
 -71.22675,  47.29772
 -71.21722,  47.30424
 -71.20206,  47.31839
 -71.18466,  47.33960
 -71.17789,  47.34349
 -71.14548,  47.33884
 -71.11031,  47.35160
 -71.09970,  47.35587
 -71.07545,  47.36226
 -71.05670,  47.37518
 -71.04469,  47.39676
 -71.03493,  47.40814
 -71.01798,  47.41726
 -70.99815,  47.43033
 -70.96542,  47.42747
 -70.93200,  47.43336
 -70.93111,  47.43425
 -70.90694,  47.45395
 -70.90730,  47.47644
 -70.92073,  47.49809
 -70.95641,  47.48308
 -70.98897,  47.48723
 -71.01494,  47.50687
 -71.01844,  47.51057
 -71.02074,  47.52975
 -71.01666,  47.55191
 -71.01051,  47.55971
 -70.99898,  47.57306
 -70.99821,  47.59545
 -71.00275,  47.60771
 -71.00643,  47.61851
 -71.01080,  47.64128
 -71.00443,  47.66327
 -71.00450,  47.68571
 -70.98673,  47.70655
 -70.98632,  47.70683
 -70.95680,  47.72710
 -70.94943,  47.73075
 -70.91431,  47.74138
 -70.90734,  47.74590
 -70.87817,  47.75819
 -70.87209,  47.76573
 -70.86663,  47.78777
 -70.86203,  47.80987
 -70.85087,  47.83149
 -70.85559,  47.85428
 -70.85917,  47.87351
 -70.86095,  47.87712
 -70.88168,  47.90110
 -70.88712,  47.90699
 -70.91789,  47.92346
 -70.92588,  47.92682
 -70.94763,  47.94632
 -70.95422,  47.95133
 -70.97314,  47.97516
 -70.97394,  47.99030
 -70.97367,  47.99763
 -70.98363,  48.02079
 -70.98212,  48.04311
 -70.97677,  48.06515
 -70.95888,  48.08627
 -70.95810,  48.08701
 -70.94398,  48.10761
 -70.91920,  48.11935
 -70.90881,  48.12746
 -70.89215,  48.14865
 -70.87990,  48.15380
 -70.86588,  48.16914
 -70.85933,  48.19109
 -70.85271,  48.21302
 -70.84705,  48.23503
 -70.84484,  48.25729
 -70.84290,  48.27957
 -70.84122,  48.30186
 -70.82182,  48.32285
 -70.81702,  48.32925
 -70.80323,  48.34390
 -70.77856,  48.35751
 -70.75446,  48.36270
 -70.74340,  48.36590
 -70.70860,  48.37213
 -70.67956,  48.37953
 -70.67862,  48.40188
 -70.66822,  48.41111
 -70.66164,  48.42303
 -70.65784,  48.44516
 -70.66003,  48.45925
 -70.66544,  48.46814
 -70.66357,  48.49043
 -70.66853,  48.51321
 -70.66974,  48.53572
 -70.66103,  48.55748
 -70.65592,  48.57950
 -70.65353,  48.60173
 -70.64717,  48.62366
 -70.64662,  48.64603
 -70.64833,  48.66857
 -70.65051,  48.69114
 -70.65294,  48.69888
 -70.66167,  48.71437
 -70.66915,  48.73733
 -70.66219,  48.75921
 -70.65800,  48.78130
 -70.65616,  48.80356
 -70.65054,  48.82554
 -70.64853,  48.84778
 -70.63873,  48.86945
 -70.63301,  48.89142
 -70.61647,  48.91081
 -70.61452,  48.91243
 -70.57990,  48.92520
 -70.56385,  48.93103
 -70.54412,  48.93497
 -70.51025,  48.93370
 -70.47461,  48.94258
 -70.46721,  48.94614
 -70.43916,  48.95029
 -70.40456,  48.95309
 -70.37037,  48.95357
 -70.33698,  48.94952
 -70.30240,  48.95217
 -70.28239,  48.95442
 -70.26760,  48.95603
 -70.23399,  48.95320
 -70.20023,  48.95123
 -70.16551,  48.95458
 -70.13215,  48.95042
 -70.09776,  48.95189
 -70.07745,  48.96087
 -70.06114,  48.96558
 -70.02555,  48.97358
 -69.99950,  48.97712
 -69.99032,  48.97953
 -69.95669,  48.97678
 -69.94489,  48.97278
 -69.92397,  48.96910
 -69.91616,  48.97049
 -69.88708,  48.98391
 -69.86388,  48.98872
 -69.85106,  49.01010
 -69.84521,  49.02530
 -69.84219,  49.03180
 -69.82996,  49.05322
 -69.82313,  49.07508
 -69.80692,  49.09618
 -69.79636,  49.10347
 -69.77173,  49.11575
 -69.75941,  49.11797
 -69.72426,  49.12282
 -69.68931,  49.12655
 -69.65575,  49.12296
 -69.62327,  49.11373
 -69.59019,  49.10765
 -69.55624,  49.10621
 -69.52202,  49.10612
 -69.48968,  49.09628
 -69.47241,  49.09125
 -69.45776,  49.08434
 -69.44235,  49.06633
 -69.43189,  49.04304
 -69.43167,  49.04244
 -69.41393,  49.01912
 -69.40462,  49.00570
 -69.39594,  48.99519
 -69.37614,  48.97646
 -69.34339,  48.96915
 -69.33765,  48.96786
 -69.31052,  48.96255
 -69.27675,  48.96058
 -69.24427,  48.95203
 -69.21178,  48.94357
 -69.20319,  48.93403
 -69.19518,  48.91090
 -69.19086,  48.88810
 -69.18935,  48.88432
 -69.17374,  48.86420
 -69.17027,  48.84145
 -69.16790,  48.82042
 -69.16505,  48.81856
 -69.13743,  48.80219
 -69.12727,  48.79287
 -69.10648,  48.78648
 -69.07416,  48.77768
 -69.06911,  48.76540
 -69.05875,  48.74205
 -69.04979,  48.72915
 -69.04543,  48.71844
 -69.03497,  48.69508
 -69.03220,  48.67237
 -69.03195,  48.64990
 -69.03282,  48.64375
 -69.03460,  48.62768
 -69.03105,  48.60491
 -69.03522,  48.58281
 -69.03897,  48.56068
 -69.04074,  48.53837
 -69.04904,  48.51663
 -69.05847,  48.49499
 -69.06473,  48.47307
 -69.06863,  48.46375
 -69.07887,  48.45183
 -69.07381,  48.43761
 -69.07362,  48.42891
 -69.07444,  48.40651
 -69.07477,  48.38407
 -69.06898,  48.36110
 -69.05786,  48.34726
 -69.05502,  48.33739
 -69.06092,  48.31543
 -69.05910,  48.29280
 -69.05663,  48.27011
 -69.05505,  48.24749
 -69.05614,  48.22511
 -69.06410,  48.20333
 -69.08188,  48.18240
 -69.09142,  48.17725
 -69.11772,  48.16305
 -69.12839,  48.16064
 -69.16206,  48.16080
 -69.18805,  48.14670
 -69.20063,  48.13583
 -69.21510,  48.12656
 -69.23931,  48.11005
 -69.25114,  48.10720
 -69.27426,  48.10343
 -69.30807,  48.10268
 -69.33734,  48.09214
 -69.34492,  48.08607
 -69.35629,  48.07129
 -69.36695,  48.04972
 -69.37431,  48.02787
 -69.37035,  48.00505
 -69.37038,  47.98257
 -69.38219,  47.96110
 -69.38959,  47.93924
 -69.40681,  47.91824
 -69.41126,  47.91474
 -69.42674,  47.89745
 -69.44521,  47.87654
 -69.45372,  47.86772
 -69.47540,  47.85663
 -69.49082,  47.84869
 -69.52589,  47.84039
 -69.52785,  47.83859
 -69.52794,  47.82949
 -69.52505,  47.81587
 -69.53143,  47.81091
 -69.53818,  47.79449
 -69.53700,  47.78120
 -69.52781,  47.77112
 -69.51566,  47.74760
 -69.51105,  47.74121
 -69.48965,  47.72290
 -69.48155,  47.72029
 -69.45692,  47.69762
 -69.45323,  47.69322
 -69.44310,  47.67394
 -69.43758,  47.65097
 -69.43929,  47.62862
 -69.44773,  47.60684
 -69.45935,  47.58534
 -69.47683,  47.56786
 -69.48637,  47.56515
 -69.51125,  47.56214
 -69.54506,  47.55964
 -69.57842,  47.55949
 -69.61265,  47.55470
 -69.61450,  47.55354
 -69.63654,  47.53289
 -69.64843,  47.51141
 -69.65083,  47.48911
 -69.65822,  47.46724
 -69.65904,  47.44481
 -69.66428,  47.42275
 -69.67285,  47.40097
 -69.67534,  47.39545
 -69.68923,  47.37984
 -69.71295,  47.37157
 -69.74711,  47.36647
 -69.75549,  47.36290
 -69.78217,  47.35631
 -69.81707,  47.34703
 -69.81865,  47.34567
 -69.84258,  47.32516
 -69.85477,  47.32217
 -69.88892,  47.31681
 -69.92235,  47.31548
 -69.95287,  47.31178
 -69.95631,  47.31108
 -69.99089,  47.30326
 -70.02433,  47.30178
 -70.05794,  47.29929
 -70.07586,  47.29933
 -70.09113,  47.29917
 -70.09786,  47.30111
 -70.12317,  47.30560
 -70.13402,  47.30404
 -70.15814,  47.29531
 -70.18201,  47.28542
 -70.19476,  47.27552
 -70.20981,  47.26515
 -70.22719,  47.24405
 -70.23433,  47.22214
 -70.23960,  47.20820
 -70.24327,  47.20036
 -70.26239,  47.17939
 -70.27917,  47.17088
 -70.31311,  47.16592
 -70.34618,  47.16602
 -70.37915,  47.16661
 -70.41031,  47.17786
 -70.44227,  47.18451
 -70.47702,  47.17388
 -70.47717,  47.17379
 -70.47729,  47.17390
 -70.47608,  47.19630
 -70.47278,  47.19971
 -70.46111,  47.21761
 -70.45787,  47.23984
 -70.46457,  47.24811
 -70.49572,  47.25973
 -70.51571,  47.26684
 -70.51974,  47.28964
 -70.52347,  47.29158
 -70.52666,  47.29018
 -70.52908,  47.26788
 -70.54449,  47.24660
 -70.54752,  47.22435
 -70.54107,  47.20137
 -70.53977,  47.19493
 -70.53276,  47.17823
 -70.52211,  47.15492
 -70.52208,  47.13243
 -70.54566,  47.11177
 -70.55579,  47.09008
 -70.55795,  47.08678
 -70.56818,  47.06855
 -70.57672,  47.04672
 -70.57902,  47.02441
 -70.57650,  47.00172
 -70.57503,  46.98480
 -70.57247,  46.97892
 -70.56187,  46.95559
 -70.55875,  46.93286
 -70.55325,  46.91796
 -70.55042,  46.90971
 -70.52547,  46.88720
 -70.52345,  46.88511
 -70.52051,  46.86237
 -70.52341,  46.84010
 -70.52706,  46.81788
 -70.53397,  46.79592
 -70.54102,  46.79428
 -70.57649,  46.77675
 -70.57683,  46.77668
 -70.61069,  46.77064
 -70.64524,  46.76037
 -70.64661,  46.75970
 -70.67929,  46.75302
 -70.71233,  46.75180
 -70.74507,  46.75242
 -70.77615,  46.76319
 -70.78630,  46.77046
END
 -15.00000, -72.51152,  47.56334
 -72.53889,  47.56613
 -72.56982,  47.58310
 -72.57281,  47.58953
 -72.58697,  47.61281
 -72.59523,  47.63573
 -72.59522,  47.64122
 -72.59457,  47.65810
 -72.59519,  47.68055
 -72.58997,  47.70263
 -72.58462,  47.71988
 -72.58251,  47.72459
 -72.58025,  47.74685
 -72.58042,  47.75095
 -72.57974,  47.76922
 -72.58344,  47.79185
 -72.59016,  47.81467
 -72.58727,  47.83689
 -72.57781,  47.85871
 -72.56413,  47.87124
 -72.55209,  47.87954
 -72.52684,  47.89977
 -72.49572,  47.88306
 -72.48304,  47.87530
 -72.46535,  47.86098
 -72.45973,  47.85145
 -72.45486,  47.82875
 -72.45690,  47.80647
 -72.46478,  47.78455
 -72.46203,  47.76198
 -72.46408,  47.73969
 -72.45165,  47.71799
 -72.45123,  47.71649
 -72.44132,  47.69346
 -72.43542,  47.67068
 -72.43481,  47.64824
 -72.43670,  47.62594
 -72.44341,  47.60394
 -72.45369,  47.58217
 -72.47215,  47.56829
 -72.50453,  47.56292
 -72.50613,  47.56274
 -72.51152,  47.56334
END
 -15.00000, -71.31881,  47.77571
 -71.34207,  47.78027
 -71.37281,  47.79724
 -71.37491,  47.80211
 -71.38754,  47.82542
 -71.38680,  47.84781
 -71.37247,  47.86923
 -71.35974,  47.88087
 -71.35124,  47.89017
 -71.32274,  47.90351
 -71.29166,  47.88847
 -71.28793,  47.88569
 -71.27998,  47.86269
 -71.26416,  47.85082
 -71.25939,  47.83879
 -71.26899,  47.82024
 -71.27373,  47.81738
 -71.28693,  47.79589
 -71.30791,  47.77494
 -71.30959,  47.77452
 -71.31881,  47.77571
END
 -15.00000, -69.36790,  47.62248
 -69.36794,  47.64499
 -69.36156,  47.64801
 -69.34555,  47.64305
 -69.36166,  47.62194
 -69.36657,  47.62167
 -69.36790,  47.62248
END
 -15.00000, -69.47801,  47.78938
 -69.46806,  47.79182
 -69.46656,  47.78841
 -69.47162,  47.77299
 -69.47801,  47.78938
END
 -15.00000, -72.34559,  48.18029
 -72.35285,  48.18894
 -72.36700,  48.20401
 -72.38248,  48.21721
 -72.38706,  48.22764
 -72.38488,  48.24989
 -72.37499,  48.27069
 -72.37419,  48.27161
 -72.37453,  48.27402
 -72.37585,  48.29409
 -72.37914,  48.31667
 -72.37376,  48.33872
 -72.36499,  48.34198
 -72.33044,  48.34824
 -72.30641,  48.35691
 -72.29460,  48.36354
 -72.27753,  48.37748
 -72.26759,  48.39923
 -72.26203,  48.42126
 -72.26638,  48.44391
 -72.28045,  48.46320
 -72.28665,  48.46755
 -72.30865,  48.49130
 -72.31012,  48.49189
 -72.31631,  48.49177
 -72.34437,  48.48840
 -72.37751,  48.49274
 -72.39905,  48.47453
 -72.41608,  48.45321
 -72.41635,  48.43085
 -72.42034,  48.40873
 -72.42513,  48.39363
 -72.45709,  48.40606
 -72.49241,  48.39439
 -72.49707,  48.39106
 -72.52757,  48.38378
 -72.53691,  48.39348
 -72.55252,  48.41679
 -72.55582,  48.42334
 -72.55885,  48.43954
 -72.55267,  48.44628
 -72.53549,  48.46050
 -72.52261,  48.48208
 -72.51371,  48.48417
 -72.50573,  48.48106
 -72.48273,  48.46424
 -72.44727,  48.47657
 -72.44562,  48.47739
 -72.42742,  48.49864
 -72.42606,  48.52093
 -72.42399,  48.54317
 -72.41802,  48.56517
 -72.42150,  48.58774
 -72.41399,  48.60965
 -72.41917,  48.63233
 -72.42118,  48.65482
 -72.40992,  48.67648
 -72.40395,  48.69847
 -72.38009,  48.71436
 -72.36903,  48.71869
 -72.34443,  48.72690
 -72.30990,  48.73133
 -72.29308,  48.73634
 -72.27388,  48.74620
 -72.25105,  48.75609
 -72.23761,  48.76260
 -72.22034,  48.77653
 -72.20406,  48.79786
 -72.19817,  48.81985
 -72.19433,  48.84196
 -72.19111,  48.84959
 -72.18252,  48.86357
 -72.17783,  48.88563
 -72.14931,  48.90327
 -72.14363,  48.90583
 -72.11369,  48.91432
 -72.07927,  48.91705
 -72.06487,  48.92319
 -72.04224,  48.93745
 -72.02367,  48.94291
 -72.00655,  48.94869
 -71.97214,  48.95121
 -71.93901,  48.94510
 -71.90410,  48.95093
 -71.87305,  48.95556
 -71.86925,  48.95631
 -71.83521,  48.95619
 -71.80167,  48.95294
 -71.78323,  48.94969
 -71.76878,  48.94530
 -71.73643,  48.93428
 -71.70300,  48.93027
 -71.66937,  48.92765
 -71.66293,  48.91936
 -71.64287,  48.89566
 -71.64114,  48.89009
 -71.63307,  48.87264
 -71.63029,  48.85009
 -71.62933,  48.82766
 -71.63448,  48.80563
 -71.63486,  48.78328
 -71.64504,  48.76160
 -71.65487,  48.73988
 -71.66724,  48.72086
 -71.67303,  48.71872
 -71.70243,  48.71253
 -71.73789,  48.70067
 -71.73817,  48.70055
 -71.75546,  48.67946
 -71.75925,  48.65734
 -71.78107,  48.64114
 -71.78358,  48.63657
 -71.78266,  48.63069
 -71.77065,  48.61334
 -71.77414,  48.59119
 -71.78828,  48.56975
 -71.79246,  48.56591
 -71.80949,  48.54877
 -71.83117,  48.53336
 -71.83526,  48.52808
 -71.86849,  48.50789
 -71.86880,  48.50774
 -71.90360,  48.50089
 -71.93788,  48.49749
 -71.96751,  48.49197
 -71.97484,  48.47598
 -71.97657,  48.47018
 -71.99918,  48.44926
 -72.00336,  48.42715
 -72.00851,  48.40511
 -72.00716,  48.38263
 -72.00201,  48.35992
 -72.00546,  48.33775
 -72.02009,  48.31631
 -72.03313,  48.30857
 -72.05515,  48.29618
 -72.06351,  48.27434
 -72.05930,  48.25167
 -72.06182,  48.22945
 -72.06950,  48.20755
 -72.08140,  48.18592
 -72.08496,  48.18344
 -72.12022,  48.17189
 -72.15305,  48.17703
 -72.18584,  48.18256
 -72.21527,  48.19448
 -72.21754,  48.19582
 -72.21911,  48.19472
 -72.25329,  48.18060
 -72.27053,  48.17558
 -72.28795,  48.17294
 -72.32224,  48.16788
 -72.34559,  48.18029
END
 -15.00000, -71.39054,  48.78905
 -71.39752,  48.81191
 -71.40147,  48.83455
 -71.39877,  48.85674
 -71.38445,  48.87813
 -71.36820,  48.89495
 -71.36298,  48.89902
 -71.33292,  48.90279
 -71.30458,  48.89497
 -71.30046,  48.89296
 -71.27196,  48.87034
 -71.27026,  48.86922
 -71.25018,  48.84644
 -71.25139,  48.82415
 -71.26627,  48.80281
 -71.28320,  48.78875
 -71.28953,  48.78205
 -71.32034,  48.76893
 -71.35349,  48.77398
 -71.38573,  48.78484
 -71.39054,  48.78905
END
 -15.00000, -70.93487,  48.77924
 -70.94431,  48.78348
 -70.97504,  48.80300
 -70.97585,  48.80459
 -70.99866,  48.82861
 -71.00018,  48.85111
 -70.98988,  48.87275
 -70.96476,  48.89333
 -70.95966,  48.89551
 -70.92367,  48.90709
 -70.89198,  48.89299
 -70.85885,  48.88755
 -70.85624,  48.88547
 -70.84824,  48.86250
 -70.84182,  48.83965
 -70.84647,  48.81759
 -70.87324,  48.79715
 -70.87416,  48.79649
 -70.89557,  48.77639
 -70.91198,  48.77360
 -70.93487,  48.77924
END
 -15.00000, -71.58531,  48.95890
 -71.59480,  48.96935
 -71.60017,  48.98226
 -71.60110,  49.00468
 -71.60691,  49.02743
 -71.60627,  49.04974
 -71.59658,  49.07145
 -71.58884,  49.09328
 -71.57447,  49.09958
 -71.54016,  49.10065
 -71.50652,  49.09746
 -71.48393,  49.08621
 -71.47534,  49.07869
 -71.46923,  49.06286
 -71.46273,  49.04005
 -71.46168,  49.01762
 -71.46354,  48.99538
 -71.46691,  48.97325
 -71.48133,  48.95187
 -71.49680,  48.94272
 -71.53162,  48.93781
 -71.56470,  48.94403
 -71.58531,  48.95890
END
 -15.00000, -72.13224,  49.12856
 -72.14959,  49.13450
 -72.18201,  49.14629
 -72.18822,  49.15442
 -72.20842,  49.17801
 -72.21069,  49.18391
 -72.22021,  49.20107
 -72.22641,  49.22379
 -72.23022,  49.24635
 -72.23014,  49.26867
 -72.23169,  49.27453
 -72.23692,  49.29142
 -72.24723,  49.31438
 -72.25858,  49.32506
 -72.29130,  49.33570
 -72.30219,  49.34009
 -72.32381,  49.34776
 -72.35732,  49.35303
 -72.38989,  49.36486
 -72.39437,  49.36803
 -72.41525,  49.39161
 -72.41924,  49.39940
 -72.43163,  49.41491
 -72.42937,  49.43709
 -72.42744,  49.45928
 -72.41132,  49.48062
 -72.40726,  49.48338
 -72.39244,  49.50179
 -72.36897,  49.51088
 -72.33392,  49.51565
 -72.30136,  49.51857
 -72.29910,  49.51879
 -72.29321,  49.51807
 -72.26537,  49.51440
 -72.23109,  49.51383
 -72.23000,  49.51419
 -72.19839,  49.53455
 -72.19338,  49.53655
 -72.15835,  49.54101
 -72.12317,  49.54638
 -72.08866,  49.54716
 -72.07954,  49.54946
 -72.05254,  49.55869
 -72.03835,  49.56918
 -72.02193,  49.59046
 -72.02791,  49.61315
 -72.02635,  49.63536
 -72.02301,  49.65746
 -72.01996,  49.67958
 -72.00491,  49.70093
 -71.99511,  49.71170
 -71.98065,  49.72171
 -71.95781,  49.73020
 -71.92757,  49.74065
 -71.92145,  49.74235
 -71.90915,  49.73948
 -71.88812,  49.73456
 -71.87227,  49.73712
 -71.85274,  49.74022
 -71.83046,  49.73444
 -71.81992,  49.72921
 -71.78665,  49.72121
 -71.75214,  49.72119
 -71.71825,  49.71723
 -71.68420,  49.71428
 -71.65028,  49.71056
 -71.61613,  49.70824
 -71.58088,  49.71297
 -71.56013,  49.71677
 -71.54545,  49.71875
 -71.51067,  49.72037
 -71.47718,  49.71393
 -71.47211,  49.71090
 -71.45413,  49.68737
 -71.44833,  49.67867
 -71.44206,  49.66423
 -71.43445,  49.64140
 -71.43244,  49.61894
 -71.43894,  49.59705
 -71.44202,  49.57493
 -71.45171,  49.55326
 -71.45652,  49.53125
 -71.45872,  49.50907
 -71.46753,  49.48733
 -71.46803,  49.46503
 -71.46830,  49.44271
 -71.47697,  49.42096
 -71.48860,  49.39941
 -71.49368,  49.39481
 -71.51511,  49.37885
 -71.53160,  49.37207
 -71.56618,  49.37029
 -71.58605,  49.36126
 -71.59758,  49.33969
 -71.60709,  49.32821
 -71.61280,  49.31837
 -71.61617,  49.29625
 -71.62011,  49.27416
 -71.62322,  49.25203
 -71.62273,  49.22965
 -71.62262,  49.22887
 -71.61714,  49.20694
 -71.62927,  49.18621
 -71.62968,  49.18542
 -71.62959,  49.18416
 -71.62286,  49.16262
 -71.63423,  49.14103
 -71.63763,  49.13255
 -71.64195,  49.11919
 -71.67602,  49.10524
 -71.70954,  49.10922
 -71.74443,  49.10438
 -71.74807,  49.10386
 -71.77952,  49.09814
 -71.81447,  49.09280
 -71.84798,  49.09688
 -71.88068,  49.10630
 -71.91409,  49.11117
 -71.94862,  49.10848
 -71.98338,  49.10428
 -72.01811,  49.10020
 -72.05067,  49.11082
 -72.08347,  49.11983
 -72.11704,  49.12364
 -72.13224,  49.12856
END
 -15.00000, -68.93980,  49.00105
 -68.95854,  49.01332
 -68.97356,  49.02642
 -68.97919,  49.04935
 -68.95985,  49.07011
 -68.94434,  49.08337
 -68.91706,  49.08882
 -68.90897,  49.08887
 -68.90790,  49.08802
 -68.89941,  49.06484
 -68.88366,  49.04502
 -68.88317,  49.04098
 -68.88614,  49.03285
 -68.89853,  49.01988
 -68.91912,  48.99924
 -68.92893,  48.99065
 -68.93980,  49.00105
END
 -15.00000, -69.18184,  49.15650
 -69.19134,  49.17972
 -69.19663,  49.19264
 -69.19894,  49.20279
 -69.20389,  49.22563
 -69.20443,  49.24809
 -69.19270,  49.26951
 -69.18565,  49.29132
 -69.17628,  49.29479
 -69.14204,  49.29414
 -69.10654,  49.29969
 -69.07258,  49.29767
 -69.04110,  49.28334
 -69.03439,  49.27840
 -69.02703,  49.25535
 -69.02126,  49.23243
 -69.03043,  49.21080
 -69.03085,  49.18841
 -69.03350,  49.16621
 -69.06362,  49.14638
 -69.06963,  49.14175
 -69.10534,  49.13462
 -69.13888,  49.13832
 -69.17196,  49.14432
 -69.18184,  49.15650
END
 -15.00000, -71.86024,  49.37925
 -71.84122,  49.40035
 -71.83470,  49.40878
 -71.82189,  49.42143
 -71.82031,  49.44365
 -71.82114,  49.46603
 -71.82526,  49.47046
 -71.83609,  49.48933
 -71.85468,  49.50278
 -71.88737,  49.51377
 -71.92139,  49.51614
 -71.95595,  49.51498
 -71.99179,  49.49929
 -71.99288,  49.49796
 -72.00510,  49.47782
 -72.00744,  49.45564
 -72.00201,  49.43718
 -72.00143,  49.43294
 -71.99679,  49.41032
 -71.98161,  49.38703
 -71.97592,  49.38240
 -71.94302,  49.37321
 -71.90931,  49.36935
 -71.87428,  49.37419
 -71.86024,  49.37925
END
 -15.00000, -71.12366,  49.97724
 -71.12976,  49.99997
 -71.15045,  50.01824
 -71.15713,  50.02417
 -71.14761,  50.03525
 -71.12162,  50.02172
 -71.11574,  50.01822
 -71.11626,  49.99904
 -71.12209,  49.97713
 -71.12267,  49.97683
 -71.12366,  49.97724
END
 -15.00000, -70.87212,  50.42794
 -70.87157,  50.42796
 -70.87156,  50.42790
 -70.87158,  50.42786
 -70.87212,  50.42794
END
 -15.00000, -69.31985,  50.68913
 -69.31067,  50.70075
 -69.30811,  50.68818
 -69.31610,  50.67401
 -69.31985,  50.68913
END
 -15.00000, -69.38020,  50.76096
 -69.39718,  50.78464
 -69.39898,  50.78694
 -69.41496,  50.80838
 -69.42348,  50.83136
 -69.42400,  50.83784
 -69.42754,  50.85398
 -69.41791,  50.87551
 -69.41463,  50.88425
 -69.41060,  50.89722
 -69.38744,  50.91765
 -69.37078,  50.92623
 -69.34931,  50.93687
 -69.33268,  50.93964
 -69.29694,  50.94138
 -69.26256,  50.93646
 -69.22697,  50.93744
 -69.21535,  50.92598
 -69.19622,  50.91499
 -69.16294,  50.90489
 -69.12715,  50.90690
 -69.11074,  50.89508
 -69.09767,  50.87857
 -69.09589,  50.87154
 -69.08740,  50.84853
 -69.07209,  50.83165
 -69.07225,  50.82496
 -69.07490,  50.81815
 -69.09740,  50.80474
 -69.10638,  50.78317
 -69.11871,  50.77716
 -69.15360,  50.77905
 -69.18890,  50.77903
 -69.20650,  50.76912
 -69.22790,  50.76088
 -69.26352,  50.75147
 -69.26544,  50.74976
 -69.30365,  50.73527
 -69.33798,  50.73980
 -69.37051,  50.75328
 -69.38020,  50.76096
END
END
