00003, -80.0524,  40.1529,      43.
00006, -80.0428,  40.0679,     671.
00009, -79.8582,  40.0415,      52.
00012, -80.1271,  40.1484,     242.
00015, -79.9772,  39.8704,     372.
00018, -80.0812,  39.7924,     554.
00021, -79.8815,  40.1552,     165.
00024, -80.1099,  39.7379,     607.
00027, -79.9467,  40.0246,     389.
00030, -79.8947,  39.8860,     330.
00033, -79.9987,  39.9598,     575.
00036, -79.9815,  40.0142,     639.
00039, -79.8752,  39.7547,     315.
00042, -79.6831,  39.7193,     397.
00045, -80.1161,  39.8663,     946.
00048, -79.9754,  40.0770,     383.
00051, -79.9236,  40.0542,     219.
00054, -79.9133,  39.9656,     439.
00057, -79.7073,  40.0388,     227.
00060, -80.0634,  39.9061,     309.
00063, -79.9952,  40.1291,     175.
00066, -80.0973,  40.0371,     695.
00069, -79.8478,  39.9381,     770.
00072, -79.7206,  40.0115,     549.
00075, -79.9189,  39.8776,     260.
00078, -79.8855,  39.7859,     780.
00081, -79.9747,  40.0217,     296.
00084, -80.0323,  40.0558,     217.
00087, -80.0658,  39.8243,     705.
00090, -79.8750,  39.9785,     534.
00093, -80.0238,  40.0976,     501.
00096, -79.9559,  40.1522,     101.
00099, -79.9732,  40.0112,     786.
00102, -79.9650,  40.1639,     140.
00105, -79.7817,  39.7258,     857.
00108, -79.8706,  40.1641,     401.
00111, -79.8973,  40.0093,     429.
00114, -79.9290,  40.0913,     421.
00117, -80.0343,  40.0399,     909.
00120, -79.9700,  39.9934,     656.
00123, -79.8294,  39.9292,     475.
00126, -79.8604,  40.2019,     398.
00129, -79.7575,  39.9265,     471.
00132, -80.1251,  40.0391,     604.
00135, -79.8905,  40.1477,     572.
00138, -79.9583,  40.1236,     140.
00141, -79.9703,  39.8542,     271.
00144, -80.0332,  39.7734,     335.
00147, -79.8098,  39.9247,     177.
00150, -79.7704,  39.9479,     451.
00153, -79.8517,  39.9513,     326.
00156, -80.1571,  40.0966,     325.
00159, -80.0326,  39.9867,      39.
00162, -79.7889,  39.8227,     739.
00165, -79.7211,  39.8934,     672.
00168, -79.9237,  39.9958,     690.
00171, -80.0588,  39.9628,     305.
00174, -80.1538,  40.1739,     492.
00177, -80.0235,  39.9704,     609.
00180, -79.7651,  39.9286,     812.
00183, -79.8872,  40.2067,     728.
00186, -80.1790,  40.1418,      32.
00189, -79.8100,  40.0201,     357.
00192, -80.1812,  40.0298,     772.
00195, -79.8317,  39.9886,     827.
00198, -80.0726,  39.9433,     365.
00201, -79.9527,  40.0469,     497.
00204, -79.8623,  39.9627,     195.
00207, -80.1351,  39.9812,     597.
00210, -80.0202,  40.0194,      95.
00213, -80.0651,  39.7614,     486.
00216, -79.9215,  39.7417,     783.
00219, -79.8701,  39.8448,     517.
00222, -80.0435,  40.2009,     651.
00225, -80.0009,  40.0154,     363.
00228, -79.7115,  39.8060,     613.
00231, -79.7951,  40.1783,     528.
00234, -80.1361,  40.0705,     893.
00237, -79.8340,  39.9969,     613.
00240, -80.2264,  39.8388,     767.
00243, -79.9224,  39.9527,     728.
00246, -79.8880,  40.2551,      31.
00249, -79.9336,  40.0149,     308.
00252, -79.9611,  39.9815,    1114.
00255, -80.0901,  39.9900,     304.
00258, -79.9785,  40.0675,     491.
00261, -79.8774,  39.9616,     323.
00264, -79.9080,  40.2426,     199.
00267, -79.9329,  40.0704,     548.
00270, -79.9376,  40.0188,     349.
00273, -79.9834,  40.0850,      30.
00276, -79.5836,  39.9864,      14.
00279, -80.1972,  40.0651,     526.
00282, -79.9894,  40.0423,     526.
00285, -79.9738,  40.2673,     547.
00288, -79.9712,  39.9574,     855.
00291, -80.0778,  40.0319,     305.
00294, -80.1741,  39.8972,     391.
00297, -79.9948,  39.9252,     303.
00300, -80.0769,  40.0137,     600.
00303, -79.8602,  39.8434,     591.
00306, -79.9903,  40.1791,     834.
00309, -80.2740,  39.9510,     491.
00312, -80.1928,  39.9808,     449.
00315, -79.8053,  39.8698,     801.
00318, -80.0532,  39.7886,     564.
00321, -80.0689,  40.1565,     645.
00324, -80.1217,  40.1718,       9.
00327, -79.8450,  40.0520,     711.
00330, -79.9362,  40.1208,     187.
00333, -79.8624,  40.1010,     354.
00336, -79.9788,  40.2532,     292.
00339, -79.8791,  40.0412,      62.
00342, -80.0583,  39.9529,     486.
00345, -79.8491,  39.8916,     299.
00348, -79.9934,  40.1408,     141.
00351, -79.8574,  40.1972,     539.
00354, -79.9989,  39.9672,     172.
00357, -79.8880,  40.0492,     261.
00360, -79.8728,  39.9482,     404.
00363, -80.0438,  40.1112,     881.
00366, -80.1854,  40.2903,      86.
00369, -80.2956,  40.1937,     130.
00372, -79.9562,  40.0561,     781.
00375, -80.0589,  40.2693,     135.
00378, -79.9004,  40.0593,      26.
00381, -80.3034,  40.1638,      42.
00384, -80.1330,  40.2588,     378.
00387, -80.3336,  40.1068,     903.
00390, -80.2984,  39.8943,     333.
00393, -79.9413,  39.9044,     162.
00396, -79.8853,  40.2179,     680.
00399, -79.7432,  40.1749,     772.
00402, -79.9389,  40.0663,     682.
00405, -80.0620,  40.0289,     145.
00408, -80.1819,  40.1739,     394.
00411, -80.1143,  39.9990,     539.
00414, -80.0132,  40.1075,     449.
00417, -79.7775,  40.1702,     421.
00420, -79.8951,  40.2919,     801.
00423, -80.0296,  40.1427,     157.
00426, -79.8439,  40.0934,     675.
00429, -80.0318,  39.9681,     715.
00432, -79.9239,  40.0405,     386.
00435, -80.0230,  40.0725,      37.
00438, -80.0148,  39.8776,     107.
00441, -79.9691,  39.9986,     609.
00444, -79.8694,  39.9223,     476.
00447, -79.9099,  40.0002,     844.
00450, -80.2047,  39.9204,     601.
00453, -79.9766,  39.9072,     533.
00456, -79.9516,  40.0371,    1001.
00459, -79.9120,  39.7807,    1004.
00462, -79.9420,  40.0969,     581.
00465, -80.1363,  39.9628,     596.
00468, -80.0255,  40.1859,     702.
00471, -80.1994,  40.0320,     663.
00474, -79.8258,  39.9227,     667.
00477, -80.0503,  40.1010,     423.
00480, -79.9136,  40.2274,     968.
00483, -80.2717,  40.1294,     155.
00486, -80.0800,  40.1093,     628.
00489, -80.0841,  40.0864,     344.
00492, -80.1571,  40.1173,     344.
00495, -80.1092,  39.9961,     523.
00498, -80.0107,  40.0849,     169.
00501, -80.0644,  40.2306,     232.
00504, -80.0737,  40.1025,     229.
00507, -79.9571,  40.2710,     422.
00510, -80.1957,  40.1104,     721.
00513, -80.1159,  40.0215,     420.
00516, -79.9072,  40.3159,     205.
00519, -80.0828,  40.0071,     193.
00522, -79.9055,  39.7059,     768.
00525, -80.0638,  40.0716,     504.
00528, -79.9400,  40.0485,     273.
00531, -80.0718,  40.1599,     187.
00534, -79.8690,  39.9016,     846.
00537, -80.0184,  40.0313,       7.
00540, -80.0225,  39.9458,      26.
00543, -79.9904,  40.1818,     643.
00546, -80.3518,  40.0375,      92.
00549, -79.9332,  40.0544,     441.
00552, -80.2345,  40.1581,     360.
00555, -79.9813,  40.1362,    1053.
00558, -79.7930,  40.0109,     563.
00561, -80.1808,  40.1791,     321.
00564, -79.9638,  40.3264,     416.
00567, -79.7330,  39.8212,     764.
00570, -79.9118,  40.2312,     427.
00573, -80.0988,  40.2017,     355.
00576, -80.1446,  39.9975,     604.
00579, -80.1584,  40.0027,     256.
00582, -80.0576,  40.1355,      27.
00585, -79.9934,  40.0585,     379.
00588, -80.1602,  40.0809,     562.
00591, -79.9003,  39.9078,     562.
00594, -79.9095,  40.2010,     834.
00597, -79.8870,  40.0499,     373.
00600, -79.7778,  39.9667,     546.
00603, -79.8162,  40.1131,     282.
00606, -80.0447,  40.0640,     488.
00609, -79.9002,  40.2580,     178.
00612, -80.1469,  39.9236,      35.
00615, -80.0771,  40.1800,     341.
00618, -79.7405,  39.8744,     711.
00621, -80.2212,  40.2120,     243.
00624, -79.9189,  39.7854,     337.
00627, -80.0373,  40.0390,     841.
00630, -80.2022,  40.1522,     752.
00633, -79.9436,  40.0565,     116.
00636, -80.0247,  39.9402,      59.
00639, -79.9768,  39.8731,     873.
00642, -80.1939,  39.9744,     362.
00645, -80.2648,  40.2755,     111.
00648, -79.9948,  40.2528,     532.
00651, -79.9455,  40.0363,     232.
00654, -80.0959,  40.0881,     652.
00657, -80.1836,  40.1658,     959.
00660, -80.0410,  39.9586,     562.
00663, -79.8959,  40.1987,     521.
00666, -80.0105,  40.1045,     406.
00669, -80.2097,  39.9352,     220.
00672, -80.0641,  40.1380,     441.
00675, -79.9708,  40.0972,      87.
00678, -79.7377,  39.9482,     342.
00681, -79.9571,  40.1248,     370.
00684, -80.0323,  40.0442,     564.
00687, -80.3082,  40.0500,     363.
00690, -80.1637,  40.1751,     165.
00693, -80.1483,  40.0437,     267.
00696, -79.5243,  39.7832,     838.
00699, -79.9504,  40.1716,     271.
00702, -80.1890,  40.2686,      23.
00705, -79.9274,  40.0068,     155.
00708, -80.0802,  40.0762,      34.
00711, -80.4948,  40.0965,     585.
00714, -80.1438,  40.1717,      91.
00717, -80.0889,  39.9003,     234.
00720, -80.2094,  39.9784,     532.
00723, -79.7553,  39.9226,      35.
00726, -80.3400,  40.1267,     246.
00729, -79.6346,  40.0011,     235.
00732, -80.1276,  39.9589,     591.
00735, -79.9389,  40.0000,     529.
00738, -79.9373,  40.3138,     364.
00741, -80.2007,  40.1443,      15.
00744, -79.8654,  39.9361,     886.
00747, -79.8359,  40.0792,     261.
00750, -80.1233,  40.1279,     607.
00753, -79.9010,  39.9602,     134.
00756, -79.9620,  40.0569,     686.
00759, -80.0205,  40.0992,     750.
00762, -79.9642,  39.7126,     625.
00765, -80.2429,  40.1774,     301.
00768, -80.0800,  40.1609,     100.
00771, -79.9875,  40.0375,     466.
00774, -80.0895,  40.0888,     637.
00777, -79.8773,  40.0865,     695.
00780, -79.8664,  39.8971,     881.
00783, -79.9006,  40.2798,     746.
00786, -80.2361,  40.0550,     259.
00789, -80.2071,  40.3016,     299.
00792, -80.1332,  40.0111,     391.
00795, -80.0066,  40.1412,       6.
00798, -80.2059,  40.1966,     774.
00801, -79.9419,  40.0166,     345.
00804, -79.9527,  40.0580,     898.
00807, -80.0217,  40.2003,      66.
00810, -79.9541,  40.1754,       9.
00813, -80.2442,  39.9516,     498.
00816, -80.0704,  40.0385,     567.
00819, -79.9723,  39.8468,     407.
00822, -79.8460,  40.1526,     850.
00825, -79.8968,  39.9326,     992.
00828, -80.1207,  40.1351,     535.
00831, -79.9531,  40.1945,     120.
00834, -80.2005,  39.9961,     826.
00837, -79.9377,  40.3642,     893.
00840, -79.9708,  39.9382,     345.
00843, -80.0640,  40.2356,     664.
00846, -80.1091,  40.3666,      76.
00849, -80.1503,  40.0858,      34.
00852, -80.2070,  40.1455,     449.
00855, -79.9334,  40.2797,     618.
00858, -80.0911,  40.1988,     269.
00861, -80.3144,  40.1577,      39.
00864, -80.0956,  40.0931,     458.
00867, -80.0840,  40.1263,     824.
00870, -79.9959,  40.2302,     475.
00873, -80.1946,  40.1904,     322.
00876, -80.3286,  39.9509,      94.
00879, -80.1549,  40.1086,     394.
00882, -80.0645,  40.0553,     637.
00885, -80.1370,  40.2754,     141.
00888, -80.0616,  40.2241,     601.
00891, -80.1176,  40.2487,     410.
00894, -79.9075,  40.0816,     286.
00897, -80.0852,  40.3713,     210.
00900, -80.0807,  40.2425,     751.
00903, -79.9461,  40.0182,      40.
00906, -79.9735,  40.0915,     679.
00909, -79.8829,  40.0806,     407.
00912, -80.0642,  40.0909,     262.
00915, -80.2314,  40.0827,     679.
00918, -80.0569,  40.0229,     752.
00921, -80.1719,  40.0664,     620.
00924, -80.1370,  40.1927,     634.
00927, -80.0385,  40.1427,     376.
00930, -80.0001,  40.1990,     293.
00933, -80.1312,  40.3297,     194.
00936, -80.2770,  40.1340,      94.
00939, -79.9520,  40.1987,     662.
00942, -80.0482,  39.8138,     349.
00945, -80.1323,  40.0263,     105.
00948, -79.9825,  40.0853,     910.
00951, -80.2151,  40.1062,     242.
00954, -80.3174,  40.2083,     388.
00957, -79.9809,  40.0864,      45.
00960, -79.9170,  40.0855,     752.
00963, -79.9998,  39.9350,     799.
00966, -80.3995,  40.2960,     482.
00969, -79.9603,  39.9845,     832.
00972, -79.8242,  39.9389,     504.
00975, -80.0152,  40.1470,     229.
00978, -79.8553,  40.0490,     360.
00981, -80.1881,  40.0372,     862.
00984, -80.0249,  39.9599,      17.
00987, -80.1266,  40.1594,     260.
00990, -79.8927,  40.0765,     511.
00993, -80.2087,  40.0293,     714.
00996, -80.2173,  40.0158,     469.
00999, -80.0086,  40.0360,     279.
01002, -79.9421,  40.1634,      91.
01005, -79.8900,  40.2058,     741.
01008, -79.9878,  40.2982,     304.
01011, -79.9989,  40.1280,     445.
01014, -80.0934,  40.0898,      74.
01017, -80.2314,  40.2041,     665.
01020, -80.0738,  39.9877,     455.
01023, -79.8284,  39.9861,     687.
01026, -79.9498,  40.1362,      13.
01029, -80.1225,  40.1596,     851.
01032, -80.2711,  40.1262,     299.
01035, -79.9573,  40.1319,     154.
01038, -79.9306,  40.0235,     445.
01041, -79.9048,  40.1010,     547.
01044, -80.0926,  40.2355,     169.
01047, -80.0386,  40.1297,     198.
01050, -80.0027,  40.0752,     583.
01053, -79.9107,  40.1456,     422.
01056, -79.9511,  40.2224,     245.
01059, -80.1056,  40.0454,      48.
01062, -80.1659,  40.1582,     135.
01065, -79.9994,  40.0726,     695.
01068, -80.1173,  39.9927,     330.
01071, -80.1581,  40.0482,     564.
01074, -79.8578,  40.2544,     128.
01077, -80.0977,  40.1530,     179.
01080, -80.1728,  40.1633,     810.
01083, -79.9039,  40.0148,    1007.
01086, -80.1254,  39.9840,     903.
01089, -79.9937,  39.9831,     694.
01092, -80.2646,  40.0541,     136.
01095, -80.0213,  40.0144,     823.
01098, -80.0078,  40.1142,     120.
01101, -80.2729,  40.2627,     273.
01104, -79.8965,  39.9865,     349.
01107, -80.0941,  40.2791,     279.
01110, -79.7622,  40.0651,      24.
01113, -80.2548,  40.1653,     180.
01116, -80.2103,  40.2570,     841.
01119, -80.0280,  40.1100,     349.
01122, -79.9046,  40.2429,     394.
01125, -79.9848,  40.0833,     394.
01128, -80.0957,  40.1828,     420.
01131, -80.0081,  40.2120,     379.
01134, -80.1129,  40.1251,     716.
01137, -80.0407,  40.1351,     228.
01140, -80.2270,  40.2323,     843.
01143, -80.2890,  40.2735,     605.
01146, -80.0825,  40.2284,     741.
01149, -79.9426,  40.1400,     672.
01152, -80.1791,  40.0866,     620.
01155, -80.0215,  40.1355,     435.
01158, -80.1683,  40.2923,     217.
01161, -80.1175,  40.2649,     482.
01164, -80.0243,  40.0194,     302.
01167, -80.1607,  39.9919,     778.
01170, -80.0077,  40.1116,     689.
01173, -80.0080,  39.9960,     652.
01176, -80.0199,  40.0523,     686.
01179, -80.1886,  39.9316,     417.
01182, -80.5103,  40.2533,     600.
01185, -80.0645,  40.0338,     541.
01188, -80.2642,  40.0320,     513.
01191, -80.2310,  40.2375,      28.
01194, -79.9115,  40.2029,     220.
01197, -79.8768,  40.1141,      88.
01200, -80.1065,  39.9334,     752.
01203, -79.9780,  40.0928,     659.
01206, -80.0136,  40.0321,     861.
01209, -80.2113,  39.9668,     376.
01212, -80.1309,  40.1541,     234.
01215, -80.2184,  40.1507,     215.
01218, -80.1045,  40.1582,     121.
01221, -79.8840,  40.1155,     378.
01224, -80.1170,  40.2411,      25.
01227, -80.0430,  40.1303,     679.
01230, -80.3478,  40.1138,     187.
01233, -79.7932,  40.0760,      23.
01236, -80.2277,  40.1557,     398.
01239, -79.9272,  40.2505,     249.
01242, -80.1600,  40.1512,     816.
01245, -79.9727,  40.1709,     660.
01248, -79.9261,  40.0115,     708.
01251, -80.0664,  40.0865,     765.
01254, -80.1376,  40.1486,     359.
01257, -80.0438,  40.0750,     165.
01260, -80.1830,  40.1173,     642.
01263, -80.0027,  40.1877,     110.
01266, -80.0604,  40.2484,     533.
01269, -79.9075,  40.0968,     523.
01272, -80.0822,  40.1771,     283.
01275, -79.8808,  40.0124,     803.
01278, -80.0541,  40.0611,      22.
01281, -80.2939,  40.2741,      41.
01284, -80.0865,  40.3814,      55.
01287, -80.0249,  40.1091,     853.
01290, -80.0964,  40.1258,     592.
01293, -80.3359,  40.0551,     349.
01296, -79.7948,  40.2570,      90.
01299, -80.0544,  40.2978,      53.
01302, -80.0455,  40.0192,     613.
01305, -80.0273,  40.1744,     823.
01308, -79.8999,  40.1632,     938.
01311, -80.2790,  40.1553,     503.
01314, -80.2586,  40.1728,     884.
01317, -80.1007,  39.9544,     539.
01320, -80.0301,  40.1329,     463.
01323, -80.1471,  39.9822,     910.
01326, -80.1475,  40.2134,     265.
01329, -80.2144,  40.1960,     913.
01332, -80.2173,  40.0249,     100.
01335, -80.3497,  40.0759,     192.
01338, -80.1048,  40.2512,     274.
01341, -79.9177,  39.8858,     897.
01344, -80.1035,  40.1795,     450.
01347, -79.9451,  39.9938,     227.
01350, -80.0388,  40.0972,     307.
01353, -80.2065,  40.2401,      87.
01356, -80.1206,  40.1014,     125.
01359, -80.0449,  40.0802,     871.
01362, -80.0753,  40.1721,     422.
01365, -80.1961,  40.1997,      92.
01368, -80.0170,  40.1489,     701.
01371, -80.0014,  40.2204,      70.
01374, -80.1825,  40.1440,     362.
01377, -80.0565,  40.1065,     596.
01380, -80.3224,  40.0973,     442.
01383, -79.9892,  40.2819,     163.
01386, -79.9492,  40.0827,     226.
01389, -79.9800,  40.2263,     170.
01392, -80.1170,  40.1361,     771.
01395, -79.8716,  39.9932,     258.
01398, -80.2329,  40.3036,     408.
01401, -80.1833,  40.2252,     226.
01404, -79.9261,  40.1819,     928.
01407, -80.0843,  40.1137,      95.
01410, -79.9127,  40.1441,     474.
01413, -80.0707,  39.9530,     880.
01416, -79.8113,  40.3522,     851.
01419, -80.2430,  40.0533,     421.
01422, -80.1561,  39.9962,     454.
01425, -80.0139,  40.3867,     333.
01428, -79.9859,  40.0093,     261.
01431, -80.2997,  40.0551,     447.
01434, -80.0279,  40.0134,     889.
01437, -80.0775,  40.2316,     796.
01440, -80.0126,  39.9980,      18.
01443, -80.2723,  40.2078,     254.
01446, -80.2407,  40.2012,     871.
01449, -80.1137,  40.2280,    1032.
01452, -80.0595,  40.1921,     636.
01455, -80.2150,  40.2789,     602.
01458, -80.1583,  40.1181,     624.
01461, -80.3426,  40.1159,     367.
01464, -80.0757,  40.1228,      37.
01467, -80.0757,  40.1840,     383.
01470, -80.1289,  40.2013,     668.
01473, -80.1612,  40.2486,     142.
01476, -80.0541,  40.3327,     758.
01479, -80.1161,  40.2419,     183.
01482, -79.9535,  40.0557,     702.
01485, -80.0542,  40.1264,     153.
01488, -80.1264,  40.0492,     614.
01491, -80.0663,  40.3648,     919.
01494, -80.2421,  40.1387,      61.
01497, -80.2494,  40.1571,     183.
01500, -80.2147,  40.0333,     475.
01503, -80.1190,  40.1874,      56.
01506, -79.8965,  39.9833,     257.
01509, -80.2848,  40.3554,      66.
01512, -80.1634,  40.2959,     151.
01515, -80.1278,  40.2435,     676.
01518, -80.2024,  40.0685,     596.
01521, -80.1868,  40.2551,     653.
01524, -80.0749,  40.2101,     193.
01527, -80.2280,  40.1846,     236.
01530, -80.2773,  40.1853,     398.
01533, -80.0524,  40.1477,     309.
01536, -80.0042,  40.0849,     473.
01539, -80.1208,  40.0443,     547.
01542, -80.1072,  40.2544,     473.
01545, -79.9672,  40.2785,     186.
01548, -80.0019,  40.0248,     855.
01551, -80.0648,  40.1780,     723.
01554, -80.0348,  40.0499,     602.
01557, -80.2267,  40.0956,     983.
01560, -80.1693,  40.1549,     135.
01563, -80.0984,  40.0988,     538.
01566, -80.2435,  40.0900,     698.
01569, -80.1897,  40.1814,     294.
01572, -80.0992,  40.2581,     588.
01575, -80.2255,  40.2162,     199.
01578, -80.2232,  40.1367,     512.
01581, -80.0681,  40.2154,     483.
01584, -80.0388,  40.2043,     301.
01587, -80.1907,  40.1821,     460.
01590, -79.9869,  39.9498,     752.
01593, -79.9354,  40.2137,     945.
01596, -80.1407,  40.2370,     167.
01599, -80.1101,  40.1468,     647.
01602, -80.0804,  40.1601,     504.
01605, -80.2034,  40.2042,     652.
01608, -80.0742,  40.1657,     633.
01611, -80.2499,  40.2496,     911.
01614, -79.7213,  40.0987,     669.
01617, -80.2787,  40.2000,     341.
01620, -80.0828,  40.1340,     356.
01623, -79.9539,  40.1786,     588.
01626, -80.1948,  40.0669,     228.
01629, -80.2839,  40.0538,     227.
01632, -80.1804,  40.1790,     309.
01635, -80.2362,  40.3237,     169.
01638, -80.0713,  40.2586,     814.
01641, -80.0175,  40.1980,     593.
01644, -80.1256,  40.0672,    1021.
01647, -79.9236,  40.0934,      70.
01650, -80.3680,  40.1323,     298.
01653, -80.0573,  40.0973,    1041.
01656, -80.1904,  39.9868,     492.
01659, -80.1258,  40.2742,     125.
01662, -80.0836,  40.2867,     360.
01665, -80.0966,  40.1812,     182.
01668, -80.2752,  39.9532,     772.
01671, -80.0974,  40.2850,     806.
01674, -80.1828,  40.2558,     453.
01677, -80.1947,  40.0809,      91.
01680, -80.1397,  40.2282,     418.
01683, -80.2556,  40.1009,     879.
01686, -80.1822,  40.2328,     101.
01689, -80.1079,  40.4151,      80.
01692, -80.2103,  40.0989,     297.
01695, -80.0249,  40.2630,     336.
01698, -80.2527,  40.2759,     899.
01701, -80.0890,  40.3401,     606.
01704, -80.1105,  40.1264,     337.
01707, -80.0422,  40.2530,     186.
01710, -80.0401,  40.2324,     898.
01713, -80.3234,  40.0557,     881.
01716, -80.2698,  40.1092,     343.
01719, -80.0446,  40.1115,     886.
01722, -80.1019,  40.0414,     692.
01725, -80.1484,  40.2050,     221.
01728, -79.9998,  40.2564,     387.
01731, -80.3336,  40.1140,     406.
01734, -80.1512,  40.2091,     356.
01737, -80.4158,  39.9110,     620.
01740, -80.0155,  40.1381,     544.
01743, -80.0213,  40.1224,     140.
01746, -80.1589,  40.2684,      58.
01749, -80.2370,  40.2191,     603.
01752, -80.2327,  40.0733,      61.
01755, -80.1842,  40.1949,     486.
01758, -80.2311,  39.9796,     499.
01761, -80.0648,  40.4060,     426.
01764, -80.1557,  40.2823,     555.
01767, -80.1186,  40.1981,     897.
01770, -80.3673,  40.2238,     235.
01773, -80.4092,  40.0960,     190.
01776, -80.1945,  40.2300,     446.
01779, -80.2421,  40.1702,     776.
01782, -80.2752,  40.1823,     330.
01785, -80.2038,  40.2436,     540.
01788, -80.1395,  40.1949,     140.
01791, -80.1828,  40.2457,     484.
01794, -80.0621,  40.1265,     728.
01797, -80.2228,  40.2717,     294.
01800, -80.2506,  40.2915,      41.
01803, -80.2921,  40.3218,     731.
01806, -79.8787,  40.2325,      51.
01809, -80.1197,  40.1436,     839.
01812, -80.1917,  40.2976,     351.
01815, -80.1074,  40.1611,     889.
01818, -80.1647,  40.1718,     387.
01821, -80.0705,  40.0554,     847.
01824, -80.1395,  40.0566,     398.
01827, -80.1123,  40.3402,      11.
01830, -79.9661,  40.2215,     109.
01833, -80.0669,  40.1409,     575.
01836, -80.0012,  40.1350,     388.
01839, -79.9911,  40.0579,     740.
01842, -80.1940,  40.2728,     781.
01845, -80.1198,  40.0734,     913.
01848, -80.2121,  40.3265,      97.
01851, -80.1496,  40.2473,      23.
01854, -80.0604,  40.1182,     656.
01857, -80.1265,  40.2417,     506.
01860, -80.1669,  40.3109,     706.
01863, -80.2270,  40.3575,     379.
01866, -80.2953,  40.2920,     430.
01869, -80.0677,  40.3690,     106.
01872, -80.1625,  40.1483,     292.
01875, -80.2344,  40.0917,     437.
01878, -80.2387,  40.0701,     810.
01881, -80.1817,  40.1364,     515.
01884, -80.0250,  40.1373,     764.
01887, -80.1338,  40.1617,     679.
01890, -80.0031,  40.2513,     282.
01893, -80.4001,  40.2017,     711.
01896, -80.1767,  40.2497,     601.
01899, -80.2417,  40.1169,     438.
01902, -80.2810,  40.3636,      29.
01905, -80.2093,  40.3058,      69.
01908, -80.0954,  40.1812,    1066.
01911, -80.1280,  40.3458,      89.
01914, -80.2671,  40.3319,     460.
01917, -80.0152,  40.1529,     208.
01920, -80.1995,  40.2109,     362.
01923, -80.2205,  40.2098,     847.
01926, -80.1717,  40.2995,     704.
01929, -80.1661,  40.1821,     369.
01932, -80.1260,  40.2330,     489.
01935, -80.0345,  40.2186,      95.
01938, -80.1105,  40.1765,     690.
01941, -80.2861,  40.1376,     255.
01944, -80.0547,  40.0905,     818.
01947, -79.9744,  40.2276,    1009.
01950, -80.3713,  40.1859,     209.
01953, -80.2526,  40.0841,     605.
01956, -80.0054,  40.1945,     450.
01959, -80.1774,  40.1037,      26.
01962, -80.5112,  40.2997,      70.
01965, -80.2573,  40.3355,     133.
01968, -80.1432,  40.3072,     845.
01971, -80.2911,  40.1842,     528.
01974, -80.1403,  40.0570,     318.
01977, -80.2444,  40.2460,     420.
01980, -80.0237,  40.2984,     163.
01983, -80.1974,  40.2803,     211.
01986, -80.1811,  40.2689,     605.
01989, -80.3120,  40.3474,     466.
01992, -80.0743,  40.2293,     566.
01995, -80.0930,  40.2297,     210.
01998, -80.1803,  40.2005,     353.
02001, -80.1332,  40.1245,     415.
02004, -80.2086,  40.1585,     411.
02007, -80.1538,  40.3190,     641.
02010, -80.2293,  40.2053,     462.
02013, -80.0678,  40.2648,     504.
02016, -80.1695,  40.2504,     639.
02019, -80.2491,  40.1000,     787.
02022, -80.1239,  40.0232,     550.
02025, -80.1134,  40.5039,     133.
02028, -80.1570,  40.4005,     180.
02031, -80.2970,  40.3788,     590.
02034, -80.1136,  40.2377,     292.
02037, -80.2578,  40.2766,     118.
02040, -80.1197,  40.3582,     818.
02043, -80.1591,  40.2206,     569.
02046, -80.3331,  40.1986,     701.
02049, -80.1128,  40.2400,      93.
02052, -80.1538,  40.2335,     596.
02055, -80.2761,  40.2376,    1066.
02058, -80.1042,  40.1748,     229.
02061, -80.1614,  40.2243,      55.
02064, -80.3601,  40.3695,     668.
02067, -80.2908,  40.3328,     370.
02070, -80.4030,  40.3542,     236.
02073, -80.1162,  40.3739,      17.
02076, -80.0623,  40.1664,     659.
02079, -80.1925,  40.1971,     538.
02082, -80.0807,  40.3495,     570.
02085, -80.1421,  40.2056,     833.
02088, -80.0298,  40.1874,     784.
02091, -80.1237,  40.4149,     708.
02094, -80.1116,  40.3546,     132.
02097, -80.0669,  40.2634,     216.
02100, -80.1779,  40.2817,     973.
02103, -80.3750,  40.3327,     790.
02106, -80.1659,  40.1996,     246.
02109, -80.2032,  40.1076,     504.
02112, -80.1554,  40.2627,     125.
02115, -80.1522,  40.3644,      56.
02118, -80.1409,  40.2909,     238.
02121, -80.1617,  40.2961,     502.
02124, -80.1219,  40.2147,      90.
02127, -80.1074,  40.1243,     169.
02130, -80.1695,  40.2466,     427.
02133, -80.2292,  40.2322,      53.
02136, -80.2132,  40.1375,      25.
02139, -80.1815,  40.0430,     952.
02142, -80.1406,  40.2314,     835.
02145, -80.0919,  40.2231,     531.
02148, -80.1949,  40.0829,     715.
02151, -80.1645,  40.1323,     759.
02154, -80.2333,  40.1534,      29.
02157, -80.2090,  40.1649,     949.
02160, -79.8895,  40.2453,     659.
02163, -80.1858,  40.1963,     490.
02166, -80.2947,  40.2717,      87.
02169, -80.2201,  40.1958,     272.
02172, -80.3491,  40.3031,     175.
02175, -80.2772,  40.2762,       9.
02178, -79.9973,  40.1436,     502.
02181, -80.2532,  40.1882,     673.
02184, -80.1480,  40.3820,      56.
02187, -80.2065,  40.0194,     192.
02190, -80.3528,  40.2534,     656.
02193, -80.3331,  40.1069,     259.
02196, -80.1966,  40.2767,     710.
02199, -80.2773,  40.2429,     294.
02202, -80.0881,  40.3410,     716.
02205, -80.3849,  40.3020,     210.
02208, -80.1664,  40.3196,     250.
02211, -80.1953,  40.3196,     411.
02214, -80.3184,  40.2824,     454.
02217, -80.3203,  40.0409,     846.
02220, -80.1839,  40.1351,     455.
02223, -80.2661,  40.1842,     874.
02226, -80.3139,  40.1344,     388.
02229, -80.0557,  40.2254,     610.
02232, -80.2744,  40.3212,     253.
02235, -80.1989,  40.2671,     507.
02238, -80.0742,  40.2610,     498.
02241, -80.2385,  40.3280,     592.
02244, -80.1171,  40.1359,     282.
02247, -80.1483,  40.4563,     376.
02250, -80.2029,  40.3211,     693.
02253, -80.1581,  40.0875,      78.
02256, -80.2506,  40.3174,     374.
02259, -80.2614,  40.2615,     314.
02262, -80.3109,  40.0661,     369.
02265, -80.4037,  40.3711,     102.
02268, -80.2494,  40.2333,       8.
02271, -80.2977,  40.2313,     130.
02274, -80.1076,  40.1410,     626.
02277, -79.9399,  40.2540,     674.
02280, -80.0931,  40.0970,     338.
02283, -80.3228,  40.2090,     662.
02286, -80.2657,  40.2517,     186.
02289, -80.2419,  40.2973,     827.
02292, -80.0782,  40.2011,     836.
02295, -80.2056,  40.1853,     472.
02298, -80.0975,  40.3440,     658.
02301, -80.0636,  40.2704,     367.
02304, -80.1814,  40.1824,     147.
02307, -80.2244,  40.2689,     420.
02310, -80.3342,  40.3444,     555.
02313, -80.2884,  40.3022,     370.
02316, -80.1786,  40.3069,     309.
02319, -80.1538,  40.2975,     250.
02322, -80.2122,  40.3131,     572.
02325, -80.2450,  40.2317,     357.
02328, -80.2887,  40.3266,     641.
02331, -80.1997,  40.2541,     732.
02334, -80.1606,  40.1441,     969.
02337, -80.1950,  40.1909,     660.
02340, -80.2224,  40.1215,     194.
02343, -80.0505,  40.2965,     253.
02346, -80.1972,  40.1177,     131.
02349, -80.0858,  40.2511,     489.
02352, -80.2804,  40.3387,      94.
02355, -80.0894,  40.1883,     514.
02358, -80.0532,  40.3212,     720.
02361, -80.3070,  40.1857,     597.
02364, -80.2821,  40.1703,      42.
02367, -80.1788,  40.1391,     457.
02370, -80.3932,  40.2680,     680.
02373, -80.0745,  40.3080,      56.
02376, -80.2121,  40.4260,     161.
02379, -80.1732,  40.2978,     596.
02382, -80.2742,  40.1911,     363.
02385, -80.2636,  40.1588,     766.
02388, -80.0791,  40.3154,     964.
02391, -80.1450,  40.2856,     419.
02394, -80.3208,  40.1112,     241.
02397, -80.3167,  40.4325,      26.
02400, -80.1890,  40.3354,     645.
02403, -80.0686,  40.1850,     365.
02406, -80.1835,  40.2290,     768.
02409, -80.2267,  40.2289,     671.
02412, -80.2319,  40.4334,     743.
02415, -80.2410,  40.3000,     729.
02418, -80.0744,  40.3924,     496.
02421, -80.2185,  40.3505,     493.
02424, -80.2959,  40.3080,     537.
02427, -80.3787,  40.2945,     397.
02430, -80.2855,  40.2873,     633.
02433, -80.2263,  40.3071,     312.
02436, -80.2595,  40.2041,     716.
02439, -80.2516,  40.3349,     323.
02442, -80.3432,  40.3019,     263.
02445, -80.1912,  40.2408,     502.
02448, -80.2411,  40.3172,     864.
02451, -80.1323,  40.1729,     596.
02454, -80.2789,  40.2239,     108.
02457, -80.2435,  40.3410,     660.
02460, -80.2024,  40.3158,     396.
02463, -79.9673,  40.2421,     214.
02466, -80.2137,  40.3463,     116.
02469, -80.3066,  40.1929,     322.
02472, -80.1985,  40.3112,      57.
02475, -80.1483,  40.3661,     326.
02478, -80.0500,  40.2270,     641.
02481, -80.2102,  40.3026,     269.
02484, -80.2147,  40.2622,     514.
02487, -80.2835,  40.2226,     641.
02490, -80.1858,  40.3677,      34.
02493, -80.3161,  40.2475,     234.
02496, -80.1419,  40.3327,     210.
02499, -80.1052,  40.2182,     511.
02502, -80.2903,  40.2067,      75.
02505, -80.0453,  40.2005,     344.
02508, -80.2316,  40.2533,     637.
02511, -80.1404,  40.3125,     326.
02514, -80.2413,  40.3369,     487.
02517, -80.2829,  40.2303,     360.
02520, -80.2237,  40.2982,     434.
02523, -80.1139,  40.3765,     243.
02526, -80.0609,  40.2414,      93.
02529, -80.2242,  40.2878,     346.
02532, -80.2909,  40.2334,     421.
02535, -80.1060,  40.1756,     144.
02538, -80.2934,  40.2119,     319.
02541, -80.2659,  40.2719,      35.
02544, -80.1412,  40.2961,      56.
02547, -80.3742,  40.2035,     749.
02550, -80.1400,  40.2021,     611.
02553, -80.2024,  40.3833,     268.
02556, -80.1862,  40.3362,      38.
02559, -80.1540,  40.1825,     542.
02562, -80.2218,  40.3971,     638.
02565, -80.1714,  40.3711,     451.
02568, -80.0658,  40.2831,     522.
02571, -80.2445,  40.1539,     279.
02574, -80.1747,  40.3625,     274.
02577, -80.1656,  40.3687,     733.
02580, -80.0929,  40.3083,     394.
02583, -80.2658,  40.1702,     683.
02586, -80.2695,  40.2010,     258.
02589, -80.2372,  40.4023,     722.
02592, -80.2557,  40.3682,     647.
02595, -80.3902,  40.3277,      68.
02598, -80.3630,  40.3072,     244.
02601, -80.3174,  40.3700,     147.
02604, -80.2864,  40.2632,      97.
02607, -80.2779,  40.4541,     728.
02610, -80.1417,  40.3112,     373.
02613, -80.3062,  40.4131,      22.
02616, -80.1647,  40.1429,       5.
02619, -80.2433,  40.3983,     366.
02622, -80.1706,  40.3736,      83.
02625, -80.4309,  40.4416,     331.
02628, -80.3116,  40.3927,     546.
02631, -80.3581,  40.4324,     144.
02634, -80.0450,  40.3382,     744.
02637, -80.1562,  40.2415,     830.
02640, -80.2163,  40.3087,     538.
02643, -80.2078,  40.2514,     377.
02646, -80.4422,  40.1227,     995.
02649, -80.2194,  40.1730,     955.
02652, -80.1696,  40.2005,     393.
02655, -80.3188,  40.2956,     100.
02658, -80.2101,  40.2748,     486.
02661, -80.1599,  40.2854,     721.
02664, -80.1905,  40.2482,     812.
02667, -80.0464,  40.4064,     486.
02670, -80.3022,  40.3644,     249.
02673, -80.2520,  40.2484,     333.
02676, -80.0158,  40.3030,     134.
02679, -80.1219,  40.3487,     320.
02682, -80.2452,  40.3088,     877.
02685, -80.4001,  40.3925,     196.
02688, -80.1913,  40.1663,     461.
02691, -80.1748,  40.3113,     931.
02694, -80.3115,  40.3621,     191.
02697, -80.1697,  40.3734,      93.
02700, -80.2269,  40.3439,     436.
02703, -80.2405,  40.1988,      37.
02706, -80.2776,  40.2661,     838.
02709, -80.1665,  40.1688,     343.
02712, -80.2143,  40.2062,     666.
02715, -80.1895,  40.3005,      33.
02718, -80.2153,  40.2773,     244.
02721, -80.3276,  40.3058,     192.
02724, -80.1305,  40.3434,     564.
02727, -80.3938,  40.4040,      72.
02730, -80.3494,  40.1327,     313.
02733, -80.1565,  40.3747,     123.
02736, -80.1828,  40.2094,    1046.
02739, -80.2417,  40.1401,     813.
02742, -80.2512,  40.4568,     271.
02745, -80.3447,  40.5709,     152.
02748, -80.2282,  40.2316,     923.
02751, -80.3298,  40.1513,     662.
02754, -80.2018,  40.3091,     135.
02757, -80.2798,  40.3268,     156.
02760, -80.2819,  40.3521,     239.
02763, -80.3293,  40.4449,     571.
02766, -80.3072,  40.2959,     311.
02769, -80.2299,  40.2869,     495.
02772, -80.4362,  40.2434,     277.
02775, -80.2140,  40.2582,     868.
02778, -80.2787,  40.3348,     294.
02781, -80.1761,  40.3890,     631.
02784, -80.2253,  40.4104,     139.
02787, -80.2614,  40.3398,     140.
02790, -80.1872,  40.2561,     498.
02793, -80.0855,  40.3042,     792.
02796, -80.1327,  40.3873,     920.
02799, -80.2743,  40.2857,     715.
02802, -80.1797,  40.3867,      37.
02805, -80.2621,  40.3938,     396.
02808, -80.3038,  40.3909,     753.
02811, -80.1199,  40.3035,     331.
02814, -80.3572,  40.3486,     528.
02817, -80.2034,  40.3812,      34.
02820, -80.3483,  40.2379,     760.
02823, -80.2911,  40.2524,     197.
02826, -80.3276,  40.3263,     553.
02829, -80.1916,  40.4087,     131.
02832, -80.2862,  40.2666,     685.
02835, -80.1658,  40.1878,     720.
02838, -80.1800,  40.4008,     200.
02841, -80.2111,  40.3336,      20.
02844, -80.1923,  40.2634,     367.
02847, -80.3146,  40.3739,     470.
02850, -80.1785,  40.2903,     186.
02853, -80.1736,  40.3540,     204.
02856, -80.2551,  40.3637,      22.
02859, -80.0893,  40.3420,     477.
02862, -80.3548,  40.3587,     591.
02865, -80.2640,  40.4062,     266.
02868, -80.2540,  40.2542,     578.
02871, -80.2611,  40.3504,     711.
02874, -80.1963,  40.4118,      48.
02877, -80.2406,  40.3237,     109.
02880, -80.3055,  40.4034,     632.
02883, -80.2968,  40.3297,     952.
02886, -80.2653,  40.2949,     461.
02889, -80.0882,  40.3181,     149.
02892, -80.3219,  40.4131,     527.
02895, -80.3299,  40.4393,     323.
02898, -80.2288,  40.3980,     678.
02901, -80.1237,  40.1020,     996.
02904, -80.2205,  40.4189,     308.
02907, -80.3296,  40.2553,      28.
02910, -80.3487,  40.3500,     181.
02913, -80.2112,  40.2630,       0.
02916, -80.2153,  40.3674,     637.
02919, -80.2894,  40.2522,     562.
02922, -80.3624,  40.3070,     735.
02925, -80.1385,  40.2856,     976.
02928, -80.2740,  40.1568,     842.
02931, -80.2010,  40.2193,     698.
02934, -80.1708,  40.3015,      92.
02937, -80.2836,  40.4044,     645.
02940, -80.2668,  40.3223,     684.
02943, -80.3954,  40.2745,      78.
02946, -80.2331,  40.2593,     714.
02949, -80.3594,  40.2946,     948.
02952, -80.1650,  40.1895,     522.
02955, -80.3059,  40.4446,     285.
02958, -80.2062,  40.2771,     453.
02961, -80.1715,  40.3347,     425.
02964, -80.1953,  40.2863,     747.
02967, -80.2501,  40.4190,     293.
02970, -80.3661,  40.4430,     750.
02973, -80.2744,  40.4971,     871.
02976, -80.1906,  40.4793,     602.
02979, -80.2981,  40.3895,       5.
02982, -80.4531,  40.3965,     318.
02985, -80.1611,  40.2909,     474.
02988, -80.2189,  40.4721,     590.
02991, -80.3978,  40.3372,     483.
02994, -80.2787,  40.3670,     696.
02997, -80.2850,  40.2998,     295.
03000, -80.2617,  40.3906,     124.
03003, -80.3531,  40.3186,     713.
03006, -80.2578,  40.3977,     353.
03009, -80.3288,  40.2887,     308.
03012, -80.2921,  40.2407,     498.
03015, -80.1971,  40.2999,      51.
03018, -80.3866,  40.3088,      15.
03021, -80.3211,  40.5509,      83.
03024, -80.3123,  40.3522,     390.
03027, -80.2969,  40.3198,     374.
03030, -80.0691,  40.2488,     358.
03033, -80.2833,  40.3062,     409.
03036, -80.3378,  40.3616,     412.
03039, -80.3073,  40.3280,      84.
03042, -80.2169,  40.3788,     522.
03045, -80.2253,  40.3538,     388.
03048, -80.3885,  40.3941,     516.
03051, -80.2945,  40.3876,     634.
03054, -80.1266,  40.2559,     442.
03057, -80.1329,  40.3138,     780.
03060, -80.3202,  40.3103,      31.
03063, -80.3401,  40.4033,     347.
03066, -80.2622,  40.3591,     498.
03069, -80.2280,  40.3450,     326.
03072, -80.2658,  40.2517,     259.
03075, -80.2499,  40.3036,     191.
03078, -80.2433,  40.4338,     317.
03081, -80.2197,  40.3587,     659.
03084, -80.1658,  40.3870,     189.
03087, -80.1414,  40.3234,     500.
03090, -80.2848,  40.3624,     283.
03093, -80.2549,  40.4975,     379.
03096, -80.2069,  40.3856,     278.
03099, -80.2155,  40.3812,     751.
03102, -80.3007,  40.3316,     504.
03105, -80.2123,  40.2872,     731.
03108, -80.3463,  40.2950,     671.
03111, -80.2477,  40.2648,     559.
03114, -80.1442,  40.2774,     152.
03117, -80.3141,  40.3952,     275.
03120, -80.3073,  40.3443,     906.
03123, -80.1405,  40.3102,     133.
03126, -80.3496,  40.2423,     258.
03129, -80.2797,  40.3405,      76.
03132, -80.2737,  40.3970,    1040.
03135, -80.4151,  40.3894,     230.
03138, -80.3200,  40.4327,     636.
03141, -80.3047,  40.4000,     441.
03144, -80.2652,  40.2766,     694.
03147, -80.2912,  40.4620,       2.
03150, -80.1784,  40.3390,     691.
03153, -80.2933,  40.3159,     446.
03156, -80.4434,  40.5095,     279.
03159, -80.3306,  40.3300,     406.
03162, -80.3689,  40.4293,     750.
03165, -80.2688,  40.2408,     331.
03168, -80.1766,  40.3615,     159.
03171, -80.2633,  40.4140,     274.
03174, -80.0960,  40.3962,     533.
03177, -80.2935,  40.4498,     460.
03180, -80.2380,  40.3896,     813.
03183, -80.3012,  40.4363,     730.
03186, -80.2052,  40.4052,     509.
03189, -80.2393,  40.3143,     690.
03192, -80.2782,  40.3848,     570.
03195, -80.4041,  40.4261,     750.
03198, -80.2175,  40.3150,     102.
03201, -80.1972,  40.3846,     833.
03204, -80.1922,  40.3209,     656.
03207, -80.2709,  40.3115,     845.
03210, -80.2179,  40.4975,     440.
03213, -80.3209,  40.3704,     392.
03216, -80.2392,  40.3235,     688.
03219, -80.3540,  40.3704,     263.
03222, -80.0997,  40.3794,     882.
03225, -80.2089,  40.2840,     498.
03228, -80.3002,  40.3936,     678.
03231, -80.3723,  40.4383,     123.
03234, -80.3057,  40.4518,     352.
03237, -80.3237,  40.3409,     942.
03240, -80.3474,  40.3091,     345.
03243, -80.2362,  40.3880,     592.
03246, -80.1799,  40.3735,     899.
03249, -80.2893,  40.3186,     967.
03252, -80.2703,  40.3143,     588.
03255, -80.2715,  40.2704,     796.
03258, -80.2686,  40.4615,     452.
03261, -80.2468,  40.3335,      81.
03264, -80.2608,  40.2893,      47.
03267, -80.1468,  40.3619,     200.
03270, -80.2527,  40.3513,      36.
03273, -80.3020,  40.4297,      72.
03276, -80.2266,  40.4294,     102.
03279, -80.0439,  40.3147,     541.
03282, -80.1154,  40.4275,      35.
03285, -80.3866,  40.2554,     882.
03288, -80.2791,  40.3102,     527.
03291, -80.1520,  40.2962,     509.
03294, -80.2628,  40.4889,     138.
03297, -80.3595,  40.3855,     532.
03300, -80.3491,  40.3375,      72.
03303, -80.1995,  40.3535,     635.
03306, -80.1487,  40.4039,     330.
03309, -80.2193,  40.4015,     112.
03312, -80.2079,  40.3264,     758.
03315, -80.2502,  40.3691,      57.
03318, -80.1891,  40.4622,     376.
03321, -80.2572,  40.3311,     514.
03324, -80.3492,  40.4681,     271.
03327, -80.1986,  40.3286,     586.
03330, -80.2167,  40.4375,     641.
03333, -80.3432,  40.3743,    1070.
03336, -80.3476,  40.3050,     522.
03339, -80.3880,  40.4220,     166.
03342, -80.3271,  40.3550,      41.
03345, -80.1072,  40.4442,     695.
03348, -80.2103,  40.4580,     264.
03351, -80.3326,  40.3950,     619.
03354, -80.2416,  40.3733,     148.
03357, -80.3239,  40.4467,      69.
03360, -80.2963,  40.3586,     424.
03363, -80.3588,  40.4478,     114.
03366, -80.2169,  40.2884,     354.
03369, -80.2010,  40.3183,     592.
03372, -80.3449,  40.4050,     956.
03375, -80.3258,  40.3432,    1020.
03378, -80.3385,  40.3444,     137.
03381, -80.2790,  40.3915,     870.
03384, -80.2558,  40.4780,     272.
03387, -80.1964,  40.4058,      20.
03390, -80.1375,  40.3882,     128.
03393, -80.2858,  40.3411,     353.
03396, -80.2765,  40.4609,     180.
03399, -80.3075,  40.4213,      59.
03402, -80.1801,  40.3922,     233.
03405, -80.3771,  40.4474,     737.
03408, -80.2615,  40.3946,     235.
03411, -80.3234,  40.3777,     367.
03414, -80.3373,  40.4349,     751.
03417, -80.2621,  40.4530,     678.
03420, -80.2463,  40.4308,     139.
03423, -80.3228,  40.3180,     783.
03426, -80.4029,  40.3567,     220.
03429, -80.3141,  40.3330,     371.
03432, -80.2281,  40.4036,     729.
03435, -80.1859,  40.4613,     226.
03438, -80.3172,  40.3097,     223.
03441, -80.3873,  40.3776,     503.
03444, -80.2826,  40.3775,     202.
03447, -80.3062,  40.3355,     104.
03450, -80.2131,  40.3409,     615.
03453, -80.3135,  40.3392,     720.
03456, -80.1856,  40.3966,     915.
03459, -80.3955,  40.4203,     330.
03462, -80.2617,  40.4247,     151.
03465, -80.3053,  40.3801,     918.
03468, -80.2695,  40.3423,      86.
03471, -80.1639,  40.3348,     489.
03474, -80.2460,  40.4076,     427.
03477, -80.2489,  40.4782,       4.
03480, -80.2292,  40.2558,    1000.
03483, -80.2202,  40.4179,     614.
03486, -80.2956,  40.3592,     233.
03489, -80.2266,  40.2786,     447.
03492, -80.2344,  40.3796,      56.
03495, -80.3510,  40.3462,     647.
03498, -80.3153,  40.3170,     484.
03501, -80.3554,  40.4425,     594.
03504, -80.3664,  40.3836,     260.
03507, -80.3155,  40.4103,      22.
03510, -80.3250,  40.4550,     450.
03513, -80.2158,  40.4350,     516.
03516, -80.2971,  40.4530,     264.
03519, -80.3781,  40.4354,     443.
03522, -80.2950,  40.3726,     763.
03525, -80.3351,  40.3669,     583.
03528, -80.3078,  40.4102,     419.
03531, -80.3091,  40.5683,     543.
03534, -80.3422,  40.4392,     223.
03537, -80.3304,  40.4311,      58.
03540, -80.3694,  40.4557,     179.
03543, -80.4334,  40.4785,     304.
03546, -80.2477,  40.3497,     464.
03549, -80.3226,  40.3827,     142.
03552, -80.3369,  40.4355,     624.
03555, -80.3803,  40.3582,     464.
03558, -80.2463,  40.3565,      91.
03561, -80.3088,  40.3270,     299.
03564, -80.3651,  40.4031,     658.
03567, -80.2745,  40.4943,     654.
03570, -80.2943,  40.3618,     120.
03573, -80.4053,  40.3123,     304.
03576, -80.3166,  40.4423,     315.
03579, -80.3294,  40.4446,     560.
03582, -80.3052,  40.5021,     234.
03585, -80.2841,  40.5385,     214.
03588, -80.2065,  40.3684,     120.
03591, -80.2900,  40.4787,      46.
03594, -80.2536,  40.4583,      96.
03597, -80.2823,  40.4049,     683.
03600, -80.2553,  40.4466,     769.
03603, -80.2836,  40.4224,      45.
03606, -80.2512,  40.3912,     469.
03609, -80.3065,  40.5029,     189.
03612, -80.3162,  40.3917,     677.
03615, -80.2392,  40.4361,     375.
03618, -80.4715,  40.3828,     626.
03621, -80.3281,  40.4258,     384.
03624, -80.3373,  40.3489,     308.
03627, -80.3479,  40.4232,     171.
03630, -80.2040,  40.4742,     413.
03633, -80.3816,  40.4120,     375.
03636, -80.1938,  40.3467,     752.
03639, -80.2860,  40.3541,     452.
03642, -80.3256,  40.3648,     533.
03645, -80.3648,  40.3330,      25.
03648, -80.3359,  40.3823,     246.
03651, -80.3780,  40.5429,      12.
03654, -80.2684,  40.4939,     579.
03657, -80.3467,  40.3436,     350.
03660, -80.3578,  40.4362,     878.
03663, -80.3086,  40.3462,     191.
03666, -80.2423,  40.5001,     497.
03669, -80.1229,  40.4512,     422.
03672, -80.3222,  40.3687,     897.
03675, -80.3248,  40.3631,     759.
03678, -80.4099,  40.4483,     101.
03681, -80.2919,  40.3437,     360.
03684, -80.4013,  40.3606,     691.
03687, -80.3121,  40.4574,     506.
03690, -80.2939,  40.4343,     676.
03693, -80.4141,  40.4514,     342.
03696, -80.3402,  40.4938,     442.
03699, -80.3722,  40.3822,      80.
03702, -80.3322,  40.5045,      11.
03705, -80.3604,  40.5272,     235.
03708, -80.4152,  40.4670,     149.
03711, -80.3142,  40.4255,     253.
03714, -80.2832,  40.4288,     593.
03717, -80.3598,  40.4933,     457.
03720, -80.4740,  40.3780,     551.
03723, -80.4072,  40.4254,       9.
03726, -80.2858,  40.4330,     716.
03729, -80.3235,  40.3783,     885.
03732, -80.2865,  40.4083,     627.
03735, -80.2442,  40.3749,     958.
03738, -80.3317,  40.3382,     506.
03741, -80.3388,  40.4422,     156.
03744, -80.3269,  40.4814,     168.
03747, -80.3725,  40.4263,     336.
03750, -80.3075,  40.5156,     565.
03753, -80.2726,  40.4047,     464.
03756, -80.2658,  40.3616,     187.
03759, -80.2788,  40.3704,     366.
03762, -80.2802,  40.3463,     516.
03765, -80.2778,  40.2686,     740.
03768, -80.2812,  40.4652,     172.
03771, -80.3536,  40.3932,     660.
03774, -80.1826,  40.4469,     459.
03777, -80.3611,  40.5073,     764.
03780, -80.2571,  40.3898,     836.
03783, -80.2168,  40.5502,     432.
03786, -80.3634,  40.3419,     151.
03789, -80.2472,  40.4086,    1005.
03792, -80.3729,  40.4482,     163.
03795, -80.2888,  40.4635,     544.
03798, -80.2396,  40.2520,     456.
03801, -80.4544,  40.3639,     851.
03804, -80.3560,  40.4776,     227.
03807, -80.2538,  40.3694,     169.
03810, -80.3169,  40.3783,     676.
03813, -80.2675,  40.4022,     321.
03816, -80.3665,  40.3403,      59.
03819, -80.1774,  40.5051,     222.
03822, -80.3620,  40.3395,     490.
03825, -80.2499,  40.3268,     675.
03828, -80.3318,  40.3925,     528.
03831, -80.3911,  40.3815,     258.
03834, -80.3278,  40.4545,     920.
03837, -80.3365,  40.3821,     581.
03840, -80.3333,  40.3233,     574.
03843, -80.3204,  40.3902,     188.
03846, -80.3226,  40.4112,     737.
03849, -80.2742,  40.5773,      60.
03852, -80.4903,  40.4013,     573.
03855, -80.4144,  40.3656,     201.
03858, -80.3037,  40.4249,     100.
03861, -80.3030,  40.4847,      47.
03864, -80.1957,  40.3662,      12.
03867, -80.2799,  40.4639,     292.
03870, -80.3297,  40.3686,     493.
03873, -80.3574,  40.4637,     467.
03876, -80.2868,  40.4443,     168.
03879, -80.3881,  40.4809,     151.
03882, -80.2810,  40.4572,     145.
03885, -80.3207,  40.4902,     779.
03888, -80.2427,  40.4289,     522.
03891, -80.3311,  40.5007,     207.
03894, -80.4434,  40.5501,     235.
03897, -80.3130,  40.4520,     353.
03900, -80.3539,  40.4464,     877.
03903, -80.3396,  40.4657,      14.
03906, -80.3705,  40.4629,     238.
03909, -80.2563,  40.5524,     623.
03912, -80.2871,  40.4825,     703.
03915, -80.3474,  40.3619,     902.
03918, -80.2790,  40.4682,     469.
03921, -80.2947,  40.5117,     591.
03924, -80.3345,  40.3722,     621.
03927, -80.3631,  40.4308,      73.
03930, -80.3323,  40.4932,     901.
03933, -80.4101,  40.5743,     233.
03936, -80.2538,  40.4586,      17.
03939, -80.3809,  40.5376,     576.
03942, -80.2220,  40.4587,     514.
03945, -80.3644,  40.4350,     596.
03948, -80.2864,  40.3897,     982.
03951, -80.4904,  40.4960,     153.
03954, -80.2814,  40.3706,     412.
03957, -80.2795,  40.4025,      15.
03960, -80.3004,  40.4471,     574.
03963, -80.2939,  40.4576,     348.
03966, -80.3616,  40.4866,     300.
03969, -80.3120,  40.4480,     615.
03972, -80.3292,  40.4982,     164.
03975, -80.2969,  40.3403,     853.
03978, -80.3710,  40.4386,     806.
03981, -80.3218,  40.4895,     244.
03984, -80.3117,  40.3814,     533.
03987, -80.3152,  40.4653,     734.
03990, -80.3596,  40.5588,      50.
03993, -80.3834,  40.5698,     277.
03996, -80.3322,  40.4190,     907.
03999, -80.3474,  40.4730,     378.
04002, -80.3626,  40.4854,     359.
04005, -80.3221,  40.4198,     939.
04008, -80.2613,  40.3989,     601.
04011, -80.2607,  40.4471,     623.
04014, -80.2823,  40.4622,     702.
04017, -80.3250,  40.3893,     124.
04020, -80.2989,  40.3964,     150.
04023, -80.3952,  40.5029,       1.
04026, -80.2049,  40.4170,     431.
04029, -80.3148,  40.3685,     548.
04032, -80.2997,  40.4356,     299.
04035, -80.3131,  40.3421,     916.
04038, -80.3474,  40.4757,     204.
04041, -80.3351,  40.4904,      30.
04044, -80.2048,  40.3970,     179.
04047, -80.2627,  40.4484,     183.
04050, -80.3525,  40.4867,     568.
04053, -80.3791,  40.5225,     231.
04056, -80.3135,  40.5392,     235.
04059, -80.2722,  40.5457,     169.
04062, -80.2896,  40.4533,     502.
04065, -80.3072,  40.4836,     425.
04068, -80.3562,  40.5454,     109.
04071, -80.3085,  40.5491,      25.
04074, -80.3070,  40.4526,     671.
04077, -80.4269,  40.5760,     320.
04080, -80.2816,  40.6035,     162.
04083, -80.3558,  40.4027,     365.
04086, -80.4072,  40.5111,      57.
04089, -80.2767,  40.4677,     896.
04092, -80.3346,  40.5794,     187.
04095, -80.3184,  40.4362,     997.
04098, -80.3744,  40.4803,     306.
04101, -80.2325,  40.4450,     265.
04104, -80.3473,  40.5099,     711.
04107, -80.2364,  40.4390,     686.
04110, -80.3347,  40.4498,     818.
04113, -80.3548,  40.4924,       1.
04116, -80.3295,  40.5589,      30.
04119, -80.3398,  40.4713,       4.
04122, -80.3833,  40.5101,     283.
04125, -80.4077,  40.4807,     254.
04128, -80.3634,  40.4776,     392.
04131, -80.3027,  40.4040,     795.
04134, -80.3227,  40.4574,     114.
04137, -80.3568,  40.4740,     654.
04140, -80.4261,  40.3928,     339.
04143, -80.4677,  40.5013,     884.
04146, -80.3985,  40.5866,     177.
04149, -80.3170,  40.4993,     174.
04152, -80.3080,  40.4229,     568.
04155, -80.3101,  40.4119,     105.
04158, -80.3279,  40.5143,     656.
04161, -80.3980,  40.5166,     189.
04164, -80.3996,  40.5105,     444.
04167, -80.3159,  40.4315,     598.
04170, -80.3614,  40.4334,     441.
04173, -80.3944,  40.4640,      93.
04176, -80.3384,  40.3970,     440.
04179, -80.4091,  40.5540,     589.
04182, -80.3567,  40.4724,     123.
04185, -80.3155,  40.4642,     455.
04188, -80.4112,  40.4804,     231.
04191, -80.3458,  40.5555,     336.
04194, -80.3695,  40.4115,       3.
04197, -80.2714,  40.5122,     255.
04200, -80.3820,  40.5097,     220.
04203, -80.3776,  40.4344,     845.
04206, -80.2326,  40.4677,     345.
04209, -80.3001,  40.4961,      63.
04212, -80.2950,  40.4998,      24.
04215, -80.3394,  40.4993,      74.
04218, -80.3297,  40.4956,     562.
04221, -80.3670,  40.4816,     160.
04224, -80.3660,  40.4223,      33.
04227, -80.3007,  40.4917,      95.
04230, -80.2828,  40.4113,     760.
04233, -80.4175,  40.5254,     209.
04236, -80.3783,  40.4869,     515.
04239, -80.3809,  40.5202,     908.
04242, -80.2907,  40.5412,     326.
04245, -80.2079,  40.5201,     504.
04248, -80.3739,  40.4532,     814.
04251, -80.3802,  40.5191,     484.
04254, -80.3945,  40.5235,     856.
04257, -80.4373,  40.4932,     305.
04260, -80.2950,  40.5045,     474.
04263, -80.4075,  40.4501,     363.
04266, -80.3095,  40.4688,     363.
04269, -80.3474,  40.4982,     165.
04272, -80.4131,  40.5160,     248.
04275, -80.3774,  40.4791,     544.
04278, -80.3956,  40.5065,     543.
04281, -80.4845,  40.4981,     196.
04284, -80.2935,  40.4672,     748.
04287, -80.3415,  40.4848,     127.
04290, -80.3582,  40.4665,     104.
04293, -80.4194,  40.5284,     256.
04296, -80.3708,  40.4688,      15.
04299, -80.3127,  40.5452,     180.
04302, -80.3600,  40.4425,      14.
04305, -80.3513,  40.5192,     275.
04308, -80.3345,  40.4743,     550.
04311, -80.3425,  40.4732,     541.
04314, -80.3372,  40.4745,     742.
04317, -80.4248,  40.5276,      59.
04320, -80.3198,  40.4308,     555.
04323, -80.4391,  40.5955,      98.
04326, -80.3434,  40.4769,      59.
04329, -80.4124,  40.4293,     303.
04332, -80.3771,  40.4532,      57.
04335, -80.2874,  40.4735,     266.
04338, -80.3945,  40.5240,     641.
04341, -80.4044,  40.4835,     217.
04344, -80.3655,  40.5072,     126.
04347, -80.4171,  40.4917,      73.
04350, -80.3955,  40.5104,      45.
04353, -80.3290,  40.4940,     638.
04356, -80.3940,  40.4607,     187.
04359, -80.3553,  40.5516,     444.
04362, -80.2680,  40.4864,     238.
04365, -80.3116,  40.5107,     545.
04368, -80.4052,  40.4823,     366.
04371, -80.4628,  40.5800,     344.
04374, -80.3743,  40.4922,     157.
04377, -80.3872,  40.5505,      43.
04380, -80.4131,  40.4787,     448.
04383, -80.3104,  40.5281,     553.
04386, -80.2520,  40.5331,      88.
04389, -80.4381,  40.5367,     624.
04392, -80.4107,  40.4636,     174.
04395, -80.3904,  40.5181,     210.
04398, -80.3214,  40.4849,     145.
04401, -80.3517,  40.4928,     391.
04404, -80.3969,  40.4976,     485.
04407, -80.3652,  40.4752,     688.
04410, -80.4107,  40.5030,     671.
04413, -80.3455,  40.4507,     619.
04416, -80.3632,  40.4857,     391.
04419, -80.3765,  40.4541,     752.
04422, -80.3400,  40.5337,     600.
04425, -80.2893,  40.5745,     591.
04428, -80.3518,  40.5075,     376.
04431, -80.2599,  40.4731,      38.
04434, -80.3418,  40.5277,     157.
04437, -80.3865,  40.5110,     709.
04440, -80.3266,  40.5442,     290.
04443, -80.4769,  40.4433,     682.
04446, -80.3512,  40.5251,     969.
04449, -80.3698,  40.4531,     582.
04452, -80.3696,  40.5564,      97.
04455, -80.3716,  40.5338,     451.
04458, -80.4138,  40.5664,     230.
04461, -80.3658,  40.4600,     708.
04464, -80.3511,  40.5197,     875.
04467, -80.3734,  40.4963,     262.
04470, -80.3673,  40.5740,     174.
04473, -80.3800,  40.4889,     438.
04476, -80.3657,  40.5548,     160.
04479, -80.3735,  40.5754,     325.
04482, -80.3918,  40.4809,     191.
04485, -80.3937,  40.5561,     442.
04488, -80.3365,  40.4555,     805.
04491, -80.3455,  40.4998,     542.
04494, -80.3719,  40.5323,     377.
04497, -80.4141,  40.5103,     513.
04500, -80.3176,  40.5081,     590.
04503, -80.3819,  40.5315,     871.
04506, -80.2695,  40.5397,     457.
04509, -80.4164,  40.5305,     948.
04512, -80.3376,  40.5069,     445.
04515, -80.3814,  40.5180,     222.
04518, -80.3430,  40.5410,     129.
04521, -80.3864,  40.5302,     312.
04524, -80.3473,  40.4512,     664.
04527, -80.3417,  40.5858,     547.
04530, -80.3089,  40.4896,     104.
04533, -80.3809,  40.5430,     740.
04536, -80.3888,  40.4990,     104.
04539, -80.3998,  40.5526,     663.
04542, -80.3755,  40.4405,     594.
04545, -80.3303,  40.5454,     453.
04548, -80.3705,  40.5430,     348.
04551, -80.2787,  40.5453,     235.
04554, -80.3746,  40.5695,     249.
04557, -80.4275,  40.4582,     609.
04560, -80.3556,  40.5915,     124.
04563, -80.4592,  40.5100,     292.
04566, -80.4527,  40.5244,     378.
04569, -80.4001,  40.5342,      40.
04572, -80.3909,  40.4623,      39.
04575, -80.3442,  40.4957,     134.
04578, -80.3822,  40.5266,     528.
04581, -80.3959,  40.5456,     357.
04584, -80.3742,  40.5582,     531.
04587, -80.3558,  40.6122,     160.
04590, -80.3451,  40.5993,     495.
04593, -80.2901,  40.6063,     329.
04596, -80.4801,  40.5374,     514.
04599, -80.3870,  40.5266,     699.
04602, -80.4483,  40.5744,     808.
04605, -80.3389,  40.6071,     574.
04608, -80.3788,  40.5520,     291.
04611, -80.3366,  40.5586,     215.
04614, -80.3545,  40.5747,     402.
04617, -80.3967,  40.5718,     352.
04620, -80.3431,  40.5295,     109.
04623, -80.4461,  40.5068,     849.
04626, -80.3598,  40.5506,      21.
04629, -80.4098,  40.5496,     369.
04632, -80.3549,  40.5134,     648.
04635, -80.3817,  40.4822,     348.
04638, -80.3506,  40.5361,      21.
04641, -80.4233,  40.5813,     573.
04644, -80.4442,  40.4874,     599.
04647, -80.4075,  40.5871,     456.
04650, -80.4124,  40.4711,     689.
04653, -80.3731,  40.5589,     521.
04656, -80.4025,  40.5929,      38.
04659, -80.3055,  40.5443,     177.
04662, -80.3883,  40.5305,     508.
04665, -80.4093,  40.5679,     527.
04668, -80.4135,  40.5354,     206.
04671, -80.3041,  40.5122,     574.
04674, -80.3612,  40.5198,     611.
04677, -80.4194,  40.5761,     435.
04680, -80.3475,  40.5320,     176.
04683, -80.3660,  40.5534,     197.
04686, -80.4034,  40.5771,     348.
04689, -80.3845,  40.5243,     313.
04692, -80.3844,  40.6313,     810.
04695, -80.4032,  40.5304,     456.
04698, -80.4128,  40.4446,     927.
04701, -80.4900,  40.5007,     382.
04704, -80.4596,  40.5476,     670.
04707, -80.3735,  40.5581,     949.
04710, -80.2285,  40.4966,     178.
04713, -80.3142,  40.5498,     197.
04716, -80.4120,  40.6116,      24.
04719, -80.3883,  40.5985,     962.
04722, -80.3815,  40.5883,     340.
04725, -80.3912,  40.5043,      61.
04728, -80.3991,  40.5812,     460.
04731, -80.3672,  40.5321,      40.
04734, -80.3904,  40.6238,     222.
04737, -80.4274,  40.5408,     229.
04740, -80.3636,  40.5084,     731.
04743, -80.3654,  40.4986,     575.
04746, -80.3688,  40.5245,     159.
04749, -80.4290,  40.5529,     220.
04752, -80.3714,  40.5194,     317.
04755, -80.4162,  40.6138,     526.
04758, -80.3827,  40.4847,     649.
04761, -80.3852,  40.5058,     537.
04764, -80.4408,  40.6007,     109.
04767, -80.3805,  40.6127,     278.
04770, -80.3484,  40.5327,      97.
04773, -80.3888,  40.5570,     771.
04776, -80.3022,  40.5192,     306.
04779, -80.4469,  40.5711,      69.
04782, -80.4235,  40.5650,     301.
04785, -80.4227,  40.5076,     307.
04788, -80.3567,  40.5555,     870.
04791, -80.4586,  40.6017,     219.
04794, -80.4429,  40.5771,     160.
04797, -80.3121,  40.6224,     770.
04800, -80.3801,  40.5202,     377.
04803, -80.3315,  40.5187,     884.
04806, -80.3943,  40.5594,     190.
04809, -80.4139,  40.5517,     265.
04812, -80.4294,  40.5496,     432.
04815, -80.3860,  40.5957,     129.
04818, -80.3693,  40.5344,     645.
04821, -80.4322,  40.6003,     510.
04824, -80.4377,  40.5924,     661.
04827, -80.4228,  40.5872,     642.
04830, -80.3484,  40.5283,       0.
04833, -80.3918,  40.5548,     564.
04836, -80.4270,  40.5496,     837.
04839, -80.3461,  40.5421,     371.
04842, -80.4150,  40.5550,      89.
04845, -80.4008,  40.5136,     435.
04848, -80.3795,  40.6003,     384.
04851, -80.3697,  40.5355,     964.
04854, -80.4158,  40.5722,      30.
04857, -80.4208,  40.5598,     335.
04860, -80.3564,  40.5534,     601.
04863, -80.4333,  40.5619,     808.
04866, -80.4253,  40.6783,      83.
04869, -80.3960,  40.5776,     764.
04872, -80.3690,  40.5982,     274.
04875, -80.3873,  40.5920,       4.
04878, -80.4058,  40.5949,     342.
04881, -80.3972,  40.4951,     417.
04884, -80.3982,  40.5861,     462.
04887, -80.3680,  40.5521,     262.
04890, -80.3992,  40.5472,     434.
04893, -80.3913,  40.6071,      66.
04896, -80.4221,  40.5239,     428.
04899, -80.3856,  40.5672,     548.
04902, -80.3488,  40.5887,     328.
04905, -80.3400,  40.5489,     309.
04908, -80.4254,  40.6035,      45.
04911, -80.3995,  40.5398,     469.
04914, -80.3628,  40.5568,      92.
04917, -80.2980,  40.5240,     719.
04920, -80.3766,  40.5440,     350.
04923, -80.4190,  40.5928,     340.
04926, -80.4393,  40.5704,     153.
04929, -80.3855,  40.5063,     318.
04932, -80.3822,  40.5549,      44.
04935, -80.4186,  40.6017,     331.
04938, -80.3671,  40.5453,     693.
04941, -80.3565,  40.5974,     847.
04944, -80.4250,  40.5926,     398.
04947, -80.4201,  40.5712,     184.
04950, -80.4308,  40.5553,     403.
04953, -80.3589,  40.5733,     521.
04956, -80.3846,  40.5146,     765.
04959, -80.3231,  40.5568,     547.
04962, -80.3710,  40.5532,     136.
04965, -80.4359,  40.5701,     700.
04968, -80.3502,  40.5085,      63.
04971, -80.3848,  40.5857,     359.
04974, -80.3294,  40.6148,     479.
04977, -80.4217,  40.6427,     630.
04980, -80.3596,  40.5751,     101.
04983, -80.3800,  40.5749,     256.
04986, -80.4765,  40.5905,       1.
04989, -80.4018,  40.5858,     156.
04992, -80.3778,  40.5980,     217.
04995, -80.4249,  40.5772,     749.
04998, -80.4096,  40.6047,       1.
05001, -80.3679,  40.6384,      75.
05004, -80.3347,  40.5369,     781.
05007, -80.3865,  40.6400,     362.
05010, -80.4299,  40.6089,       4.
05013, -80.3974,  40.6122,       7.
05016, -80.3862,  40.5868,     480.
05019, -80.4209,  40.5726,     654.
05022, -80.3651,  40.6137,     818.
05025, -80.3692,  40.5817,     766.
05028, -80.3842,  40.5923,     462.
05031, -80.3643,  40.5780,     723.
05034, -80.4605,  40.5974,     436.
05037, -80.4074,  40.5727,     126.
05040, -80.4035,  40.6062,     155.
05043, -80.3687,  40.5942,     204.
05046, -80.4109,  40.5837,     866.
05049, -80.3833,  40.5813,     285.
05052, -80.4449,  40.5650,     619.
05055, -80.3002,  40.5360,     757.
05058, -80.3504,  40.5701,     656.
05061, -80.3756,  40.6225,     438.
05064, -80.4240,  40.5735,     641.
05067, -80.4095,  40.6044,     141.
05070, -80.3885,  40.5692,     227.
05073, -80.4228,  40.5871,     326.
05076, -80.4446,  40.5980,     122.
05079, -80.4089,  40.6263,      81.
05082, -80.4167,  40.6283,      21.
05085, -80.4248,  40.5848,      13.
05088, -80.3668,  40.5270,      33.
05091, -80.3797,  40.5602,     712.
05094, -80.3783,  40.6138,     703.
05097, -80.3982,  40.6306,     161.
05100, -80.4087,  40.5958,     592.
05103, -80.4390,  40.5379,     226.
05106, -80.4258,  40.5809,      30.
05109, -80.3792,  40.5806,     442.
05112, -80.4201,  40.5533,     523.
05115, -80.3984,  40.6329,     472.
05118, -80.4318,  40.6190,      71.
05121, -80.4668,  40.5477,     796.
05124, -80.4318,  40.5495,      16.
05127, -80.4536,  40.5879,     420.
05130, -80.4721,  40.5665,      23.
05133, -80.3847,  40.5782,     728.
05136, -80.4332,  40.6147,     204.
05139, -80.4115,  40.5119,     785.
05142, -80.3974,  40.6312,     580.
05145, -80.3387,  40.5408,     514.
05148, -80.4175,  40.6224,     293.
05151, -80.4131,  40.6129,     761.
05154, -80.3879,  40.5878,     160.
05157, -80.4235,  40.5868,     339.
05160, -80.3800,  40.6010,     877.
05163, -80.4380,  40.6189,     118.
05166, -80.3641,  40.5854,     685.
05169, -80.3518,  40.6451,     202.
05172, -80.4155,  40.6030,      40.
05175, -80.3539,  40.6331,     403.
05178, -80.4113,  40.6306,     643.
05181, -80.4619,  40.5905,     583.
05184, -80.4190,  40.5883,     933.
05187, -80.4142,  40.5924,     505.
05190, -80.3804,  40.6203,     768.
05193, -80.4165,  40.6405,     137.
05196, -80.4207,  40.6432,     294.
05199, -80.4333,  40.5814,     832.
05202, -80.4163,  40.6473,     734.
05205, -80.4438,  40.5618,     464.
05208, -80.3866,  40.6446,     457.
05211, -80.3745,  40.5927,     189.
05214, -80.3930,  40.6341,     165.
05217, -80.3976,  40.6667,     220.
05220, -80.4117,  40.6013,     596.
05223, -80.4549,  40.6452,      29.
05226, -80.4336,  40.6486,     407.
05229, -80.4434,  40.6349,     352.
05232, -80.3816,  40.6469,     354.
05235, -80.4043,  40.6161,     770.
05238, -80.4150,  40.6088,     740.
05241, -80.4354,  40.6162,      78.
05244, -80.3953,  40.5826,     780.
05247, -80.4196,  40.5858,     234.
05250, -80.3968,  40.5824,     177.
05253, -80.3977,  40.5706,     360.
05256, -80.3788,  40.6175,     510.
05259, -80.4233,  40.5835,     668.
05262, -80.4326,  40.5798,     579.
05265, -80.4351,  40.6184,      50.
05268, -80.3980,  40.6614,     308.
05271, -80.3671,  40.6060,      51.
05274, -80.4582,  40.6600,      48.
05277, -80.3978,  40.6360,     222.
05280, -80.4291,  40.6469,     921.
05283, -80.4240,  40.6306,     521.
05286, -80.4272,  40.6283,     275.
05289, -80.4348,  40.6297,     272.
05292, -80.4128,  40.5760,     181.
05295, -80.4142,  40.6032,     624.
05298, -80.4171,  40.6187,     712.
05301, -80.4292,  40.5835,     737.
05304, -80.4167,  40.6153,      57.
05307, -80.3950,  40.5373,     646.
05310, -80.4189,  40.6220,     185.
05313, -80.4477,  40.6336,     157.
05316, -80.3991,  40.6297,     120.
05319, -80.3743,  40.6366,     157.
05322, -80.4404,  40.6143,     704.
05325, -80.4498,  40.6291,     277.
05328, -80.4383,  40.5746,     488.
05331, -80.4519,  40.6111,      49.
05334, -80.4164,  40.5782,     296.
05337, -80.3874,  40.6277,      78.
05340, -80.3965,  40.6150,     115.
05343, -80.3839,  40.6084,     557.
05346, -80.4585,  40.6148,     884.
05349, -80.4550,  40.6224,     578.
05352, -80.3792,  40.6428,     105.
05355, -80.4233,  40.6820,      15.
05358, -80.4207,  40.6505,     663.
05361, -80.3911,  40.6535,     336.
05364, -80.4081,  40.5845,     692.
05367, -80.3705,  40.6755,     157.
05370, -80.4217,  40.6214,     292.
05373, -80.3617,  40.6693,      47.
05376, -80.4102,  40.6529,      10.
05379, -80.3904,  40.6098,     579.
05382, -80.4366,  40.6367,     644.
05385, -80.4340,  40.5941,     341.
05388, -80.4319,  40.6037,      66.
05391, -80.4077,  40.6611,     301.
05394, -80.4521,  40.6266,     352.
05397, -80.4631,  40.6120,     601.
05400, -80.4322,  40.6635,     699.
05403, -80.4179,  40.6230,     413.
05406, -80.4407,  40.6068,     190.
05409, -80.4066,  40.6399,     170.
05412, -80.4161,  40.6368,     299.
05415, -80.4239,  40.6121,     895.
05418, -80.4401,  40.6104,     431.
05421, -80.4033,  40.6049,     459.
05424, -80.4597,  40.6144,     831.
05427, -80.4448,  40.6651,     498.
05430, -80.4265,  40.6210,     433.
05433, -80.3960,  40.6035,      39.
05436, -80.3978,  40.6284,     241.
05439, -80.4261,  40.6375,     439.
05442, -80.3931,  40.5973,     677.
05445, -80.4221,  40.6205,     450.
05448, -80.4167,  40.6194,     373.
05451, -80.3947,  40.5874,     413.
05454, -80.4101,  40.6189,      23.
05457, -80.4100,  40.6566,      51.
05460, -80.4090,  40.6243,     474.
05463, -80.4352,  40.5815,     876.
05466, -80.4406,  40.6373,     224.
05469, -80.4299,  40.5984,     262.
05472, -80.3961,  40.6415,     561.
05475, -80.3927,  40.6688,     208.
05478, -80.4257,  40.5936,     358.
05481, -80.4412,  40.6395,     239.
05484, -80.3848,  40.6036,     245.
05487, -80.4565,  40.5760,     835.
05490, -80.4169,  40.5826,     662.
05493, -80.4274,  40.6036,     422.
05496, -80.4057,  40.5906,     147.
05499, -80.4146,  40.6353,      44.
05502, -80.4029,  40.6361,     647.
05505, -80.4757,  40.6400,     596.
05508, -80.4207,  40.6328,     459.
05511, -80.4842,  40.6031,     839.
05514, -80.3757,  40.6369,     706.
05517, -80.4175,  40.6408,      71.
05520, -80.4383,  40.5814,     705.
05523, -80.4052,  40.6613,      61.
05526, -80.4775,  40.6653,     236.
05529, -80.4412,  40.6348,     606.
05532, -80.4488,  40.6846,     661.
05535, -80.4410,  40.6655,      82.
05538, -80.4376,  40.6704,     755.
05541, -80.4288,  40.6539,     253.
05544, -80.4492,  40.6687,     589.
05547, -80.4555,  40.6407,     471.
05550, -80.4599,  40.6478,     851.
05553, -80.4347,  40.6597,     312.
05556, -80.4117,  40.6702,      48.
05559, -80.4125,  40.6110,     432.
05562, -80.4611,  40.6519,     286.
05565, -80.4753,  40.6349,     777.
05568, -80.4603,  40.6142,     382.
05571, -80.4289,  40.6263,     830.
05574, -80.4335,  40.6342,     321.
05577, -80.4006,  40.6594,     221.
05580, -80.4588,  40.6734,     949.
05583, -80.4572,  40.6509,     734.
05586, -80.4495,  40.6338,      82.
05589, -80.4359,  40.6449,      20.
05592, -80.4362,  40.6544,      62.
05595, -80.4209,  40.6504,     747.
05598, -80.4242,  40.6488,     571.
05601, -80.4267,  40.6352,     130.
05604, -80.4197,  40.6359,     128.
05607, -80.4450,  40.6868,     668.
05610, -80.4766,  40.6464,     380.
05613, -80.4268,  40.6607,     732.
05616, -80.4222,  40.7111,     223.
05619, -80.4745,  40.6646,     142.
05622, -80.4534,  40.5921,    1041.
05625, -80.4462,  40.6988,      95.
05628, -80.4894,  40.6681,     268.
05631, -80.4541,  40.6606,     676.
05634, -80.4142,  40.6738,     217.
05637, -80.4789,  40.6648,     326.
05640, -80.4403,  40.6887,     398.
05643, -80.4591,  40.6474,     529.
05646, -80.4285,  40.6319,      65.
05649, -80.4216,  40.5927,     557.
05652, -80.4201,  40.6361,     401.
05655, -80.4797,  40.6615,     440.
05658, -80.4317,  40.6759,     529.
05661, -80.4485,  40.6389,     726.
05664, -80.4866,  40.6602,     550.
05667, -80.4095,  40.6611,      30.
05670, -80.4624,  40.6238,       6.
05673, -80.4392,  40.6266,     329.
05676, -80.4433,  40.6317,     884.
05679, -80.4438,  40.6615,     253.
05682, -80.4434,  40.6104,     468.
05685, -80.4594,  40.6349,     144.
05688, -80.4394,  40.6698,     140.
05691, -80.4717,  40.6763,     105.
05694, -80.4354,  40.6455,     288.
05697, -80.4054,  40.7012,     468.
05700, -80.4182,  40.6514,     334.
05703, -80.4313,  40.6636,     168.
05706, -80.4203,  40.6936,     158.
05709, -80.4503,  40.6631,     902.
05712, -80.4835,  40.7036,     208.
05715, -80.4476,  40.6704,     503.
05718, -80.4990,  40.6681,     658.
05721, -80.4696,  40.6585,     711.
05724, -80.4614,  40.6790,     825.
05727, -80.4309,  40.6553,     655.
05730, -80.4151,  40.6702,     375.
05733, -80.4427,  40.6554,     624.
05736, -80.4974,  40.6885,     429.
05739, -80.4489,  40.6639,     208.
05742, -80.4502,  40.6399,     567.
05745, -80.4146,  40.6547,     891.
05748, -80.4254,  40.6836,     179.
05751, -80.4416,  40.6889,     273.
05754, -80.4373,  40.6375,     346.
05757, -80.4281,  40.6332,     717.
05760, -80.4401,  40.6499,     176.
05763, -80.4514,  40.6596,     231.
05766, -80.4243,  40.6540,     437.
05769, -80.4792,  40.6675,      58.
05772, -80.5048,  40.6940,     342.
05775, -80.4487,  40.6327,     912.
05778, -80.4460,  40.6606,     243.
05781, -80.4435,  40.6727,     754.
05784, -80.4620,  40.6842,     648.
05787, -80.4588,  40.6476,     808.
05790, -80.4671,  40.6711,     316.
05793, -80.4586,  40.6504,     248.
05796, -80.4400,  40.6889,      72.
05799, -80.4333,  40.7093,      62.
05802, -80.4551,  40.6953,       1.
05805, -80.4774,  40.6915,     436.
05808, -80.4580,  40.6716,     304.
05811, -80.4122,  40.6475,     504.
05814, -80.4484,  40.6930,     272.
05817, -80.4853,  40.6786,     581.
05820, -80.4451,  40.6733,     344.
05823, -80.4974,  40.6677,     156.
05826, -80.4470,  40.6360,     564.
05829, -80.4112,  40.6893,     711.
05832, -80.4512,  40.6619,     662.
05835, -80.4617,  40.6667,     584.
05838, -80.4702,  40.6844,     418.
05841, -80.4834,  40.6539,      79.
05844, -80.4453,  40.6539,     595.
05847, -80.4536,  40.6684,     114.
05850, -80.4485,  40.6643,     225.
05853, -80.4265,  40.6810,     195.
05856, -80.4591,  40.6226,     878.
05859, -80.4594,  40.6753,     121.
05862, -80.4469,  40.6712,     351.
05865, -80.4370,  40.6973,     431.
05868, -80.4695,  40.6710,      21.
05871, -80.4751,  40.6733,     459.
05874, -80.4247,  40.6652,     183.
05877, -80.4307,  40.6382,     500.
05880, -80.4542,  40.6741,     935.
05883, -80.4322,  40.7009,     285.
05886, -80.4762,  40.6725,     211.
05889, -80.4510,  40.7079,      68.
05892, -80.4499,  40.7276,     256.
05895, -80.4585,  40.7069,     520.
05898, -80.4649,  40.6923,     584.
05901, -80.4387,  40.7084,       6.
05904, -80.4479,  40.7059,      26.
05907, -80.4978,  40.6735,     656.
05910, -80.4760,  40.7025,     250.
05913, -80.4546,  40.6903,     255.
05916, -80.4186,  40.7099,      73.
05919, -80.4456,  40.6765,      49.
05922, -80.4750,  40.6917,     783.
05925, -80.4464,  40.6474,     454.
05928, -80.4804,  40.6994,     398.
05931, -80.4670,  40.6708,     685.
05934, -80.4779,  40.7180,      99.
05937, -80.4510,  40.6844,     822.
05940, -80.4669,  40.6999,     764.
05943, -80.4716,  40.6861,     472.
05946, -80.4388,  40.6528,     929.
05949, -80.4590,  40.7134,      93.
05952, -80.4536,  40.6856,     332.
05955, -80.3982,  40.6766,     523.
05958, -80.4733,  40.7144,     617.
05961, -80.4549,  40.6704,     478.
05964, -80.4512,  40.6911,     803.
05967, -80.4738,  40.7186,      48.
05970, -80.4533,  40.6771,     685.
05973, -80.4899,  40.6884,     318.
05976, -80.4380,  40.6967,      62.
05979, -80.4651,  40.6996,     369.
05982, -80.4339,  40.7023,     162.
05985, -80.4525,  40.7381,      91.
05988, -80.4443,  40.6935,      98.
05991, -80.4352,  40.7007,     556.
05994, -80.4801,  40.6967,     142.
05997, -80.4941,  40.6961,     489.
06000, -80.4523,  40.6682,      53.
06003, -80.4852,  40.6465,     646.
06006, -80.4726,  40.6668,     431.
06009, -80.4792,  40.6645,     336.
06012, -80.4632,  40.6810,     142.
06015, -80.5188,  40.7127,      37.
06018, -80.4837,  40.7244,     404.
06021, -80.4414,  40.7060,     230.
06024, -80.4480,  40.7097,     522.
06027, -80.4645,  40.6612,     428.
06030, -80.4510,  40.6736,     783.
06033, -80.4646,  40.6959,      81.
06036, -80.4576,  40.7000,     225.
06039, -80.4925,  40.6572,     312.
06042, -80.4565,  40.6890,     428.
06045, -80.4339,  40.6931,      49.
06048, -80.4816,  40.7232,      36.
06051, -80.4291,  40.6815,     741.
06054, -80.4261,  40.6894,     552.
06057, -80.3994,  40.6777,     532.
06060, -80.4774,  40.7179,     455.
06063, -80.4649,  40.6865,     102.
06066, -80.4653,  40.6809,     810.
06069, -80.4898,  40.6767,     582.
06072, -80.4351,  40.7074,     754.
06075, -80.4566,  40.7032,     360.
06078, -80.4679,  40.7172,     236.
06081, -80.4861,  40.7096,     398.
06084, -80.4555,  40.7168,     471.
06087, -80.4550,  40.7292,     692.
06090, -80.4631,  40.6983,     449.
06093, -80.4826,  40.7104,     597.
06096, -80.4754,  40.7001,     196.
06099, -80.4709,  40.7028,     827.
06102, -80.4582,  40.6960,     849.
06105, -80.4612,  40.7135,      36.
06108, -80.4774,  40.7034,      78.
06111, -80.4485,  40.7016,     673.
06114, -80.4705,  40.6969,     205.
06117, -80.4691,  40.7300,      86.
06120, -80.4500,  40.7079,     400.
06123, -80.4798,  40.6926,     301.
06126, -80.4998,  40.6903,     764.
06129, -80.5027,  40.7255,     545.
06132, -80.4814,  40.6953,     136.
06135, -80.4430,  40.7147,     239.
06138, -80.4791,  40.7063,     578.
06141, -80.4550,  40.7038,      70.
06144, -80.4714,  40.7326,     279.
06147, -80.4864,  40.7250,       7.
06150, -80.4595,  40.6952,     467.
06153, -80.4373,  40.7308,     808.
06156, -80.4383,  40.6951,     551.
06159, -80.4381,  40.7249,     798.
06162, -80.4774,  40.7275,     188.
06165, -80.4737,  40.7128,     830.
06168, -80.4796,  40.7154,     189.
06171, -80.4587,  40.7068,      82.
06174, -80.4527,  40.6949,     678.
06177, -80.4692,  40.6934,     178.
06180, -80.4380,  40.7430,     169.
06183, -80.4605,  40.7008,     329.
06186, -80.4746,  40.6968,     173.
06189, -80.4381,  40.6873,     414.
06192, -80.4798,  40.7125,     543.
06195, -80.4465,  40.7082,     303.
06198, -80.4384,  40.7206,       8.
06201, -80.4738,  40.6959,     433.
06204, -80.4731,  40.6974,      83.
06207, -80.4744,  40.7023,     168.
06210, -80.4578,  40.7271,     102.
06213, -80.4868,  40.7123,     320.
06216, -80.4567,  40.6943,     614.
06219, -80.5134,  40.7516,     118.
06222, -80.4773,  40.7207,     169.
06225, -80.4487,  40.7148,     251.
06228, -80.4450,  40.7176,     324.
06231, -80.4444,  40.6978,     508.
06234, -80.4768,  40.7162,     262.
06237, -80.4420,  40.7077,     436.
06240, -80.4458,  40.7174,     134.
06243, -80.4529,  40.7038,     581.
06246, -80.4759,  40.7385,     143.
06249, -80.4371,  40.7135,     340.
06252, -80.4708,  40.7231,     313.
06255, -80.4495,  40.7039,     392.
06258, -80.5078,  40.7408,     156.
06261, -80.4831,  40.7260,      74.
06264, -80.4866,  40.7286,     718.
06267, -80.4809,  40.7083,     106.
06270, -80.4652,  40.7381,      36.
06273, -80.4508,  40.7414,     260.
06276, -80.4981,  40.7261,     718.
06279, -80.4754,  40.7232,     136.
06282, -80.4940,  40.7483,     137.
06285, -80.4843,  40.7286,     335.
06288, -80.4669,  40.7363,     212.
06291, -80.4435,  40.7292,     518.
06294, -80.4586,  40.6977,     323.
06297, -80.4566,  40.7284,      67.
06300, -80.4865,  40.7319,     340.
06303, -80.4551,  40.7447,     119.
06306, -80.4919,  40.7353,      56.
06309, -80.4654,  40.7301,     656.
06312, -80.4773,  40.7388,     477.
06315, -80.4814,  40.7251,     497.
06318, -80.4599,  40.7229,     553.
06321, -80.4724,  40.7154,     183.
06324, -80.5053,  40.7574,      69.
06327, -80.4952,  40.7212,     557.
06330, -80.4940,  40.7399,     213.
06333, -80.4740,  40.7600,      13.
06336, -80.4432,  40.7202,     439.
06339, -80.4702,  40.7508,     175.
06342, -80.4594,  40.7179,      86.
06345, -80.4919,  40.7225,     100.
06348, -80.4922,  40.7341,     405.
06351, -80.4760,  40.7236,     529.
06354, -80.4460,  40.7390,     390.
06357, -80.4779,  40.7332,     641.
06360, -80.4752,  40.7458,      64.
06363, -80.4502,  40.7280,     453.
06366, -80.4761,  40.7122,     185.
06369, -80.4821,  40.7426,     421.
06372, -80.4746,  40.7185,     369.
06375, -80.4776,  40.7076,     416.
06378, -80.4958,  40.7500,       4.
06381, -80.4773,  40.7035,      83.
06384, -80.5070,  40.7304,     737.
06387, -80.4716,  40.7445,      26.
06390, -80.4607,  40.7484,     470.
06393, -80.4586,  40.7173,     610.
06396, -80.4792,  40.7642,     313.
06399, -80.4747,  40.7590,     282.
06402, -80.4716,  40.7346,     156.
06405, -80.4649,  40.7115,     519.
06408, -80.4404,  40.7445,     148.
06411, -80.4810,  40.7492,     490.
06414, -80.5010,  40.7482,     333.
06417, -80.4771,  40.7415,     177.
06420, -80.4843,  40.7072,     882.
06423, -80.5122,  40.7425,      50.
06426, -80.4685,  40.7274,     147.
06429, -80.4353,  40.7197,     192.
06432, -80.4894,  40.7292,     621.
06435, -80.5060,  40.7236,     424.
06438, -80.4770,  40.7495,      24.
06441, -80.4860,  40.7521,     343.
06444, -80.4883,  40.7489,     406.
06447, -80.4888,  40.7370,     550.
06450, -80.4603,  40.7357,     238.
06453, -80.4851,  40.7442,     197.
06456, -80.4815,  40.7380,     321.
06459, -80.5091,  40.7626,     353.
06462, -80.5019,  40.7547,     180.
06465, -80.4929,  40.7536,     322.
06468, -80.4859,  40.7499,     198.
06471, -80.4809,  40.7702,      23.
06474, -80.5053,  40.7662,     509.
06477, -80.5037,  40.7343,     267.
06480, -80.4779,  40.7396,     125.
06483, -80.4979,  40.7617,      37.
06486, -80.5051,  40.7588,     529.
06489, -80.4672,  40.7510,     683.
06492, -80.4821,  40.7536,      60.
06495, -80.4752,  40.7551,      67.
06498, -80.4641,  40.7455,     210.
06501, -80.4949,  40.7720,      40.
06504, -80.4668,  40.7623,     214.
06507, -80.4867,  40.7272,     525.
06510, -80.4733,  40.7485,     702.
06513, -80.4894,  40.7474,     280.
06516, -80.4603,  40.7367,     309.
06519, -80.4813,  40.7224,     550.
06522, -80.5072,  40.7432,      89.
06525, -80.4926,  40.7608,     141.
06528, -80.4860,  40.7484,     523.
06531, -80.4907,  40.7419,     382.
06534, -80.4990,  40.7654,     183.
06537, -80.4747,  40.7375,     551.
06540, -80.4883,  40.7360,     352.
06543, -80.4568,  40.7468,     395.
06546, -80.4701,  40.7772,     185.
06549, -80.4904,  40.7424,     242.
06552, -80.4775,  40.7426,     692.
06555, -80.4790,  40.7497,     115.
06558, -80.4902,  40.7319,     816.
06561, -80.4868,  40.7641,     132.
06564, -80.4899,  40.7466,     150.
06567, -80.4825,  40.7540,     616.
06570, -80.4706,  40.7294,     136.
06573, -80.4703,  40.7447,     351.
06576, -80.4814,  40.7725,     229.
06579, -80.4931,  40.7426,      85.
06582, -80.4804,  40.7303,     704.
06585, -80.4797,  40.7555,      40.
06588, -80.4684,  40.7526,     156.
06591, -80.4688,  40.7536,     818.
06594, -80.5049,  40.7396,      91.
06597, -80.4723,  40.7321,     257.
06600, -80.4870,  40.7640,     510.
06603, -80.4908,  40.7683,     175.
06606, -80.4933,  40.7354,     286.
06609, -80.4813,  40.7528,     270.
06612, -80.4862,  40.7350,     681.
06615, -80.4890,  40.7440,       0.
06618, -80.4785,  40.7442,     279.
06621, -80.4713,  40.7573,     536.
06624, -80.5033,  40.7428,      11.
06627, -80.4894,  40.7573,     202.
06630, -80.5019,  40.7833,      93.
06633, -80.5062,  40.7705,     424.
06636, -80.4779,  40.7593,     581.
06639, -80.4965,  40.7779,      90.
06642, -80.4988,  40.7763,     161.
06645, -80.4945,  40.7713,      73.
06648, -80.5077,  40.7710,     495.
06651, -80.5067,  40.7729,     362.
06654, -80.4920,  40.7650,     631.
06657, -80.4671,  40.7700,     405.
06660, -80.5051,  40.7831,     304.
06663, -80.4928,  40.7777,     177.
06666, -80.5016,  40.7738,       9.
06669, -80.5145,  40.7597,     384.
06672, -80.4781,  40.7579,     289.
06675, -80.4827,  40.7698,     513.
06678, -80.5077,  40.7855,     241.
06681, -80.4858,  40.7639,     121.
06684, -80.4928,  40.7787,     272.
06687, -80.5089,  40.7682,     271.
06690, -80.4895,  40.7663,     301.
06693, -80.4980,  40.7620,     378.
06696, -80.5011,  40.7543,     412.
06699, -80.4990,  40.7689,     808.
06702, -80.4896,  40.7681,     439.
06705, -80.5051,  40.7736,     533.
06708, -80.4977,  40.7751,     411.
06711, -80.4864,  40.7643,     505.
06714, -80.4925,  40.7720,     324.
06717, -80.5027,  40.7651,     237.
06720, -80.4980,  40.7528,      18.
06723, -80.4944,  40.7639,     219.
06726, -80.4973,  40.7715,      23.
06729, -80.4879,  40.7721,     481.
06732, -80.4811,  40.7764,      70.
06735, -80.5001,  40.7559,      19.
06738, -80.4956,  40.7673,     570.
06741, -80.4830,  40.7688,     392.
06744, -80.4958,  40.7716,     293.
06747, -80.4873,  40.7655,     464.
06750, -80.5015,  40.7608,     353.
06753, -80.4954,  40.7543,     329.
06756, -80.4938,  40.7683,     310.
06759, -80.4990,  40.7737,     150.
06762, -80.4746,  40.7566,     550.
06765, -80.4965,  40.7639,     343.
06768, -80.4833,  40.7875,     165.
06771, -80.4945,  40.7761,     391.
06774, -80.4818,  40.7702,     505.
06777, -80.4826,  40.7718,     109.
06780, -80.4699,  40.7850,     581.
06783, -80.5017,  40.7676,      48.
06786, -80.4970,  40.7636,     182.
06789, -80.4753,  40.7501,     393.
06792, -80.4851,  40.7743,     589.
06795, -80.5024,  40.7632,     347.
06798, -80.4922,  40.7790,     219.
06801, -80.4890,  40.7616,     821.
06804, -80.4913,  40.7699,     470.
06807, -80.4896,  40.7704,     148.
06810, -80.4933,  40.7865,     372.
06813, -80.5022,  40.7995,      40.
06816, -80.5104,  40.7886,     349.
06819, -80.5054,  40.7905,     213.
06822, -80.4888,  40.7918,     118.
06825, -80.5051,  40.7799,     200.
06828, -80.5097,  40.7999,      92.
06831, -80.4947,  40.7842,     450.
06834, -80.4989,  40.7872,     378.
06837, -80.5034,  40.7954,     149.
06840, -80.5078,  40.7801,     235.
06843, -80.5077,  40.7858,     331.
06846, -80.5017,  40.7888,      87.
06849, -80.5001,  40.7845,     710.
06852, -80.5180,  40.7914,      55.
06855, -80.4982,  40.7927,     275.
06858, -80.5252,  40.7905,     121.
06861, -80.4907,  40.7825,     358.
06864, -80.4848,  40.7887,     134.
06867, -80.5044,  40.7824,     448.
06870, -80.4946,  40.7913,     418.
06873, -80.4971,  40.7928,     109.
06876, -80.5119,  40.7932,     199.
06879, -80.5032,  40.7990,     332.
06882, -80.4881,  40.7816,     293.
06885, -80.5113,  40.7910,      20.
06888, -80.5200,  40.7890,     106.
06891, -80.4979,  40.7916,     555.
06894, -80.5043,  40.7850,     295.
06897, -80.4879,  40.7852,     174.
06900, -80.4914,  40.7939,      23.
06903, -80.5135,  40.7738,     246.
06906, -80.5057,  40.7919,     420.
06909, -80.5197,  40.7867,     309.
06912, -80.5000,  40.7869,     172.
06915, -80.5002,  40.7892,      93.
06918, -80.4913,  40.7857,     427.
06921, -80.5051,  40.7767,     210.
06924, -80.5017,  40.7861,     226.
06927, -80.5032,  40.7734,     317.
06930, -80.5065,  40.7866,     388.
06933, -80.5182,  40.7887,      63.
06936, -80.5038,  40.7943,     127.
06939, -80.5058,  40.7996,     113.
06942, -80.5049,  40.7788,     719.
06945, -80.4952,  40.8028,      57.
06948, -80.4993,  40.7832,     515.
06951, -80.5007,  40.7871,      13.
06954, -80.4861,  40.7798,     322.
06957, -80.5007,  40.7859,     407.
06960, -80.4943,  40.7720,     783.
06963, -80.5061,  40.7827,      14.
06966, -80.4941,  40.7879,     473.
06969, -80.4960,  40.7882,     539.
06972, -80.5045,  40.7919,     109.
06975, -80.5062,  40.7797,       5.
06978, -80.5136,  40.7814,     144.
06981, -80.5044,  40.7767,     288.
06984, -80.4978,  40.7784,     257.
06987, -80.4982,  40.7937,      36.
06990, -80.4917,  40.7966,      95.
06993, -80.5027,  40.8037,     594.
06996, -80.5054,  40.8029,     224.
06999, -80.5123,  40.8097,       9.
07002, -80.5122,  40.8056,      67.
07005, -80.5061,  40.8077,     187.
07008, -80.5132,  40.8069,     153.
07011, -80.5121,  40.8076,      62.
07014, -80.5108,  40.8122,     160.
07017, -80.5065,  40.8145,     398.
07020, -80.5105,  40.8139,     332.
07023, -80.5157,  40.8059,     161.
07026, -80.5135,  40.8125,     163.
07029, -80.5074,  40.8052,     130.
07032, -80.5021,  40.8109,     171.
07035, -80.5118,  40.8076,      60.
07038, -80.5082,  40.8046,     345.
07041, -80.5101,  40.8050,      34.
07044, -80.5175,  40.7962,      13.
07047, -80.5100,  40.8065,     176.
07050, -80.5051,  40.8059,     215.
07053, -80.5158,  40.8030,     311.
07056, -80.5108,  40.8080,     406.
07059, -80.5118,  40.8023,     520.
07062, -80.5167,  40.8049,     175.
07065, -80.5170,  40.8112,      18.
07068, -80.5026,  40.8089,     464.
07071, -80.4951,  40.8053,     283.
07074, -80.5126,  40.8089,     385.
07077, -80.5063,  40.8036,      82.
07080, -80.5114,  40.8088,      82.
07083, -80.5096,  40.8015,     337.
07086, -80.5089,  40.8016,     238.
07089, -80.5114,  40.8098,     115.
07092, -80.5055,  40.8033,     158.
07095, -80.5117,  40.8077,      82.
07098, -80.5184,  40.8094,     127.
07101, -80.5111,  40.8092,      68.
07104, -80.5023,  40.8077,     214.
07107, -80.5014,  40.8039,       5.
07110, -80.5154,  40.7968,     240.
07113, -80.5099,  40.8018,      67.
07116, -80.5117,  40.8079,     133.
07119, -80.5025,  40.8052,     176.
07122, -80.5175,  40.8018,     329.
07125, -80.5005,  40.8078,      46.
07128, -80.5122,  40.8133,     625.
07131, -80.5106,  40.8028,     166.
07134, -80.5207,  40.7979,     322.
07137, -80.5148,  40.8101,     265.
07140, -80.5125,  40.8105,     200.
07143, -80.5101,  40.8065,     314.
07146, -80.5081,  40.8004,      76.
07149, -80.5028,  40.8026,     217.
07152, -80.5103,  40.7966,     142.
07155, -80.5196,  40.8088,      93.
07158, -80.5092,  40.8000,     146.
07161, -80.5161,  40.8035,      72.
07164, -80.5021,  40.8107,      62.
07167, -80.5001,  40.7966,     329.
07170, -80.5134,  40.8028,       7.
07173, -80.5093,  40.8101,      74.
07176, -80.5128,  40.8069,     276.
07179, -80.5135,  40.8243,       8.
07182, -80.5146,  40.8221,     200.
07185, -80.5174,  40.8210,     341.
07188, -80.5215,  40.8217,     149.
07191, -80.5172,  40.8225,      46.
07194, -80.5183,  40.8243,      58.
07197, -80.5132,  40.8215,       7.
07200, -80.5185,  40.8244,      51.
07203, -80.5146,  40.8243,     355.
07206, -80.5186,  40.8227,      45.
07209, -80.5187,  40.8261,       4.
07212, -80.5195,  40.8215,      37.
07215, -80.5117,  40.8251,     306.
07218, -80.5184,  40.8204,      14.
07221, -80.5174,  40.8255,     159.
07224, -80.5144,  40.8209,     254.
07227, -80.5171,  40.8237,      18.
07230, -80.5160,  40.8216,     199.
07233, -80.5237,  40.8264,     181.
07236, -80.5182,  40.8233,     202.
07239, -80.5173,  40.8226,     328.
07242, -80.5148,  40.8206,     439.
07245, -80.5143,  40.8223,     252.
07248, -80.5188,  40.8223,      28.
07251, -80.5220,  40.8228,     196.
07254, -80.5188,  40.8194,      23.
07257, -80.5206,  40.8203,     126.
07260, -80.5154,  40.8219,     148.
07263, -80.5157,  40.8222,     191.
07266, -80.5145,  40.8220,      55.
07269, -80.5177,  40.8219,      42.
07272, -80.5162,  40.8237,     359.
07275, -80.5184,  40.8210,      23.
07278, -80.5152,  40.8228,     281.
07281, -80.5172,  40.8203,      27.
07284, -80.5159,  40.8211,     268.
07287, -80.5239,  40.8241,      92.
07290, -80.5167,  40.8207,     106.
07293, -80.5129,  40.8204,     131.
07296, -80.5152,  40.8235,     173.
07299, -80.5211,  40.8199,      73.
07302, -80.5179,  40.8195,     117.
07305, -80.5120,  40.8238,     128.
07308, -80.5180,  40.8185,      71.
07311, -80.5171,  40.8242,      53.
07314, -80.5168,  40.8206,     110.
07317, -80.5171,  40.8250,      73.
07320, -80.5176,  40.8201,      62.
07323, -80.5152,  40.8230,     326.
07326, -80.5144,  40.8235,     135.
07329, -80.5191,  40.8202,     207.
07332, -80.5152,  40.8196,     239.
07335, -80.5194,  40.8232,     355.
07338, -80.5154,  40.8206,     111.
07341, -80.5124,  40.8224,     174.
07344, -80.5139,  40.8172,     216.
07347, -80.5179,  40.8229,     157.
07350, -80.5163,  40.8237,     107.
07353, -80.5171,  40.8207,     170.
07356, -80.5168,  40.8262,     224.
07359, -80.5169,  40.8217,     172.
END
