 -15.00000, -79.13180,  38.19780
 -79.15057,  38.21434
 -79.15290,  38.22052
 -79.16829,  38.24317
 -79.15879,  38.26551
 -79.17778,  38.28469
 -79.17873,  38.28822
 -79.17762,  38.29301
 -79.16585,  38.31053
 -79.17710,  38.31952
 -79.18203,  38.33319
 -79.19406,  38.35580
 -79.20491,  38.36236
 -79.23343,  38.36935
 -79.26205,  38.37118
 -79.29065,  38.37404
 -79.31936,  38.37112
 -79.34789,  38.37825
 -79.37662,  38.37382
 -79.39711,  38.38049
 -79.40504,  38.38811
 -79.42986,  38.40327
 -79.43337,  38.40869
 -79.43855,  38.42583
 -79.44172,  38.44833
 -79.45172,  38.47089
 -79.45787,  38.49341
 -79.46068,  38.49679
 -79.48914,  38.51274
 -79.50230,  38.51628
 -79.51772,  38.52118
 -79.54638,  38.52547
 -79.57070,  38.53935
 -79.57488,  38.54111
 -79.60359,  38.54208
 -79.63212,  38.55734
 -79.63801,  38.56237
 -79.65289,  38.58496
 -79.65957,  38.60747
 -79.65481,  38.62991
 -79.65976,  38.64309
 -79.66888,  38.65248
 -79.68815,  38.67409
 -79.68936,  38.67510
 -79.71284,  38.69774
 -79.71663,  38.69920
 -79.72750,  38.69784
 -79.74550,  38.69254
 -79.76779,  38.69812
 -79.77421,  38.69913
 -79.78305,  38.69822
 -79.80306,  38.69327
 -79.80923,  38.69839
 -79.83161,  38.71653
 -79.83329,  38.72101
 -79.84189,  38.74353
 -79.85999,  38.76052
 -79.87355,  38.76619
 -79.88866,  38.77511
 -79.91741,  38.78318
 -79.94623,  38.78391
 -79.97229,  38.78918
 -79.96600,  38.81163
 -79.96655,  38.83410
 -79.96796,  38.85656
 -79.97307,  38.87907
 -79.97425,  38.88325
 -80.00313,  38.88243
 -80.03195,  38.88770
 -80.04131,  38.90184
 -80.05318,  38.92437
 -80.05177,  38.94683
 -80.03140,  38.96424
 -80.00251,  38.96313
 -79.97944,  38.94651
 -79.97604,  38.92402
 -79.97402,  38.91185
 -79.94523,  38.90175
 -79.91632,  38.90591
 -79.88747,  38.90289
 -79.85844,  38.91978
 -79.85684,  38.92338
 -79.85678,  38.94585
 -79.85815,  38.94927
 -79.87203,  38.96841
 -79.87698,  38.99091
 -79.88648,  39.00925
 -79.91544,  39.00394
 -79.94438,  39.00146
 -79.97323,  39.00985
 -79.98223,  39.01393
 -80.00204,  39.02375
 -80.01334,  39.03655
 -80.02815,  39.05908
 -80.03069,  39.06257
 -80.04807,  39.08164
 -80.05936,  39.10238
 -80.06169,  39.10417
 -80.07307,  39.12669
 -80.06850,  39.14914
 -80.05900,  39.15603
 -80.02991,  39.16925
 -80.02446,  39.17144
 -80.02227,  39.19389
 -80.02972,  39.19736
 -80.05861,  39.19405
 -80.05874,  39.19394
 -80.06133,  39.19406
 -80.08773,  39.19434
 -80.11670,  39.19960
 -80.14568,  39.20256
 -80.15684,  39.21688
 -80.15916,  39.23936
 -80.14646,  39.26180
 -80.14535,  39.26309
 -80.11623,  39.27858
 -80.11310,  39.28416
 -80.11615,  39.29164
 -80.14414,  39.30674
 -80.14510,  39.30804
 -80.15256,  39.30677
 -80.17416,  39.30418
 -80.20322,  39.30164
 -80.22423,  39.30698
 -80.23223,  39.30847
 -80.25252,  39.32952
 -80.26115,  39.34297
 -80.27290,  39.35204
 -80.28787,  39.37455
 -80.29008,  39.37967
 -80.30124,  39.39706
 -80.31908,  39.40252
 -80.34815,  39.41150
 -80.35446,  39.41962
 -80.36494,  39.44211
 -80.37136,  39.46460
 -80.37509,  39.48708
 -80.37706,  39.49715
 -80.39409,  39.48710
 -80.40621,  39.48264
 -80.42578,  39.48713
 -80.43533,  39.48836
 -80.45831,  39.50963
 -80.45928,  39.53211
 -80.46067,  39.55459
 -80.43872,  39.57705
 -80.43520,  39.58136
 -80.42556,  39.59951
 -80.42399,  39.62199
 -80.42562,  39.64447
 -80.43510,  39.66078
 -80.46431,  39.64794
 -80.49350,  39.65528
 -80.50784,  39.66699
 -80.51745,  39.68947
 -80.52270,  39.70315
 -80.52727,  39.71195
 -80.52270,  39.72049
 -80.51863,  39.73442
 -80.52270,  39.73639
 -80.55193,  39.73944
 -80.58116,  39.74223
 -80.61040,  39.75259
 -80.61597,  39.75687
 -80.61215,  39.77934
 -80.62887,  39.80181
 -80.63976,  39.81561
 -80.64822,  39.82427
 -80.65453,  39.84674
 -80.65813,  39.86922
 -80.65539,  39.89170
 -80.63992,  39.91155
 -80.63656,  39.91420
 -80.61063,  39.92891
 -80.60550,  39.93670
 -80.61067,  39.95835
 -80.61150,  39.95918
 -80.61069,  39.96528
 -80.60813,  39.98166
 -80.61071,  39.98273
 -80.64006,  39.99124
 -80.66943,  40.00399
 -80.66982,  40.00408
 -80.69880,  40.01283
 -80.71601,  40.02649
 -80.71779,  40.04897
 -80.70753,  40.07147
 -80.70171,  40.09396
 -80.70238,  40.11644
 -80.70803,  40.13891
 -80.71447,  40.16137
 -80.71699,  40.18385
 -80.72727,  40.20632
 -80.72875,  40.20798
 -80.75155,  40.22875
 -80.75015,  40.25124
 -80.72893,  40.26579
 -80.72048,  40.27377
 -80.71755,  40.29625
 -80.72906,  40.30994
 -80.74280,  40.31869
 -80.75069,  40.34116
 -80.75810,  40.36362
 -80.75574,  40.38611
 -80.75885,  40.39441
 -80.78841,  40.40380
 -80.81792,  40.40376
 -80.83947,  40.40840
 -80.84749,  40.41145
 -80.86880,  40.43079
 -80.85904,  40.45330
 -80.84773,  40.46166
 -80.81821,  40.46833
 -80.79062,  40.47596
 -80.78870,  40.47827
 -80.77745,  40.47599
 -80.75912,  40.47373
 -80.72953,  40.46005
 -80.70956,  40.47612
 -80.71539,  40.49860
 -80.72970,  40.51538
 -80.74809,  40.52102
 -80.75375,  40.54349
 -80.74483,  40.56599
 -80.74329,  40.58847
 -80.75199,  40.61094
 -80.75289,  40.63343
 -80.75976,  40.65128
 -80.76379,  40.65588
 -80.75981,  40.66641
 -80.75861,  40.67838
 -80.75988,  40.68481
 -80.77001,  40.70083
 -80.77676,  40.72330
 -80.77615,  40.74578
 -80.77248,  40.76827
 -80.76022,  40.78202
 -80.75780,  40.79079
 -80.75964,  40.81326
 -80.74510,  40.83578
 -80.73075,  40.85200
 -80.72731,  40.85829
 -80.71468,  40.88080
 -80.71388,  40.90328
 -80.71609,  40.92576
 -80.71249,  40.94825
 -80.70133,  40.96515
 -80.67157,  40.97036
 -80.66162,  40.97080
 -80.64180,  40.97372
 -80.61202,  40.97166
 -80.58225,  40.97810
 -80.55247,  40.98920
 -80.52270,  40.98915
 -80.50600,  40.99337
 -80.49290,  41.01011
 -80.47520,  41.01584
 -80.46310,  41.01913
 -80.43330,  41.01937
 -80.42001,  41.01581
 -80.40352,  41.01091
 -80.38943,  40.99329
 -80.37380,  40.97573
 -80.36701,  40.97078
 -80.35921,  40.94829
 -80.34411,  40.94348
 -80.32023,  40.92575
 -80.31445,  40.91194
 -80.28467,  40.92019
 -80.25492,  40.91753
 -80.23838,  40.90309
 -80.22941,  40.88058
 -80.22535,  40.87782
 -80.20007,  40.88051
 -80.19559,  40.88280
 -80.19200,  40.88048
 -80.16592,  40.87191
 -80.14079,  40.85785
 -80.13632,  40.84731
 -80.12573,  40.83531
 -80.10672,  40.82864
 -80.08349,  40.81267
 -80.08244,  40.79019
 -80.07742,  40.76833
 -80.07668,  40.76768
 -80.07742,  40.76677
 -80.08256,  40.74522
 -80.07990,  40.72273
 -80.07828,  40.70024
 -80.07800,  40.68126
 -80.07362,  40.67774
 -80.04839,  40.67667
 -80.03040,  40.65508
 -80.02402,  40.63258
 -80.01911,  40.62766
 -79.98946,  40.63008
 -79.95997,  40.61514
 -79.95168,  40.60975
 -79.94099,  40.58722
 -79.93919,  40.56473
 -79.96057,  40.54387
 -79.96225,  40.54236
 -79.96059,  40.54078
 -79.93113,  40.52718
 -79.92789,  40.51970
 -79.93124,  40.51520
 -79.93389,  40.49725
 -79.93452,  40.47477
 -79.94292,  40.45233
 -79.95339,  40.42990
 -79.93210,  40.41792
 -79.91904,  40.40725
 -79.90343,  40.38468
 -79.90289,  40.38446
 -79.87357,  40.36373
 -79.87039,  40.36202
 -79.85782,  40.33947
 -79.84446,  40.32471
 -79.83657,  40.31685
 -79.82293,  40.29429
 -79.82059,  40.27179
 -79.82376,  40.24933
 -79.82635,  40.22686
 -79.83537,  40.20444
 -79.84576,  40.19663
 -79.87526,  40.18911
 -79.88041,  40.18222
 -79.87548,  40.16632
 -79.86756,  40.15966
 -79.87561,  40.15334
 -79.88053,  40.13726
 -79.87579,  40.13411
 -79.84640,  40.13304
 -79.81702,  40.13036
 -79.78761,  40.13193
 -79.75839,  40.11497
 -79.75769,  40.11403
 -79.74451,  40.09145
 -79.72943,  40.07805
 -79.70417,  40.06869
 -79.70019,  40.06688
 -79.68476,  40.04607
 -79.68146,  40.02356
 -79.67159,  40.00519
 -79.66458,  40.00096
 -79.64706,  39.97834
 -79.64263,  39.97540
 -79.61349,  39.96116
 -79.60497,  39.95553
 -79.59492,  39.93296
 -79.58988,  39.91045
 -79.59216,  39.88799
 -79.59084,  39.86550
 -79.61506,  39.84542
 -79.61657,  39.84322
 -79.61530,  39.82716
 -79.60248,  39.82063
 -79.58633,  39.80580
 -79.58456,  39.79800
 -79.57430,  39.77544
 -79.57599,  39.75297
 -79.56714,  39.73042
 -79.55818,  39.72808
 -79.55013,  39.73027
 -79.53316,  39.75261
 -79.52855,  39.75512
 -79.52276,  39.75252
 -79.50681,  39.72989
 -79.51194,  39.70746
 -79.52937,  39.68513
 -79.50442,  39.66243
 -79.50092,  39.64942
 -79.49004,  39.63982
 -79.47428,  39.61721
 -79.47231,  39.61211
 -79.45807,  39.59457
 -79.44350,  39.58824
 -79.41681,  39.57170
 -79.41462,  39.57106
 -79.38661,  39.54893
 -79.38589,  39.54533
 -79.36588,  39.52624
 -79.35711,  39.52384
 -79.32816,  39.51294
 -79.29919,  39.50417
 -79.27002,  39.50600
 -79.26031,  39.50264
 -79.24632,  39.48000
 -79.27088,  39.45910
 -79.27175,  39.45781
 -79.27349,  39.43534
 -79.27135,  39.43422
 -79.25912,  39.43518
 -79.24204,  39.44468
 -79.23539,  39.43492
 -79.21352,  39.41459
 -79.20909,  39.41214
 -79.19306,  39.38948
 -79.19099,  39.36697
 -79.21484,  39.34639
 -79.21593,  39.34478
 -79.22465,  39.32241
 -79.24471,  39.30361
 -79.24725,  39.30019
 -79.24485,  39.29596
 -79.23468,  39.27757
 -79.21643,  39.26382
 -79.19382,  39.27710
 -79.19157,  39.29955
 -79.18648,  39.31028
 -79.15759,  39.30230
 -79.15607,  39.29913
 -79.15467,  39.27663
 -79.15819,  39.27263
 -79.18736,  39.26588
 -79.19674,  39.25466
 -79.18868,  39.23209
 -79.18803,  39.23170
 -79.15916,  39.22427
 -79.13024,  39.21954
 -79.12185,  39.20880
 -79.13076,  39.19429
 -79.13171,  39.18645
 -79.13100,  39.18277
 -79.11207,  39.16373
 -79.13183,  39.14227
 -79.13218,  39.14149
 -79.13190,  39.13870
 -79.10292,  39.13863
 -79.07394,  39.13897
 -79.06595,  39.14066
 -79.05827,  39.16304
 -79.04410,  39.17885
 -79.01511,  39.17814
 -78.98636,  39.16777
 -78.96645,  39.16182
 -78.95756,  39.15928
 -78.93447,  39.13889
 -78.93978,  39.11649
 -78.95892,  39.10047
 -78.97260,  39.09447
 -78.95923,  39.08691
 -78.94877,  39.07166
 -78.93536,  39.04900
 -78.93498,  39.02652
 -78.93192,  39.01617
 -78.90863,  39.00367
 -78.90336,  39.00087
 -78.88950,  38.98092
 -78.87502,  38.97689
 -78.84854,  38.98032
 -78.84598,  38.98240
 -78.84381,  38.98025
 -78.81922,  38.95741
 -78.81778,  38.95371
 -78.78930,  38.93732
 -78.78428,  38.93441
 -78.76930,  38.91169
 -78.76129,  38.90298
 -78.75235,  38.88895
 -78.74937,  38.86644
 -78.74598,  38.84391
 -78.74077,  38.82135
 -78.73478,  38.81283
 -78.70626,  38.80062
 -78.67744,  38.80012
 -78.67293,  38.79778
 -78.65675,  38.77504
 -78.64980,  38.75644
 -78.64877,  38.75243
 -78.64198,  38.72985
 -78.64111,  38.70736
 -78.63587,  38.68480
 -78.62970,  38.66223
 -78.63371,  38.63983
 -78.62966,  38.61729
 -78.63409,  38.59489
 -78.63396,  38.57242
 -78.63643,  38.54998
 -78.63906,  38.52756
 -78.63834,  38.50508
 -78.64122,  38.48266
 -78.63899,  38.46016
 -78.64192,  38.43773
 -78.64223,  38.41527
 -78.64637,  38.39287
 -78.65328,  38.37053
 -78.66059,  38.36049
 -78.67922,  38.34849
 -78.68983,  38.33877
 -78.70934,  38.32652
 -78.71897,  38.31966
 -78.74791,  38.30795
 -78.75498,  38.30478
 -78.77682,  38.29646
 -78.79919,  38.28301
 -78.80594,  38.27694
 -78.82283,  38.26090
 -78.83515,  38.25254
 -78.84711,  38.23881
 -78.86459,  38.21803
 -78.86798,  38.21666
 -78.89360,  38.20042
 -78.91847,  38.19493
 -78.92232,  38.19447
 -78.95090,  38.19458
 -78.95848,  38.19550
 -78.97935,  38.20075
 -79.00796,  38.19929
 -79.03654,  38.19934
 -79.06508,  38.20127
 -79.08217,  38.19717
 -79.09378,  38.19569
 -79.12247,  38.19062
 -79.13180,  38.19780
END
 -15.00000, -80.26000,  39.01492
 -80.25881,  39.03739
 -80.25903,  39.05986
 -80.23322,  39.07524
 -80.20428,  39.07582
 -80.18339,  39.05966
 -80.18253,  39.03719
 -80.18235,  39.01471
 -80.20464,  38.99702
 -80.23356,  38.99760
 -80.26000,  39.01492
END
 -15.00000, -79.01330,  39.02760
 -79.01411,  39.05008
 -79.01775,  39.05923
 -79.02133,  39.05018
 -79.02602,  39.02777
 -79.01857,  39.02205
 -79.01330,  39.02760
END
 -15.00000, -78.88863,  39.02586
 -78.88336,  39.04826
 -78.87314,  39.05462
 -78.86273,  39.04796
 -78.86098,  39.02546
 -78.87407,  39.01630
 -78.88863,  39.02586
END
 -15.00000, -79.82298,  39.08047
 -79.82786,  39.08588
 -79.83248,  39.08053
 -79.82805,  39.06699
 -79.82298,  39.08047
END
 -15.00000, -80.30912,  39.10491
 -80.31489,  39.12740
 -80.31649,  39.14987
 -80.30973,  39.17233
 -80.29072,  39.19320
 -80.28455,  39.19475
 -80.26169,  39.20249
 -80.24577,  39.19466
 -80.23274,  39.18807
 -80.20382,  39.17436
 -80.19726,  39.17207
 -80.17994,  39.14954
 -80.18356,  39.12708
 -80.20410,  39.11407
 -80.21980,  39.10471
 -80.23313,  39.09781
 -80.26211,  39.09216
 -80.29105,  39.09526
 -80.30912,  39.10491
END
 -15.00000, -80.79435,  39.41942
 -80.79938,  39.44188
 -80.78469,  39.45846
 -80.75557,  39.45519
 -80.74516,  39.44200
 -80.75121,  39.41952
 -80.75543,  39.41575
 -80.78451,  39.41192
 -80.79435,  39.41942
END
 -15.00000, -80.65553,  39.41967
 -80.66318,  39.44213
 -80.65326,  39.46463
 -80.64549,  39.48711
 -80.64787,  39.50958
 -80.65769,  39.53205
 -80.63929,  39.54838
 -80.61014,  39.54707
 -80.60172,  39.53210
 -80.60483,  39.50962
 -80.60158,  39.48715
 -80.59864,  39.46468
 -80.59454,  39.44220
 -80.60069,  39.41972
 -80.60996,  39.41234
 -80.63905,  39.41174
 -80.65553,  39.41967
END
 -15.00000, -80.37433,  39.53203
 -80.37698,  39.53630
 -80.37822,  39.53204
 -80.37700,  39.52377
 -80.37433,  39.53203
END
 -15.00000, -80.65324,  39.62196
 -80.65481,  39.64444
 -80.63949,  39.66203
 -80.61029,  39.66341
 -80.59184,  39.64449
 -80.59305,  39.62201
 -80.61022,  39.60742
 -80.63940,  39.60892
 -80.65324,  39.62196
END
 -15.00000, -80.79926,  39.66665
 -80.80415,  39.68912
 -80.78920,  39.71164
 -80.78568,  39.71385
 -80.75647,  39.71541
 -80.74870,  39.71172
 -80.73078,  39.68928
 -80.73572,  39.66679
 -80.75626,  39.65596
 -80.78546,  39.65674
 -80.79926,  39.66665
END
 -15.00000, -80.88775,  39.68888
 -80.87329,  39.70268
 -80.85808,  39.68897
 -80.87311,  39.66806
 -80.88775,  39.68888
END
 -15.00000, -79.66965,  39.88859
 -79.67303,  39.89169
 -79.67444,  39.88863
 -79.67309,  39.88739
 -79.66965,  39.88859
END
 -14.00000, -79.37796,  38.82964
 -79.39755,  38.84527
 -79.41032,  38.85244
 -79.42616,  38.85998
 -79.43887,  38.87519
 -79.45460,  38.88690
 -79.47811,  38.89803
 -79.48328,  38.89902
 -79.51189,  38.91705
 -79.51756,  38.92086
 -79.54054,  38.93277
 -79.55026,  38.92115
 -79.56968,  38.91509
 -79.57605,  38.92137
 -79.57980,  38.94387
 -79.56915,  38.95255
 -79.55414,  38.96613
 -79.55534,  38.98860
 -79.56851,  38.99874
 -79.59754,  38.99042
 -79.60422,  38.98901
 -79.62655,  38.98296
 -79.63184,  38.98923
 -79.63171,  39.01171
 -79.64088,  39.03425
 -79.65466,  39.04524
 -79.68347,  39.05524
 -79.69061,  39.05710
 -79.71227,  39.06752
 -79.74110,  39.07722
 -79.77006,  39.07654
 -79.77091,  39.08014
 -79.77849,  39.10266
 -79.79839,  39.12526
 -79.79848,  39.12534
 -79.82734,  39.13639
 -79.83635,  39.12550
 -79.85653,  39.11440
 -79.88556,  39.10771
 -79.91447,  39.11334
 -79.94224,  39.12609
 -79.94328,  39.13191
 -79.94515,  39.14858
 -79.94296,  39.16848
 -79.94255,  39.17104
 -79.93963,  39.19350
 -79.92049,  39.21587
 -79.91350,  39.22143
 -79.90202,  39.23825
 -79.91326,  39.24814
 -79.94225,  39.25182
 -79.97122,  39.25814
 -79.98525,  39.26115
 -80.00018,  39.26727
 -80.02917,  39.27234
 -80.04279,  39.28388
 -80.03565,  39.30633
 -80.05790,  39.31564
 -80.07452,  39.32896
 -80.08685,  39.33262
 -80.10025,  39.35153
 -80.11574,  39.35969
 -80.14474,  39.37252
 -80.14754,  39.37417
 -80.16353,  39.39670
 -80.17364,  39.40601
 -80.20274,  39.40203
 -80.22710,  39.41936
 -80.23174,  39.42361
 -80.23621,  39.44186
 -80.23163,  39.44773
 -80.20637,  39.46426
 -80.20242,  39.47142
 -80.19802,  39.48671
 -80.20230,  39.49582
 -80.20985,  39.50922
 -80.21513,  39.53171
 -80.23121,  39.54652
 -80.24930,  39.55428
 -80.26031,  39.56002
 -80.28880,  39.57684
 -80.28940,  39.57735
 -80.31531,  39.59937
 -80.31849,  39.60121
 -80.34761,  39.62074
 -80.34930,  39.62191
 -80.35899,  39.64439
 -80.34753,  39.65106
 -80.33215,  39.66683
 -80.31827,  39.67480
 -80.31310,  39.68927
 -80.31820,  39.69570
 -80.34740,  39.70188
 -80.35707,  39.71183
 -80.37378,  39.73432
 -80.37477,  39.75681
 -80.37473,  39.77929
 -80.37312,  39.80176
 -80.36492,  39.82423
 -80.37564,  39.84673
 -80.37630,  39.84690
 -80.37952,  39.84673
 -80.40559,  39.83717
 -80.42182,  39.84678
 -80.43485,  39.85086
 -80.44698,  39.84679
 -80.44887,  39.82432
 -80.43490,  39.81750
 -80.40564,  39.81205
 -80.38348,  39.80177
 -80.37915,  39.77929
 -80.40573,  39.76130
 -80.43497,  39.76204
 -80.46421,  39.76566
 -80.48830,  39.77937
 -80.49344,  39.79082
 -80.49853,  39.80186
 -80.51020,  39.82434
 -80.51242,  39.84682
 -80.50111,  39.86930
 -80.49376,  39.89178
 -80.49339,  39.89222
 -80.47860,  39.91425
 -80.46407,  39.92460
 -80.45891,  39.93671
 -80.46404,  39.95104
 -80.47440,  39.95920
 -80.47131,  39.98168
 -80.49335,  39.98746
 -80.52270,  39.99013
 -80.53545,  40.00417
 -80.55118,  40.02665
 -80.55206,  40.02937
 -80.56463,  40.04913
 -80.58144,  40.05935
 -80.59190,  40.07160
 -80.59499,  40.09407
 -80.58237,  40.11656
 -80.58149,  40.11797
 -80.57642,  40.13905
 -80.57962,  40.16152
 -80.58154,  40.17007
 -80.58943,  40.18400
 -80.59885,  40.20647
 -80.60107,  40.22895
 -80.60791,  40.25143
 -80.61108,  40.26286
 -80.61812,  40.27390
 -80.62537,  40.29637
 -80.63304,  40.31885
 -80.63271,  40.34134
 -80.63049,  40.36382
 -80.62182,  40.38631
 -80.64077,  40.39266
 -80.65808,  40.40875
 -80.66072,  40.43123
 -80.65993,  40.45371
 -80.64676,  40.47621
 -80.64398,  40.49870
 -80.65625,  40.52116
 -80.66183,  40.54364
 -80.66505,  40.56612
 -80.66170,  40.58860
 -80.67075,  40.60159
 -80.68015,  40.61106
 -80.68438,  40.63354
 -80.68559,  40.65602
 -80.67090,  40.66945
 -80.66518,  40.67853
 -80.67097,  40.69992
 -80.67180,  40.70100
 -80.67359,  40.72348
 -80.67807,  40.74596
 -80.69607,  40.76841
 -80.69284,  40.79090
 -80.69057,  40.81339
 -80.67126,  40.82933
 -80.66797,  40.83590
 -80.67131,  40.85493
 -80.67321,  40.85838
 -80.67133,  40.86000
 -80.66147,  40.88087
 -80.65693,  40.90336
 -80.64170,  40.91645
 -80.63008,  40.92587
 -80.61198,  40.93511
 -80.58222,  40.94361
 -80.56118,  40.94840
 -80.55246,  40.95424
 -80.52270,  40.96548
 -80.49292,  40.96384
 -80.46316,  40.95714
 -80.43338,  40.96273
 -80.40363,  40.95047
 -80.40186,  40.94835
 -80.38255,  40.92584
 -80.37392,  40.92068
 -80.34599,  40.90331
 -80.34422,  40.90204
 -80.32185,  40.88078
 -80.31457,  40.87431
 -80.28484,  40.87376
 -80.25516,  40.86009
 -80.25233,  40.85816
 -80.23286,  40.83562
 -80.22557,  40.82783
 -80.19659,  40.81305
 -80.19594,  40.81194
 -80.17939,  40.79052
 -80.17065,  40.76801
 -80.16650,  40.76163
 -80.15349,  40.74547
 -80.14928,  40.72298
 -80.13800,  40.70045
 -80.13718,  40.69950
 -80.12066,  40.67792
 -80.11176,  40.65540
 -80.10787,  40.64512
 -80.09391,  40.63286
 -80.07841,  40.61894
 -80.07024,  40.61028
 -80.06029,  40.58776
 -80.05863,  40.56527
 -80.07758,  40.54286
 -80.07088,  40.52035
 -80.07922,  40.49791
 -80.07922,  40.49789
 -80.07050,  40.47539
 -80.04994,  40.45759
 -80.04250,  40.45279
 -80.02057,  40.43483
 -80.01793,  40.43021
 -79.99313,  40.40761
 -79.99129,  40.40253
 -79.97972,  40.38507
 -79.99160,  40.36306
 -79.99181,  40.36264
 -80.02117,  40.35393
 -80.03658,  40.34036
 -80.03827,  40.31788
 -80.03089,  40.29537
 -80.02264,  40.27285
 -80.02179,  40.27209
 -79.99239,  40.26361
 -79.96304,  40.25043
 -79.96246,  40.25009
 -79.94988,  40.22755
 -79.94700,  40.20506
 -79.94406,  40.18256
 -79.93434,  40.16418
 -79.93227,  40.16002
 -79.93445,  40.15182
 -79.93628,  40.13756
 -79.93461,  40.13386
 -79.90537,  40.11562
 -79.90417,  40.11491
 -79.87606,  40.10658
 -79.84680,  40.09358
 -79.83202,  40.09201
 -79.81760,  40.07562
 -79.81683,  40.06944
 -79.80107,  40.04686
 -79.80286,  40.02439
 -79.81829,  40.01001
 -79.84083,  40.00214
 -79.82715,  39.97958
 -79.81866,  39.97417
 -79.79187,  39.95688
 -79.78955,  39.95390
 -79.76827,  39.93424
 -79.76054,  39.92676
 -79.74735,  39.91162
 -79.73724,  39.88908
 -79.73181,  39.87639
 -79.71821,  39.86647
 -79.70277,  39.85561
 -79.69012,  39.84378
 -79.69374,  39.82133
 -79.70326,  39.81526
 -79.73260,  39.80858
 -79.75444,  39.79927
 -79.74387,  39.77672
 -79.73305,  39.77129
 -79.70395,  39.75888
 -79.69558,  39.75391
 -79.68327,  39.73133
 -79.67513,  39.72535
 -79.64662,  39.70858
 -79.64614,  39.70689
 -79.64049,  39.68605
 -79.62339,  39.66344
 -79.61756,  39.65917
 -79.59624,  39.64074
 -79.58887,  39.62308
 -79.58350,  39.61816
 -79.55996,  39.60367
 -79.54591,  39.59536
 -79.54829,  39.57291
 -79.56047,  39.56778
 -79.58980,  39.55556
 -79.59339,  39.55080
 -79.59008,  39.53506
 -79.58794,  39.52828
 -79.56114,  39.52036
 -79.53210,  39.51401
 -79.50696,  39.50511
 -79.50313,  39.50283
 -79.47810,  39.48237
 -79.47437,  39.47918
 -79.45765,  39.45971
 -79.44764,  39.43713
 -79.44598,  39.43337
 -79.42904,  39.41447
 -79.41726,  39.40986
 -79.39934,  39.39171
 -79.39118,  39.36915
 -79.38910,  39.35404
 -79.38621,  39.34662
 -79.38562,  39.32414
 -79.38971,  39.31751
 -79.39292,  39.30173
 -79.39400,  39.27927
 -79.39043,  39.27389
 -79.36160,  39.26273
 -79.34999,  39.25635
 -79.33758,  39.23375
 -79.33318,  39.22805
 -79.30431,  39.21983
 -79.27537,  39.21617
 -79.27207,  39.21056
 -79.26349,  39.18799
 -79.25564,  39.16543
 -79.24767,  39.14593
 -79.24568,  39.14284
 -79.21905,  39.12754
 -79.21320,  39.12000
 -79.19368,  39.09729
 -79.19331,  39.07481
 -79.22046,  39.05380
 -79.22610,  39.05272
 -79.23879,  39.03039
 -79.22628,  39.00777
 -79.22141,  39.00430
 -79.19419,  38.98492
 -79.19308,  38.97396
 -79.18879,  38.96239
 -79.16463,  38.95116
 -79.15636,  38.93953
 -79.16524,  38.92041
 -79.19386,  38.93389
 -79.19785,  38.94003
 -79.22235,  38.95501
 -79.25113,  38.96147
 -79.28008,  38.95877
 -79.30911,  38.95097
 -79.33806,  38.94815
 -79.35138,  38.94173
 -79.35787,  38.91932
 -79.36275,  38.89690
 -79.36169,  38.87442
 -79.36063,  38.85193
 -79.36268,  38.82949
 -79.36901,  38.82655
 -79.37796,  38.82964
END
 -14.00000, -79.72116,  38.98990
 -79.71317,  38.99231
 -79.71169,  38.98984
 -79.71322,  38.98731
 -79.72116,  38.98990
END
 -14.00000, -79.43704,  38.98753
 -79.44209,  39.01005
 -79.44724,  39.03257
 -79.45216,  39.04258
 -79.48107,  39.04395
 -79.48676,  39.03294
 -79.48373,  39.01044
 -79.49160,  38.98804
 -79.48225,  38.96678
 -79.45332,  38.96869
 -79.43704,  38.98753
END
 -14.00000, -79.97286,  39.08130
 -79.97265,  39.08184
 -79.97243,  39.08130
 -79.97266,  39.08112
 -79.97286,  39.08130
END
 -14.00000, -79.42120,  39.07727
 -79.42233,  39.09743
 -79.42376,  39.07729
 -79.42268,  39.07632
 -79.42120,  39.07727
END
 -14.00000, -79.26176,  39.07560
 -79.26046,  39.09806
 -79.27718,  39.11741
 -79.30508,  39.09855
 -79.29635,  39.07598
 -79.27813,  39.06526
 -79.26176,  39.07560
END
 -14.00000, -79.08345,  39.07346
 -79.08352,  39.09594
 -79.07472,  39.10223
 -79.06381,  39.09569
 -79.06578,  39.07323
 -79.07549,  39.06655
 -79.08345,  39.07346
END
 -14.00000, -79.29549,  39.12092
 -79.30580,  39.13672
 -79.31583,  39.14361
 -79.33460,  39.14640
 -79.36354,  39.14865
 -79.38902,  39.14437
 -79.39268,  39.12193
 -79.36416,  39.11268
 -79.33514,  39.11607
 -79.30634,  39.10614
 -79.29549,  39.12092
END
 -14.00000, -79.41155,  39.16707
 -79.40818,  39.18951
 -79.41866,  39.21209
 -79.42028,  39.22397
 -79.42327,  39.21214
 -79.43520,  39.18977
 -79.42664,  39.16722
 -79.42134,  39.15897
 -79.41155,  39.16707
END
 -14.00000, -79.99467,  39.32862
 -79.99969,  39.33059
 -80.02865,  39.34356
 -80.05093,  39.32887
 -80.02892,  39.30767
 -79.99974,  39.32423
 -79.99467,  39.32862
END
 -14.00000, -79.34892,  39.32377
 -79.34882,  39.34624
 -79.33097,  39.35355
 -79.30901,  39.34582
 -79.31621,  39.32342
 -79.33167,  39.31401
 -79.34892,  39.32377
END
 -14.00000, -79.47301,  39.39241
 -79.47569,  39.39368
 -79.47688,  39.39245
 -79.47584,  39.38414
 -79.47301,  39.39241
END
 -14.00000, -79.28004,  39.39046
 -79.27206,  39.39577
 -79.26500,  39.39030
 -79.27240,  39.37718
 -79.28004,  39.39046
END
 -14.00000, -79.85012,  40.02468
 -79.85471,  40.04719
 -79.87655,  40.05567
 -79.88720,  40.04737
 -79.88386,  40.02487
 -79.87692,  40.01728
 -79.85012,  40.02468
END
 -13.00000, -80.09370,  39.82353
 -80.09877,  39.84604
 -80.08338,  39.86718
 -80.05463,  39.84586
 -80.06445,  39.82342
 -80.08372,  39.81553
 -80.09370,  39.82353
END
 -13.00000, -80.27843,  39.98143
 -80.25859,  39.99812
 -80.22923,  40.00269
 -80.21724,  39.98129
 -80.22937,  39.97026
 -80.25870,  39.97089
 -80.27843,  39.98143
END
 -13.00000, -80.19595,  40.02619
 -80.19975,  40.03001
 -80.21540,  40.04872
 -80.22900,  40.05327
 -80.25024,  40.07129
 -80.25022,  40.09377
 -80.22875,  40.11088
 -80.19939,  40.10402
 -80.17005,  40.09430
 -80.16901,  40.09355
 -80.16882,  40.07107
 -80.16196,  40.04857
 -80.16178,  40.02609
 -80.17046,  40.01743
 -80.19595,  40.02619
END
 -13.00000, -80.33080,  40.16137
 -80.34617,  40.17255
 -80.35727,  40.18390
 -80.36027,  40.20638
 -80.35952,  40.22886
 -80.36464,  40.25135
 -80.37540,  40.25750
 -80.40388,  40.27388
 -80.40482,  40.27748
 -80.41344,  40.29637
 -80.41224,  40.31885
 -80.40845,  40.34133
 -80.42186,  40.36382
 -80.43416,  40.37788
 -80.43947,  40.38632
 -80.45724,  40.40881
 -80.46364,  40.41270
 -80.49001,  40.43131
 -80.49316,  40.43778
 -80.50115,  40.45379
 -80.50171,  40.47627
 -80.50820,  40.49876
 -80.52270,  40.50965
 -80.53230,  40.52124
 -80.53436,  40.54372
 -80.53375,  40.56620
 -80.52971,  40.58869
 -80.53925,  40.61116
 -80.53630,  40.63366
 -80.55233,  40.65131
 -80.55646,  40.65613
 -80.58199,  40.67784
 -80.58243,  40.67860
 -80.58199,  40.68245
 -80.57824,  40.70108
 -80.57432,  40.72357
 -80.58104,  40.74604
 -80.58205,  40.74763
 -80.60062,  40.76852
 -80.60474,  40.79100
 -80.61137,  40.81347
 -80.60677,  40.83596
 -80.60914,  40.85844
 -80.60047,  40.88093
 -80.58846,  40.90342
 -80.58219,  40.90724
 -80.55450,  40.92592
 -80.55245,  40.92725
 -80.54747,  40.92592
 -80.52270,  40.92440
 -80.50800,  40.92592
 -80.49294,  40.93154
 -80.48267,  40.92592
 -80.46319,  40.91871
 -80.43592,  40.90341
 -80.43346,  40.89953
 -80.40701,  40.88090
 -80.40376,  40.87924
 -80.37405,  40.86438
 -80.36340,  40.85836
 -80.34440,  40.83618
 -80.34405,  40.83585
 -80.33047,  40.81335
 -80.31480,  40.79777
 -80.30842,  40.79083
 -80.29575,  40.76832
 -80.28525,  40.75771
 -80.27128,  40.74579
 -80.26388,  40.72329
 -80.26801,  40.70082
 -80.26614,  40.67833
 -80.25594,  40.66364
 -80.24902,  40.65581
 -80.23301,  40.63329
 -80.22647,  40.62698
 -80.21474,  40.61076
 -80.20910,  40.58826
 -80.21965,  40.56581
 -80.22676,  40.56148
 -80.24709,  40.54339
 -80.24733,  40.52091
 -80.23401,  40.49839
 -80.23171,  40.47591
 -80.23602,  40.45343
 -80.24212,  40.43097
 -80.22739,  40.41864
 -80.21808,  40.40843
 -80.21306,  40.38593
 -80.22503,  40.36348
 -80.22765,  40.36182
 -80.24998,  40.34106
 -80.25731,  40.32184
 -80.26070,  40.31860
 -80.28689,  40.29720
 -80.29211,  40.29619
 -80.29068,  40.27370
 -80.28885,  40.25122
 -80.28989,  40.22874
 -80.28718,  40.21506
 -80.28069,  40.20625
 -80.28725,  40.19334
 -80.29117,  40.18378
 -80.30677,  40.16133
 -80.31681,  40.15099
 -80.33080,  40.16137
END
 -13.00000, -80.23540,  40.22862
 -80.23289,  40.25109
 -80.22812,  40.25545
 -80.21980,  40.25106
 -80.21821,  40.22857
 -80.22826,  40.22417
 -80.23540,  40.22862
END
 -12.00000, -80.51035,  40.79103
 -80.52270,  40.79293
 -80.55239,  40.79226
 -80.56882,  40.81350
 -80.57179,  40.83598
 -80.56889,  40.85846
 -80.55243,  40.88002
 -80.52270,  40.87940
 -80.50426,  40.88095
 -80.49296,  40.88496
 -80.48721,  40.88095
 -80.46725,  40.85846
 -80.46325,  40.84921
 -80.45267,  40.83597
 -80.46212,  40.81349
 -80.46329,  40.81120
 -80.47018,  40.79102
 -80.49300,  40.77914
 -80.51035,  40.79103
END
END
