 -15.00000, -78.72477,  39.20318
 -78.74755,  39.22602
 -78.75182,  39.24857
 -78.75215,  39.25504
 -78.75332,  39.27107
 -78.75160,  39.27598
 -78.74771,  39.29346
 -78.72160,  39.31219
 -78.69761,  39.29266
 -78.69357,  39.27436
 -78.69189,  39.27009
 -78.69297,  39.24763
 -78.69444,  39.24194
 -78.69779,  39.22523
 -78.72416,  39.20317
 -78.72451,  39.20278
 -78.72477,  39.20318
END
 -15.00000, -79.07080,  39.43293
 -79.06757,  39.43620
 -79.06560,  39.43286
 -79.06770,  39.43069
 -79.07080,  39.43293
END
 -15.00000, -78.91847,  39.61073
 -78.94560,  39.63358
 -78.93764,  39.65595
 -78.91648,  39.67071
 -78.90836,  39.67802
 -78.90032,  39.70039
 -78.88638,  39.70773
 -78.85723,  39.70448
 -78.85226,  39.69970
 -78.84895,  39.67717
 -78.85815,  39.66764
 -78.88759,  39.65761
 -78.89158,  39.65530
 -78.89996,  39.63294
 -78.91757,  39.61071
 -78.91792,  39.61042
 -78.91847,  39.61073
END
 -15.00000, -78.72323,  39.72021
 -78.72983,  39.74280
 -78.70997,  39.74734
 -78.70338,  39.74238
 -78.70599,  39.71994
 -78.71088,  39.71371
 -78.72323,  39.72021
END
 -15.00000, -78.62329,  39.71859
 -78.63792,  39.74132
 -78.64028,  39.76384
 -78.64017,  39.78632
 -78.62336,  39.80853
 -78.62047,  39.81019
 -78.61583,  39.80840
 -78.59630,  39.78559
 -78.59863,  39.76314
 -78.60670,  39.74080
 -78.62284,  39.71858
 -78.62305,  39.71845
 -78.62329,  39.71859
END
 -15.00000, -79.18174,  39.79398
 -79.17680,  39.79802
 -79.17010,  39.79384
 -79.17720,  39.77794
 -79.18174,  39.79398
END
 -15.00000, -79.84692,  39.93473
 -79.84834,  39.94079
 -79.85174,  39.95724
 -79.84797,  39.97747
 -79.84763,  39.97970
 -79.83235,  40.00209
 -79.81831,  40.00836
 -79.80832,  40.00194
 -79.80093,  39.97942
 -79.80441,  39.95695
 -79.80605,  39.93449
 -79.81924,  39.91978
 -79.84692,  39.93473
END
 -15.00000, -78.94389,  39.97079
 -78.94874,  39.99334
 -78.93782,  40.00548
 -78.90845,  40.00635
 -78.89679,  39.99261
 -78.90167,  39.97020
 -78.90946,  39.96410
 -78.93875,  39.96603
 -78.94389,  39.97079
END
 -15.00000, -78.74043,  39.96780
 -78.74812,  39.99041
 -78.73228,  40.00790
 -78.71867,  40.01243
 -78.70321,  40.03467
 -78.70214,  40.03704
 -78.69328,  40.05700
 -78.67196,  40.06640
 -78.65159,  40.05633
 -78.64533,  40.03374
 -78.65437,  40.01140
 -78.67373,  40.00237
 -78.69109,  39.98951
 -78.70399,  39.96867
 -78.70844,  39.96730
 -78.73349,  39.96269
 -78.74043,  39.96780
END
 -15.00000, -79.02837,  40.03938
 -79.02505,  40.04255
 -79.02118,  40.03929
 -79.02533,  40.03014
 -79.02837,  40.03938
END
 -15.00000, -78.82409,  40.03653
 -78.81952,  40.04055
 -78.81615,  40.03641
 -78.81973,  40.03207
 -78.82409,  40.03653
END
 -15.00000, -79.58460,  40.06778
 -79.59154,  40.09031
 -79.58220,  40.10149
 -79.55296,  40.09082
 -79.55263,  40.08999
 -79.55299,  40.08911
 -79.57892,  40.06773
 -79.58270,  40.06617
 -79.58460,  40.06778
END
 -15.00000, -78.55312,  40.07716
 -78.55409,  40.07803
 -78.57440,  40.10001
 -78.58259,  40.10886
 -78.58920,  40.12275
 -78.59201,  40.14528
 -78.58654,  40.16767
 -78.58765,  40.19018
 -78.57983,  40.20394
 -78.56828,  40.21233
 -78.55653,  40.23462
 -78.54936,  40.23873
 -78.51966,  40.24683
 -78.49682,  40.23358
 -78.49084,  40.22557
 -78.48459,  40.21088
 -78.48548,  40.18841
 -78.48020,  40.16582
 -78.48337,  40.14340
 -78.48627,  40.12096
 -78.49329,  40.09860
 -78.49477,  40.09592
 -78.50471,  40.07631
 -78.52520,  40.06147
 -78.55312,  40.07716
END
 -15.00000, -79.51874,  40.13466
 -79.49330,  40.14840
 -79.46381,  40.15317
 -79.45182,  40.13406
 -79.46437,  40.11781
 -79.49371,  40.12222
 -79.51874,  40.13466
END
 -15.00000, -78.84579,  40.12679
 -78.84357,  40.14924
 -78.81644,  40.16184
 -78.79701,  40.14855
 -78.79865,  40.12609
 -78.81770,  40.11205
 -78.84579,  40.12679
END
 -15.00000, -78.94467,  40.21812
 -78.94862,  40.24067
 -78.93805,  40.26300
 -78.93133,  40.27944
 -78.91226,  40.26265
 -78.90236,  40.25840
 -78.89474,  40.23991
 -78.90156,  40.21753
 -78.90342,  40.21489
 -78.93311,  40.20476
 -78.94467,  40.21812
END
 -15.00000, -80.23621,  40.27358
 -80.23795,  40.29607
 -80.22790,  40.30481
 -80.20375,  40.31846
 -80.19827,  40.33587
 -80.19717,  40.34093
 -80.18089,  40.36336
 -80.16853,  40.38149
 -80.16035,  40.36329
 -80.14979,  40.34078
 -80.15388,  40.31831
 -80.16896,  40.30172
 -80.18315,  40.29592
 -80.19854,  40.27967
 -80.20484,  40.27350
 -80.22807,  40.26760
 -80.23621,  40.27358
END
 -15.00000, -79.66867,  40.31573
 -79.69319,  40.33839
 -79.66710,  40.35806
 -79.65285,  40.33810
 -79.66697,  40.31572
 -79.66764,  40.31540
 -79.66867,  40.31573
END
 -15.00000, -79.94038,  40.33992
 -79.93272,  40.34854
 -79.90589,  40.33973
 -79.93292,  40.32531
 -79.94038,  40.33992
END
 -15.00000, -79.78716,  40.33904
 -79.78529,  40.34227
 -79.76584,  40.33890
 -79.78537,  40.33507
 -79.78716,  40.33904
END
 -15.00000, -79.88853,  40.38460
 -79.90269,  40.40588
 -79.90372,  40.40717
 -79.90601,  40.42966
 -79.90231,  40.44587
 -79.90150,  40.45212
 -79.87254,  40.46892
 -79.84311,  40.45737
 -79.84062,  40.45177
 -79.83938,  40.42929
 -79.84353,  40.40683
 -79.84363,  40.40672
 -79.86061,  40.38445
 -79.87351,  40.36947
 -79.88853,  40.38460
END
 -15.00000, -79.20185,  40.37877
 -79.19726,  40.40120
 -79.19407,  40.40561
 -79.16434,  40.41558
 -79.14711,  40.40061
 -79.14635,  40.37812
 -79.16545,  40.36087
 -79.19487,  40.36558
 -79.20185,  40.37877
END
 -15.00000, -77.72155,  40.37473
 -77.74736,  40.39658
 -77.74855,  40.39787
 -77.76540,  40.42077
 -77.77554,  40.42932
 -77.77820,  40.44357
 -77.77474,  40.44875
 -77.74979,  40.46538
 -77.74400,  40.47723
 -77.73517,  40.48752
 -77.71361,  40.49680
 -77.70547,  40.48679
 -77.69952,  40.46416
 -77.68615,  40.44695
 -77.68398,  40.44128
 -77.68690,  40.42911
 -77.69304,  40.41901
 -77.70781,  40.39688
 -77.71734,  40.37462
 -77.71878,  40.37376
 -77.72155,  40.37473
END
 -15.00000, -80.32521,  40.43114
 -80.31640,  40.45361
 -80.31587,  40.45436
 -80.31553,  40.45361
 -80.31077,  40.43112
 -80.31596,  40.42581
 -80.32521,  40.43114
END
 -15.00000, -80.02983,  40.43026
 -80.03012,  40.45274
 -80.02038,  40.45987
 -80.01244,  40.47515
 -80.01112,  40.49762
 -80.00636,  40.52008
 -79.99824,  40.54253
 -80.01960,  40.56255
 -80.04922,  40.55970
 -80.07883,  40.55700
 -80.10845,  40.55195
 -80.12749,  40.56553
 -80.13790,  40.57581
 -80.14212,  40.58806
 -80.13779,  40.59606
 -80.12588,  40.61048
 -80.10795,  40.63181
 -80.10748,  40.63290
 -80.10793,  40.63447
 -80.11996,  40.65543
 -80.13584,  40.67797
 -80.13730,  40.67986
 -80.14813,  40.70049
 -80.16679,  40.70798
 -80.19258,  40.72311
 -80.19634,  40.72989
 -80.20267,  40.74562
 -80.20625,  40.76811
 -80.20797,  40.79060
 -80.20630,  40.81307
 -80.20232,  40.83555
 -80.22546,  40.85189
 -80.25105,  40.83567
 -80.25527,  40.83117
 -80.28124,  40.81326
 -80.28506,  40.81171
 -80.31478,  40.80581
 -80.34447,  40.80774
 -80.36792,  40.79092
 -80.37423,  40.78459
 -80.37772,  40.79094
 -80.37421,  40.79437
 -80.34991,  40.81338
 -80.35664,  40.83587
 -80.34435,  40.85538
 -80.34067,  40.85833
 -80.31458,  40.86839
 -80.29810,  40.88074
 -80.28989,  40.90321
 -80.28470,  40.91222
 -80.27557,  40.92566
 -80.26916,  40.94813
 -80.26064,  40.97059
 -80.25948,  40.99307
 -80.26888,  41.01558
 -80.26746,  41.03805
 -80.27169,  41.06054
 -80.25993,  41.08300
 -80.26361,  41.10549
 -80.25754,  41.12796
 -80.26193,  41.15045
 -80.28375,  41.17258
 -80.28524,  41.17298
 -80.30732,  41.19551
 -80.31261,  41.21800
 -80.30959,  41.24048
 -80.31134,  41.26296
 -80.30480,  41.28543
 -80.31320,  41.30446
 -80.31871,  41.30794
 -80.32941,  41.33044
 -80.34303,  41.34136
 -80.37296,  41.34665
 -80.38081,  41.33051
 -80.38406,  41.30804
 -80.39819,  41.28557
 -80.40304,  41.27601
 -80.42892,  41.26312
 -80.43297,  41.26162
 -80.43543,  41.26312
 -80.44688,  41.28561
 -80.45486,  41.30810
 -80.45537,  41.33057
 -80.45780,  41.35306
 -80.46278,  41.36546
 -80.49274,  41.36784
 -80.52270,  41.35562
 -80.54034,  41.37556
 -80.53931,  41.39804
 -80.53248,  41.42052
 -80.52739,  41.44300
 -80.52270,  41.44961
 -80.49560,  41.46548
 -80.49269,  41.46996
 -80.47978,  41.48796
 -80.48241,  41.51043
 -80.48267,  41.53292
 -80.48842,  41.55540
 -80.49136,  41.57788
 -80.47794,  41.60036
 -80.46256,  41.60820
 -80.45110,  41.62283
 -80.44503,  41.64530
 -80.44039,  41.66778
 -80.43995,  41.69026
 -80.43237,  41.69803
 -80.42091,  41.71272
 -80.40221,  41.73086
 -80.39533,  41.73518
 -80.40218,  41.74204
 -80.42152,  41.75768
 -80.43228,  41.76252
 -80.44886,  41.75771
 -80.45698,  41.73523
 -80.46246,  41.72366
 -80.47733,  41.73524
 -80.47347,  41.75772
 -80.47518,  41.78020
 -80.49204,  41.80268
 -80.49254,  41.80321
 -80.50333,  41.82516
 -80.50429,  41.84764
 -80.49870,  41.87012
 -80.49250,  41.88649
 -80.48952,  41.89260
 -80.46743,  41.91507
 -80.46227,  41.91822
 -80.44756,  41.93753
 -80.45148,  41.96001
 -80.45153,  41.98249
 -80.45199,  42.00497
 -80.44524,  42.02744
 -80.45566,  42.04993
 -80.46215,  42.05442
 -80.47849,  42.04994
 -80.49242,  42.04448
 -80.50352,  42.02747
 -80.52270,  42.01569
 -80.55295,  42.01035
 -80.55566,  42.02746
 -80.55386,  42.04994
 -80.55296,  42.05119
 -80.54581,  42.07242
 -80.54269,  42.09490
 -80.54030,  42.11737
 -80.52911,  42.13985
 -80.52270,  42.15912
 -80.52200,  42.16233
 -80.50741,  42.18481
 -80.50719,  42.20728
 -80.50956,  42.22976
 -80.50854,  42.25224
 -80.50771,  42.27470
 -80.52270,  42.28902
 -80.53591,  42.27470
 -80.54869,  42.25223
 -80.55305,  42.25052
 -80.55702,  42.25223
 -80.58343,  42.26143
 -80.58908,  42.27469
 -80.58663,  42.29716
 -80.58347,  42.30027
 -80.56641,  42.31966
 -80.56539,  42.34212
 -80.56790,  42.36460
 -80.56306,  42.38708
 -80.56529,  42.40955
 -80.55846,  42.43202
 -80.56425,  42.45450
 -80.56993,  42.47697
 -80.56635,  42.49944
 -80.55318,  42.51902
 -80.55144,  42.52192
 -80.54005,  42.54439
 -80.54475,  42.56686
 -80.53900,  42.58934
 -80.54926,  42.61180
 -80.54722,  42.63428
 -80.55325,  42.64513
 -80.56989,  42.65675
 -80.58382,  42.67046
 -80.60118,  42.65673
 -80.61434,  42.64547
 -80.63703,  42.65670
 -80.64492,  42.66116
 -80.65228,  42.67915
 -80.65337,  42.70162
 -80.65302,  42.72409
 -80.65155,  42.74656
 -80.64571,  42.76904
 -80.64513,  42.77011
 -80.61454,  42.78469
 -80.59726,  42.79155
 -80.58395,  42.80584
 -80.58007,  42.81403
 -80.58379,  42.83649
 -80.58398,  42.83660
 -80.61462,  42.84501
 -80.64526,  42.84173
 -80.67593,  42.85061
 -80.68717,  42.83640
 -80.70141,  42.81391
 -80.70646,  42.81064
 -80.73707,  42.80420
 -80.76771,  42.80676
 -80.77184,  42.81379
 -80.77840,  42.83624
 -80.77820,  42.85871
 -80.77000,  42.88119
 -80.78111,  42.90364
 -80.79265,  42.92607
 -80.79889,  42.93642
 -80.80437,  42.94852
 -80.81216,  42.97097
 -80.82034,  42.99341
 -80.81660,  43.01589
 -80.82541,  43.03833
 -80.81747,  43.06082
 -80.82731,  43.08326
 -80.81808,  43.10575
 -80.82347,  43.12820
 -80.81813,  43.15068
 -80.81797,  43.17314
 -80.81803,  43.19560
 -80.81160,  43.21808
 -80.81434,  43.24054
 -80.81036,  43.26301
 -80.81770,  43.28545
 -80.81229,  43.30793
 -80.82010,  43.33036
 -80.80981,  43.35286
 -80.80172,  43.37534
 -80.80080,  43.37805
 -80.79198,  43.39782
 -80.78701,  43.42028
 -80.78177,  43.44276
 -80.78174,  43.46521
 -80.77565,  43.48769
 -80.77039,  43.50291
 -80.76360,  43.51017
 -80.74516,  43.53266
 -80.73953,  43.53548
 -80.70860,  43.55089
 -80.70484,  43.55518
 -80.67768,  43.57542
 -80.67701,  43.57768
 -80.67376,  43.60014
 -80.66856,  43.62260
 -80.66817,  43.64506
 -80.67142,  43.66751
 -80.67530,  43.68996
 -80.67684,  43.71241
 -80.67802,  43.71730
 -80.68996,  43.73485
 -80.68337,  43.75731
 -80.68423,  43.77976
 -80.67822,  43.79719
 -80.67762,  43.80222
 -80.67419,  43.82468
 -80.67497,  43.84713
 -80.67838,  43.85832
 -80.69135,  43.86956
 -80.70286,  43.89199
 -80.70962,  43.89653
 -80.74079,  43.90154
 -80.77196,  43.90341
 -80.80313,  43.90728
 -80.81010,  43.91423
 -80.83440,  43.92934
 -80.83858,  43.93661
 -80.84215,  43.95905
 -80.85136,  43.98147
 -80.85464,  44.00391
 -80.85502,  44.02636
 -80.85615,  44.04880
 -80.85707,  44.07125
 -80.85569,  44.09369
 -80.85615,  44.11614
 -80.85332,  44.13859
 -80.85619,  44.16103
 -80.85404,  44.18348
 -80.85456,  44.20592
 -80.85121,  44.22837
 -80.85295,  44.25082
 -80.85766,  44.27324
 -80.85986,  44.29568
 -80.86766,  44.31096
 -80.87609,  44.31807
 -80.87344,  44.34052
 -80.89032,  44.36290
 -80.88148,  44.38537
 -80.89223,  44.40778
 -80.87691,  44.43026
 -80.89169,  44.45266
 -80.89276,  44.47509
 -80.89509,  44.49752
 -80.89705,  44.51995
 -80.89040,  44.54240
 -80.88861,  44.56484
 -80.86917,  44.58421
 -80.86805,  44.58733
 -80.86922,  44.59299
 -80.87848,  44.60973
 -80.86935,  44.61721
 -80.86324,  44.63221
 -80.86955,  44.65296
 -80.87139,  44.65462
 -80.86966,  44.67188
 -80.86950,  44.67706
 -80.86969,  44.67831
 -80.88021,  44.69946
 -80.89278,  44.72185
 -80.89758,  44.74426
 -80.89963,  44.76669
 -80.89328,  44.78914
 -80.89822,  44.81155
 -80.88052,  44.83403
 -80.89822,  44.85640
 -80.89615,  44.87884
 -80.90049,  44.90125
 -80.90041,  44.92367
 -80.89551,  44.94611
 -80.89028,  44.96854
 -80.87294,  44.99102
 -80.88326,  45.01341
 -80.87162,  45.02305
 -80.86678,  45.03588
 -80.87177,  45.04849
 -80.88379,  45.05826
 -80.87492,  45.08070
 -80.89195,  45.10307
 -80.89761,  45.12547
 -80.90029,  45.14788
 -80.89776,  45.17030
 -80.88895,  45.19275
 -80.87268,  45.21064
 -80.87173,  45.21521
 -80.87149,  45.23762
 -80.87231,  45.26003
 -80.87299,  45.26469
 -80.88553,  45.28241
 -80.88667,  45.30482
 -80.89276,  45.32722
 -80.88611,  45.34965
 -80.87355,  45.36250
 -80.87200,  45.37210
 -80.87151,  45.39452
 -80.86753,  45.41694
 -80.86747,  45.43934
 -80.86787,  45.46175
 -80.87125,  45.48415
 -80.87065,  45.50656
 -80.87347,  45.52896
 -80.87139,  45.55136
 -80.86713,  45.57378
 -80.86564,  45.59618
 -80.86164,  45.61860
 -80.86178,  45.64101
 -80.86219,  45.66340
 -80.86594,  45.68579
 -80.86631,  45.70819
 -80.87116,  45.73058
 -80.86948,  45.75298
 -80.86774,  45.77538
 -80.86637,  45.79778
 -80.86428,  45.82018
 -80.86446,  45.84258
 -80.86396,  45.86497
 -80.86586,  45.88736
 -80.86350,  45.90976
 -80.86442,  45.93214
 -80.85910,  45.95455
 -80.85459,  45.97696
 -80.84995,  45.99936
 -80.84711,  46.02176
 -80.84678,  46.04414
 -80.84695,  46.06653
 -80.85063,  46.08890
 -80.85056,  46.11129
 -80.85402,  46.13366
 -80.85012,  46.15606
 -80.84756,  46.17844
 -80.84599,  46.18800
 -80.84372,  46.20084
 -80.84227,  46.22322
 -80.84161,  46.24560
 -80.84180,  46.26798
 -80.84119,  46.29036
 -80.83803,  46.31275
 -80.83310,  46.33513
 -80.82811,  46.35752
 -80.81930,  46.37992
 -80.81468,  46.40044
 -80.80985,  46.40231
 -80.78226,  46.40622
 -80.74982,  46.40769
 -80.72768,  46.42484
 -80.72099,  46.44722
 -80.72015,  46.46960
 -80.71758,  46.47290
 -80.71522,  46.49197
 -80.71766,  46.49525
 -80.75017,  46.49880
 -80.77041,  46.51425
 -80.78280,  46.52945
 -80.78545,  46.53659
 -80.78284,  46.53906
 -80.75038,  46.55618
 -80.74841,  46.55903
 -80.71790,  46.57162
 -80.70819,  46.58146
 -80.70486,  46.60383
 -80.69280,  46.62621
 -80.69228,  46.64858
 -80.70250,  46.67092
 -80.70598,  46.69328
 -80.71835,  46.70809
 -80.73353,  46.71560
 -80.74263,  46.73795
 -80.73551,  46.76031
 -80.71855,  46.77106
 -80.70869,  46.78271
 -80.70579,  46.80507
 -80.69467,  46.82745
 -80.69196,  46.84980
 -80.69769,  46.87215
 -80.69906,  46.89450
 -80.69709,  46.91686
 -80.69366,  46.93921
 -80.68639,  46.94509
 -80.68058,  46.96158
 -80.67358,  46.98394
 -80.66957,  47.00629
 -80.66247,  47.02865
 -80.66488,  47.05099
 -80.66757,  47.07333
 -80.66999,  47.09567
 -80.67442,  47.11801
 -80.67414,  47.14036
 -80.67130,  47.16270
 -80.66355,  47.18505
 -80.66382,  47.20739
 -80.65603,  47.22974
 -80.65971,  47.25207
 -80.65914,  47.27440
 -80.65442,  47.29448
 -80.65415,  47.29675
 -80.65051,  47.31908
 -80.64189,  47.34142
 -80.64072,  47.36376
 -80.63187,  47.38610
 -80.63478,  47.40842
 -80.62743,  47.43076
 -80.63000,  47.45309
 -80.62515,  47.47542
 -80.62339,  47.49774
 -80.62183,  47.50354
 -80.61117,  47.52007
 -80.58908,  47.54241
 -80.58883,  47.54253
 -80.55577,  47.55247
 -80.52269,  47.56035
 -80.49528,  47.56474
 -80.48961,  47.56605
 -80.45651,  47.58012
 -80.44844,  47.58705
 -80.44398,  47.60937
 -80.43713,  47.63168
 -80.43273,  47.65400
 -80.43302,  47.67631
 -80.43138,  47.69863
 -80.42772,  47.72094
 -80.42818,  47.74326
 -80.42314,  47.74817
 -80.38993,  47.76010
 -80.37206,  47.76551
 -80.35671,  47.77025
 -80.32349,  47.77535
 -80.30533,  47.78773
 -80.29140,  47.81002
 -80.29015,  47.81287
 -80.28344,  47.83231
 -80.27729,  47.85461
 -80.26956,  47.87690
 -80.25657,  47.89206
 -80.25325,  47.89918
 -80.22317,  47.91892
 -80.22009,  47.92141
 -80.18990,  47.94363
 -80.18974,  47.94366
 -80.15643,  47.94695
 -80.12310,  47.95126
 -80.08983,  47.94804
 -80.05648,  47.95435
 -80.02310,  47.96370
 -79.99837,  47.96532
 -79.98977,  47.96619
 -79.97589,  47.96522
 -79.95648,  47.96380
 -79.92320,  47.96147
 -79.91125,  47.96494
 -79.88976,  47.97414
 -79.86119,  47.98699
 -79.85972,  48.00928
 -79.85600,  48.01386
 -79.84780,  48.03152
 -79.84865,  48.05383
 -79.84477,  48.07610
 -79.84225,  48.09839
 -79.83565,  48.12065
 -79.82752,  48.14289
 -79.82099,  48.15326
 -79.80256,  48.16505
 -79.78722,  48.18190
 -79.77717,  48.18720
 -79.76649,  48.20943
 -79.76493,  48.23171
 -79.75857,  48.25397
 -79.75481,  48.27623
 -79.75249,  48.27979
 -79.74147,  48.29844
 -79.72095,  48.32061
 -79.71838,  48.32492
 -79.71021,  48.34282
 -79.70853,  48.36509
 -79.70008,  48.38732
 -79.68869,  48.40953
 -79.68341,  48.42604
 -79.68297,  48.43177
 -79.67789,  48.45401
 -79.67245,  48.47626
 -79.66223,  48.49846
 -79.64874,  48.52065
 -79.64841,  48.52099
 -79.63171,  48.54281
 -79.61417,  48.56018
 -79.60215,  48.56487
 -79.58022,  48.57852
 -79.54644,  48.58553
 -79.53838,  48.58669
 -79.52498,  48.60886
 -79.51221,  48.61763
 -79.48727,  48.63084
 -79.47818,  48.63737
 -79.47237,  48.65298
 -79.45912,  48.67514
 -79.44347,  48.69202
 -79.43746,  48.69723
 -79.40929,  48.71510
 -79.38354,  48.71904
 -79.37543,  48.72097
 -79.34156,  48.72728
 -79.30775,  48.73017
 -79.28076,  48.74038
 -79.27374,  48.74208
 -79.23995,  48.74341
 -79.20589,  48.75686
 -79.19797,  48.76184
 -79.17173,  48.77351
 -79.13779,  48.78019
 -79.11881,  48.78329
 -79.10384,  48.78760
 -79.07013,  48.78427
 -79.06110,  48.80493
 -79.03529,  48.82556
 -79.03272,  48.82687
 -79.00103,  48.84263
 -78.98788,  48.84863
 -78.96680,  48.85768
 -78.93279,  48.86423
 -78.89900,  48.86286
 -78.86539,  48.85530
 -78.84763,  48.84694
 -78.83221,  48.83334
 -78.81133,  48.82421
 -78.79881,  48.81924
 -78.77297,  48.80145
 -78.76572,  48.79560
 -78.74036,  48.77876
 -78.73250,  48.77728
 -78.69877,  48.77578
 -78.66550,  48.75980
 -78.66096,  48.75541
 -78.64772,  48.73296
 -78.64156,  48.71060
 -78.64188,  48.68834
 -78.63577,  48.66599
 -78.63902,  48.64376
 -78.63763,  48.62148
 -78.64136,  48.59925
 -78.64442,  48.57702
 -78.64610,  48.55478
 -78.65099,  48.53257
 -78.65722,  48.51038
 -78.67382,  48.48833
 -78.67421,  48.48747
 -78.67751,  48.48838
 -78.70770,  48.49169
 -78.71310,  48.48888
 -78.73015,  48.46684
 -78.74176,  48.44471
 -78.73573,  48.42235
 -78.72468,  48.39991
 -78.71107,  48.38347
 -78.67777,  48.39927
 -78.67701,  48.39947
 -78.67680,  48.39925
 -78.66523,  48.37681
 -78.64490,  48.35439
 -78.64478,  48.35423
 -78.62993,  48.33173
 -78.62291,  48.30935
 -78.61533,  48.28694
 -78.61412,  48.27035
 -78.61197,  48.26461
 -78.59502,  48.24206
 -78.59557,  48.21978
 -78.60261,  48.19759
 -78.60921,  48.17539
 -78.61746,  48.16792
 -78.62278,  48.15329
 -78.62391,  48.13100
 -78.62930,  48.10879
 -78.62736,  48.08646
 -78.63242,  48.06423
 -78.63045,  48.04190
 -78.63517,  48.01966
 -78.63638,  47.99738
 -78.64079,  47.97513
 -78.65334,  47.95301
 -78.65829,  47.93618
 -78.66318,  47.93084
 -78.69218,  47.91696
 -78.71636,  47.90928
 -78.72575,  47.90791
 -78.75105,  47.88744
 -78.76002,  47.87493
 -78.76618,  47.86534
 -78.77442,  47.84314
 -78.77243,  47.82079
 -78.76223,  47.80114
 -78.75958,  47.79831
 -78.74397,  47.77578
 -78.72995,  47.77026
 -78.69667,  47.77267
 -78.66371,  47.76488
 -78.64577,  47.75209
 -78.63614,  47.72963
 -78.63183,  47.72373
 -78.61370,  47.70699
 -78.60326,  47.68451
 -78.60076,  47.66215
 -78.60067,  47.66176
 -78.59493,  47.63974
 -78.59077,  47.61736
 -78.58074,  47.59488
 -78.57304,  47.57244
 -78.57056,  47.57028
 -78.53790,  47.55752
 -78.51508,  47.54922
 -78.50539,  47.54018
 -78.48148,  47.52637
 -78.50648,  47.50824
 -78.50900,  47.50447
 -78.52231,  47.48235
 -78.51796,  47.45995
 -78.51405,  47.43756
 -78.50939,  47.42276
 -78.50470,  47.41507
 -78.47697,  47.40580
 -78.47151,  47.39222
 -78.46250,  47.36974
 -78.45190,  47.34723
 -78.44637,  47.33738
 -78.43871,  47.32468
 -78.42158,  47.30207
 -78.41515,  47.28786
 -78.40148,  47.27940
 -78.38326,  47.25908
 -78.37985,  47.25669
 -78.36018,  47.23402
 -78.35159,  47.22490
 -78.34458,  47.21142
 -78.32755,  47.18878
 -78.32015,  47.18517
 -78.28768,  47.17416
 -78.26966,  47.16544
 -78.25539,  47.15905
 -78.22308,  47.14434
 -78.22058,  47.14222
 -78.21619,  47.11979
 -78.21494,  47.09741
 -78.21494,  47.07506
 -78.21275,  47.05266
 -78.21176,  47.03030
 -78.20035,  47.00774
 -78.19576,  47.00277
 -78.18015,  46.98501
 -78.16429,  46.96934
 -78.13421,  46.96181
 -78.13185,  46.96132
 -78.12373,  46.96161
 -78.09901,  46.96312
 -78.06605,  46.96827
 -78.03284,  46.97897
 -78.02679,  46.98212
 -78.00756,  47.00410
 -78.00365,  47.02639
 -77.99825,  47.04863
 -77.99690,  47.05373
 -77.99084,  47.07084
 -77.98019,  47.09299
 -77.96592,  47.11507
 -77.96126,  47.11979
 -77.93218,  47.13675
 -77.92742,  47.14252
 -77.90474,  47.13619
 -77.89492,  47.13423
 -77.87739,  47.11328
 -77.86337,  47.10503
 -77.85112,  47.09037
 -77.84199,  47.06783
 -77.83384,  47.04530
 -77.83331,  47.04351
 -77.82544,  47.02277
 -77.81137,  47.00012
 -77.80276,  46.99384
 -77.78805,  46.97726
 -77.77113,  46.96870
 -77.73859,  46.96405
 -77.70589,  46.96255
 -77.67310,  46.96303
 -77.64243,  46.95171
 -77.64094,  46.95050
 -77.60903,  46.93295
 -77.60163,  46.92843
 -77.57758,  46.90679
 -77.57571,  46.90548
 -77.57051,  46.88299
 -77.55468,  46.86026
 -77.55643,  46.83793
 -77.55145,  46.81544
 -77.55038,  46.79513
 -77.55006,  46.79304
 -77.54729,  46.77060
 -77.54195,  46.74812
 -77.53477,  46.72557
 -77.52171,  46.71504
 -77.51069,  46.70264
 -77.49976,  46.68000
 -77.49176,  46.66203
 -77.49073,  46.65741
 -77.48798,  46.63497
 -77.49398,  46.61788
 -77.49641,  46.61280
 -77.50823,  46.59070
 -77.52885,  46.57196
 -77.56105,  46.57912
 -77.59324,  46.58672
 -77.60213,  46.59288
 -77.62056,  46.61568
 -77.61916,  46.63802
 -77.62303,  46.64421
 -77.63431,  46.63837
 -77.62896,  46.61588
 -77.63309,  46.59359
 -77.62743,  46.57108
 -77.62933,  46.54875
 -77.62955,  46.52637
 -77.62881,  46.52391
 -77.61746,  46.50371
 -77.62394,  46.48148
 -77.61401,  46.45886
 -77.61843,  46.43659
 -77.61101,  46.41403
 -77.60828,  46.39158
 -77.60353,  46.37443
 -77.60220,  46.36905
 -77.59045,  46.34640
 -77.57968,  46.32376
 -77.57393,  46.31609
 -77.55723,  46.30085
 -77.54784,  46.27824
 -77.54505,  46.25578
 -77.54555,  46.23411
 -77.54554,  46.23340
 -77.54420,  46.21098
 -77.54311,  46.18856
 -77.54581,  46.16622
 -77.54572,  46.14382
 -77.55016,  46.14022
 -77.56289,  46.12184
 -77.58236,  46.09989
 -77.58461,  46.09603
 -77.58955,  46.07766
 -77.59227,  46.05533
 -77.59632,  46.03302
 -77.58859,  46.01371
 -77.58562,  46.01038
 -77.58142,  45.98788
 -77.55849,  45.96937
 -77.55043,  45.96475
 -77.52689,  45.95657
 -77.49489,  45.95211
 -77.46272,  45.95105
 -77.44951,  45.93992
 -77.43435,  45.91714
 -77.43243,  45.91283
 -77.41785,  45.89433
 -77.40413,  45.87158
 -77.40260,  45.86654
 -77.39407,  45.84893
 -77.39022,  45.82642
 -77.39125,  45.80404
 -77.39494,  45.78172
 -77.40804,  45.75964
 -77.40807,  45.75937
 -77.41018,  45.73728
 -77.41866,  45.71507
 -77.42376,  45.69279
 -77.42819,  45.67048
 -77.43182,  45.64816
 -77.43627,  45.62585
 -77.44156,  45.60357
 -77.44897,  45.58133
 -77.44917,  45.58095
 -77.45893,  45.55915
 -77.46554,  45.53690
 -77.45950,  45.51434
 -77.45312,  45.50216
 -77.45031,  45.49169
 -77.44822,  45.46922
 -77.44504,  45.44672
 -77.44573,  45.42432
 -77.45256,  45.40206
 -77.45493,  45.37970
 -77.45967,  45.37085
 -77.47345,  45.35773
 -77.49330,  45.33598
 -77.49368,  45.33579
 -77.49359,  45.33005
 -77.49386,  45.31337
 -77.49475,  45.30654
 -77.49766,  45.29103
 -77.49590,  45.28313
 -77.49426,  45.26853
 -77.48363,  45.24584
 -77.49526,  45.22369
 -77.49906,  45.21874
 -77.52125,  45.20189
 -77.53207,  45.19450
 -77.53793,  45.20230
 -77.56281,  45.21741
 -77.56895,  45.22546
 -77.57104,  45.24794
 -77.56175,  45.27015
 -77.55989,  45.27803
 -77.55570,  45.29243
 -77.55887,  45.29935
 -77.56583,  45.31510
 -77.58738,  45.33804
 -77.58881,  45.34000
 -77.59631,  45.36067
 -77.60519,  45.38330
 -77.61361,  45.40592
 -77.61269,  45.42832
 -77.61549,  45.45057
 -77.61555,  45.45081
 -77.61615,  45.47324
 -77.61373,  45.48779
 -77.61270,  45.49558
 -77.61324,  45.49822
 -77.63234,  45.51846
 -77.64403,  45.52362
 -77.67607,  45.52271
 -77.70779,  45.52864
 -77.73985,  45.52721
 -77.75550,  45.52124
 -77.77236,  45.51578
 -77.79664,  45.49973
 -77.80564,  45.48676
 -77.81534,  45.47771
 -77.82877,  45.45559
 -77.83973,  45.43833
 -77.84265,  45.43347
 -77.84432,  45.41109
 -77.85571,  45.38891
 -77.86697,  45.36673
 -77.87502,  45.36076
 -77.90744,  45.34871
 -77.91968,  45.34542
 -77.93966,  45.34120
 -77.97216,  45.32667
 -77.97718,  45.32418
 -78.00439,  45.31821
 -78.02795,  45.30279
 -78.03722,  45.29512
 -78.04713,  45.28075
 -78.04705,  45.25832
 -78.05032,  45.23597
 -78.05334,  45.21360
 -78.05683,  45.19124
 -78.06018,  45.16889
 -78.07363,  45.14673
 -78.07539,  45.12434
 -78.07075,  45.10182
 -78.07094,  45.07940
 -78.06477,  45.05685
 -78.06287,  45.03439
 -78.06386,  45.01197
 -78.06690,  44.98960
 -78.06512,  44.96714
 -78.06377,  44.94468
 -78.05190,  44.92873
 -78.04910,  44.92195
 -78.03558,  44.89925
 -78.02968,  44.87670
 -78.02287,  44.86286
 -78.01753,  44.85402
 -78.02411,  44.83204
 -78.02418,  44.83172
 -78.02414,  44.83132
 -78.02001,  44.80920
 -78.02534,  44.80136
 -78.03259,  44.78701
 -78.04301,  44.76478
 -78.05927,  44.74341
 -78.06011,  44.74268
 -78.08140,  44.72067
 -78.08804,  44.69837
 -78.09120,  44.67599
 -78.08936,  44.65351
 -78.09325,  44.63115
 -78.09532,  44.62893
 -78.11170,  44.60907
 -78.12035,  44.58680
 -78.12859,  44.58384
 -78.14320,  44.58724
 -78.15950,  44.59946
 -78.18647,  44.61052
 -78.19054,  44.61228
 -78.20796,  44.63336
 -78.20995,  44.65583
 -78.20257,  44.67813
 -78.20273,  44.70058
 -78.20423,  44.72304
 -78.20914,  44.74557
 -78.21655,  44.76111
 -78.21803,  44.76818
 -78.21570,  44.78419
 -78.21496,  44.79056
 -78.21541,  44.79195
 -78.22128,  44.81311
 -78.21381,  44.83511
 -78.21374,  44.83540
 -78.21379,  44.83569
 -78.21993,  44.85796
 -78.21281,  44.88026
 -78.21312,  44.90269
 -78.21101,  44.91052
 -78.20382,  44.92495
 -78.20040,  44.94732
 -78.20901,  44.96409
 -78.21124,  44.96995
 -78.21445,  44.99244
 -78.21634,  45.01490
 -78.21976,  45.03740
 -78.22281,  45.05988
 -78.23654,  45.07710
 -78.23954,  45.08261
 -78.25718,  45.10537
 -78.26710,  45.10994
 -78.29855,  45.11890
 -78.33037,  45.11794
 -78.36235,  45.11202
 -78.37238,  45.10742
 -78.39474,  45.09412
 -78.40446,  45.08554
 -78.40828,  45.06318
 -78.42002,  45.04095
 -78.42021,  45.01853
 -78.42963,  44.99626
 -78.42984,  44.99572
 -78.43922,  44.97400
 -78.46274,  44.96024
 -78.48232,  44.95228
 -78.49490,  44.94600
 -78.52691,  44.93628
 -78.55865,  44.93459
 -78.59040,  44.93219
 -78.59383,  44.93164
 -78.61024,  44.90947
 -78.61550,  44.88712
 -78.61169,  44.86463
 -78.61623,  44.84227
 -78.61292,  44.81979
 -78.61325,  44.79736
 -78.61549,  44.77496
 -78.62182,  44.75262
 -78.62823,  44.73029
 -78.62212,  44.70776
 -78.62695,  44.68540
 -78.62031,  44.66286
 -78.62853,  44.64054
 -78.62749,  44.61810
 -78.63187,  44.61127
 -78.64332,  44.59590
 -78.66445,  44.57530
 -78.67625,  44.57396
 -78.69601,  44.57324
 -78.72771,  44.56622
 -78.75321,  44.57509
 -78.75880,  44.58068
 -78.78072,  44.59792
 -78.78954,  44.60830
 -78.79556,  44.62057
 -78.80049,  44.64307
 -78.79620,  44.66545
 -78.79440,  44.68786
 -78.78683,  44.70537
 -78.78282,  44.71013
 -78.77486,  44.73245
 -78.77395,  44.75487
 -78.78510,  44.76785
 -78.78968,  44.77753
 -78.79111,  44.79998
 -78.79416,  44.82246
 -78.79409,  44.84489
 -78.78233,  44.86657
 -78.78164,  44.86714
 -78.77756,  44.88952
 -78.74961,  44.90419
 -78.73816,  44.91138
 -78.71752,  44.91873
 -78.68578,  44.92114
 -78.65404,  44.92307
 -78.63531,  44.93228
 -78.63620,  44.95472
 -78.63607,  44.97715
 -78.63690,  44.99959
 -78.63673,  45.02201
 -78.63595,  45.04443
 -78.64116,  45.06693
 -78.64415,  45.08940
 -78.64855,  45.10466
 -78.65055,  45.11192
 -78.65723,  45.13445
 -78.67402,  45.15712
 -78.67862,  45.16169
 -78.70378,  45.17998
 -78.70950,  45.19323
 -78.72670,  45.20272
 -78.74059,  45.21792
 -78.75098,  45.22549
 -78.77178,  45.24062
 -78.80392,  45.22992
 -78.83551,  45.23867
 -78.84187,  45.24918
 -78.86674,  45.26156
 -78.89582,  45.27231
 -78.89828,  45.27303
 -78.93014,  45.27286
 -78.93020,  45.27275
 -78.94983,  45.25059
 -78.96306,  45.23083
 -78.96349,  45.22834
 -78.96320,  45.22508
 -78.95741,  45.20584
 -78.95339,  45.18338
 -78.96469,  45.16619
 -78.96707,  45.16113
 -78.96993,  45.13875
 -78.98695,  45.11654
 -78.99679,  45.09424
 -78.99836,  45.09025
 -79.00430,  45.07191
 -79.00815,  45.04953
 -79.01010,  45.02713
 -79.00741,  45.00467
 -79.00302,  44.98220
 -79.00157,  44.95976
 -79.00157,  44.95975
 -78.99354,  44.93722
 -78.99493,  44.91482
 -78.99231,  44.89236
 -78.99552,  44.86997
 -78.99647,  44.84755
 -78.99434,  44.82510
 -78.98758,  44.80258
 -78.98515,  44.78012
 -78.97476,  44.76415
 -78.96717,  44.75746
 -78.96666,  44.73502
 -78.96721,  44.71259
 -78.97626,  44.70382
 -78.98291,  44.69036
 -78.98146,  44.66790
 -78.98954,  44.64557
 -78.98830,  44.62312
 -78.98180,  44.60061
 -78.98196,  44.57817
 -78.97951,  44.57289
 -78.96523,  44.55552
 -78.96963,  44.53314
 -78.97336,  44.51075
 -78.98123,  44.50298
 -78.98775,  44.48849
 -78.98662,  44.46604
 -78.99360,  44.44369
 -78.99111,  44.42121
 -78.98552,  44.39870
 -78.98412,  44.38547
 -78.98150,  44.37621
 -78.96423,  44.35355
 -78.95631,  44.33100
 -78.96226,  44.30864
 -78.96690,  44.28625
 -78.97048,  44.26385
 -78.98322,  44.24157
 -78.97353,  44.21900
 -78.96552,  44.19645
 -78.95798,  44.17506
 -78.95750,  44.17390
 -78.93667,  44.15118
 -78.93135,  44.12867
 -78.93671,  44.10629
 -78.94505,  44.08395
 -78.95204,  44.06159
 -78.96091,  44.03925
 -78.95615,  44.01674
 -78.94472,  43.99414
 -78.93544,  43.97157
 -78.93192,  43.96799
 -78.90108,  43.95432
 -78.89069,  43.94853
 -78.87427,  43.92585
 -78.87221,  43.90337
 -78.87125,  43.90228
 -78.86501,  43.88083
 -78.87067,  43.85844
 -78.86329,  43.83589
 -78.85849,  43.81337
 -78.85715,  43.79089
 -78.84418,  43.76826
 -78.84368,  43.76738
 -78.82464,  43.74553
 -78.81419,  43.72293
 -78.81380,  43.72213
 -78.79386,  43.70018
 -78.78742,  43.67763
 -78.78422,  43.66800
 -78.77585,  43.65501
 -78.77290,  43.63250
 -78.75462,  43.61597
 -78.74636,  43.60965
 -78.73023,  43.58696
 -78.72446,  43.58543
 -78.69349,  43.58428
 -78.67389,  43.58611
 -78.66235,  43.58860
 -78.65945,  43.58588
 -78.63177,  43.57428
 -78.60091,  43.56936
 -78.58224,  43.56221
 -78.57021,  43.55994
 -78.53931,  43.55649
 -78.50832,  43.55622
 -78.47724,  43.55902
 -78.46286,  43.56023
 -78.44613,  43.56257
 -78.41508,  43.56407
 -78.38414,  43.56215
 -78.35323,  43.55965
 -78.32222,  43.55982
 -78.29113,  43.56247
 -78.25993,  43.56806
 -78.23112,  43.57853
 -78.22841,  43.58236
 -78.21397,  43.60066
 -78.20743,  43.62300
 -78.20252,  43.64538
 -78.19449,  43.66154
 -78.19025,  43.66760
 -78.16810,  43.68964
 -78.16225,  43.69345
 -78.13071,  43.70595
 -78.09992,  43.69865
 -78.06915,  43.69094
 -78.06561,  43.68760
 -78.05801,  43.66498
 -78.04631,  43.64228
 -78.04085,  43.62035
 -78.04060,  43.61970
 -78.03832,  43.59718
 -78.02343,  43.57441
 -78.01192,  43.56726
 -77.98151,  43.55236
 -77.97725,  43.55098
 -77.95114,  43.53686
 -77.92035,  43.53191
 -77.88897,  43.54136
 -77.87327,  43.54875
 -77.85748,  43.55310
 -77.82602,  43.56397
 -77.80638,  43.56973
 -77.79453,  43.57522
 -77.76343,  43.57727
 -77.73244,  43.57676
 -77.70118,  43.58220
 -77.67644,  43.58921
 -77.66904,  43.60715
 -77.66781,  43.61148
 -77.65388,  43.63362
 -77.65069,  43.65601
 -77.64486,  43.67834
 -77.63503,  43.70057
 -77.63370,  43.70204
 -77.61142,  43.72247
 -77.60140,  43.72836
 -77.57688,  43.74410
 -77.56943,  43.74736
 -77.53835,  43.74682
 -77.50723,  43.74730
 -77.47614,  43.74711
 -77.46603,  43.74136
 -77.44608,  43.72570
 -77.43768,  43.71817
 -77.42081,  43.69527
 -77.41992,  43.67278
 -77.41808,  43.66286
 -77.41556,  43.65020
 -77.41219,  43.62765
 -77.40966,  43.60511
 -77.39488,  43.58226
 -77.39112,  43.57980
 -77.36076,  43.56670
 -77.33006,  43.56031
 -77.30627,  43.55746
 -77.29925,  43.55653
 -77.26952,  43.55647
 -77.26824,  43.55647
 -77.26801,  43.55643
 -77.23768,  43.54785
 -77.20738,  43.53424
 -77.20547,  43.53226
 -77.19925,  43.50962
 -77.19270,  43.48696
 -77.18841,  43.46437
 -77.19096,  43.44197
 -77.18519,  43.41933
 -77.18298,  43.40894
 -77.17628,  43.39661
 -77.15462,  43.37353
 -77.15393,  43.37304
 -77.12375,  43.35922
 -77.09318,  43.35283
 -77.07142,  43.34870
 -77.06269,  43.34505
 -77.05796,  43.32583
 -77.05634,  43.30331
 -77.05342,  43.28074
 -77.05495,  43.25831
 -77.05299,  43.23577
 -77.05502,  43.21335
 -77.05459,  43.19086
 -77.05381,  43.16836
 -77.05013,  43.14577
 -77.04685,  43.12319
 -77.04472,  43.10812
 -77.04345,  43.10061
 -77.04005,  43.07803
 -77.03848,  43.05550
 -77.03433,  43.03290
 -77.03660,  43.01048
 -77.03150,  42.98785
 -77.02949,  42.96530
 -77.02232,  42.95480
 -77.00630,  42.94214
 -76.99306,  42.92810
 -76.97260,  42.91866
 -76.96310,  42.91473
 -76.93266,  42.90995
 -76.90247,  42.90100
 -76.87991,  42.89339
 -76.87253,  42.88772
 -76.86644,  42.87048
 -76.85725,  42.84771
 -76.85484,  42.82515
 -76.85614,  42.80270
 -76.85416,  42.78015
 -76.84873,  42.76730
 -76.84530,  42.75740
 -76.83163,  42.73448
 -76.83525,  42.71210
 -76.83044,  42.68946
 -76.82384,  42.66739
 -76.82365,  42.66677
 -76.82400,  42.66471
 -76.82745,  42.64439
 -76.82572,  42.63472
 -76.82324,  42.62177
 -76.81599,  42.59905
 -76.80853,  42.57632
 -76.79948,  42.55963
 -76.79516,  42.55341
 -76.77629,  42.53033
 -76.77102,  42.52401
 -76.74094,  42.51660
 -76.71082,  42.50975
 -76.69344,  42.50519
 -76.68096,  42.49881
 -76.67275,  42.48203
 -76.66685,  42.45934
 -76.65636,  42.43651
 -76.66771,  42.41438
 -76.67271,  42.39205
 -76.68791,  42.38179
 -76.70621,  42.37063
 -76.71921,  42.36752
 -76.74957,  42.36882
 -76.78036,  42.36299
 -76.81129,  42.35442
 -76.81490,  42.35159
 -76.84310,  42.33036
 -76.84344,  42.32999
 -76.86060,  42.30803
 -76.87535,  42.29800
 -76.90582,  42.29689
 -76.93644,  42.29322
 -76.94582,  42.28814
 -76.96643,  42.26626
 -76.96840,  42.26498
 -76.97910,  42.24414
 -76.98097,  42.22171
 -76.97639,  42.19908
 -76.97314,  42.17844
 -76.97248,  42.17646
 -76.97288,  42.15398
 -76.97465,  42.15079
 -76.98262,  42.13178
 -76.97683,  42.11089
 -76.97591,  42.10909
 -76.97704,  42.10698
 -76.98342,  42.08681
 -76.97923,  42.06694
 -76.97783,  42.06415
 -76.97951,  42.06177
 -76.98628,  42.04191
 -76.98348,  42.01933
 -76.98592,  41.99691
 -76.99026,  41.97454
 -77.01271,  41.95272
 -77.01603,  41.94645
 -77.01959,  41.93042
 -77.02596,  41.90812
 -77.02921,  41.88572
 -77.03474,  41.86338
 -77.03911,  41.84102
 -77.04238,  41.81862
 -77.04630,  41.79624
 -77.05478,  41.77399
 -77.05550,  41.77309
 -77.08138,  41.75228
 -77.08699,  41.74783
 -77.11793,  41.73281
 -77.12022,  41.73092
 -77.14868,  41.72109
 -77.15789,  41.70950
 -77.18018,  41.69433
 -77.18509,  41.68778
 -77.18898,  41.66539
 -77.19939,  41.64319
 -77.20215,  41.62078
 -77.20603,  41.59839
 -77.21065,  41.57603
 -77.21653,  41.57129
 -77.24280,  41.55444
 -77.24764,  41.55053
 -77.27840,  41.53653
 -77.29741,  41.53346
 -77.30881,  41.52918
 -77.33878,  41.53076
 -77.34908,  41.53487
 -77.36848,  41.53793
 -77.39796,  41.54995
 -77.40349,  41.55883
 -77.42657,  41.58089
 -77.42719,  41.58195
 -77.42635,  41.58554
 -77.42181,  41.60431
 -77.42504,  41.61315
 -77.42898,  41.62699
 -77.42909,  41.64948
 -77.44126,  41.67230
 -77.45016,  41.69503
 -77.45122,  41.69648
 -77.47241,  41.71810
 -77.47997,  41.72589
 -77.50458,  41.74143
 -77.50927,  41.74413
 -77.53908,  41.75154
 -77.56885,  41.75985
 -77.58440,  41.76595
 -77.59834,  41.77470
 -77.62073,  41.78934
 -77.61979,  41.81181
 -77.62645,  41.82088
 -77.63229,  41.83461
 -77.63178,  41.85709
 -77.64126,  41.87981
 -77.65028,  41.90252
 -77.65281,  41.90784
 -77.66364,  41.92533
 -77.67732,  41.94815
 -77.68109,  41.95230
 -77.71072,  41.96631
 -77.74096,  41.96662
 -77.77154,  41.95872
 -77.78899,  41.95080
 -77.80245,  41.94253
 -77.83310,  41.93269
 -77.83717,  41.92942
 -77.86426,  41.90977
 -77.87319,  41.90775
 -77.89475,  41.90297
 -77.92506,  41.90082
 -77.94515,  41.88686
 -77.95631,  41.87448
 -77.96632,  41.86483
 -77.98744,  41.84280
 -77.98560,  41.82027
 -77.98474,  41.79776
 -77.98997,  41.78506
 -77.99239,  41.77544
 -78.01074,  41.75335
 -78.02145,  41.73109
 -78.02242,  41.72557
 -78.02626,  41.70870
 -78.04031,  41.68651
 -78.04637,  41.66415
 -78.04904,  41.64172
 -78.05298,  41.61931
 -78.05423,  41.59685
 -78.05777,  41.57443
 -78.05828,  41.57349
 -78.08743,  41.55256
 -78.08916,  41.55125
 -78.11946,  41.54464
 -78.14973,  41.53843
 -78.17667,  41.53190
 -78.18005,  41.53066
 -78.21055,  41.51793
 -78.24051,  41.51989
 -78.27061,  41.51800
 -78.30042,  41.52484
 -78.33059,  41.52081
 -78.36064,  41.52018
 -78.39076,  41.51765
 -78.41259,  41.51390
 -78.42094,  41.51290
 -78.42463,  41.51412
 -78.45069,  41.52191
 -78.48030,  41.53559
 -78.48167,  41.53762
 -78.50967,  41.55762
 -78.53111,  41.56096
 -78.53957,  41.56233
 -78.56949,  41.56696
 -78.59922,  41.57784
 -78.62934,  41.57579
 -78.63613,  41.58518
 -78.63470,  41.60764
 -78.64836,  41.63034
 -78.65766,  41.63668
 -78.66856,  41.65315
 -78.66345,  41.67555
 -78.65707,  41.69794
 -78.65587,  41.69968
 -78.62518,  41.71952
 -78.62403,  41.71989
 -78.60423,  41.74206
 -78.59388,  41.75920
 -78.59077,  41.76432
 -78.57516,  41.78655
 -78.56246,  41.80189
 -78.54839,  41.80859
 -78.53197,  41.81266
 -78.50189,  41.80977
 -78.49781,  41.80772
 -78.48060,  41.78494
 -78.47301,  41.76872
 -78.44833,  41.76189
 -78.44330,  41.75510
 -78.43533,  41.76166
 -78.41232,  41.78098
 -78.38242,  41.77341
 -78.35228,  41.77298
 -78.32233,  41.76707
 -78.29635,  41.78160
 -78.29147,  41.78756
 -78.27625,  41.80370
 -78.26019,  41.82005
 -78.25755,  41.82582
 -78.25800,  41.84832
 -78.25907,  41.85250
 -78.26952,  41.87103
 -78.27527,  41.89363
 -78.28390,  41.91628
 -78.28673,  41.92616
 -78.29184,  41.93891
 -78.28613,  41.94363
 -78.27287,  41.96103
 -78.25879,  41.98325
 -78.25606,  42.00568
 -78.25349,  42.01300
 -78.24987,  42.02805
 -78.25081,  42.05056
 -78.25127,  42.07305
 -78.24940,  42.09549
 -78.24724,  42.11794
 -78.23454,  42.14018
 -78.22328,  42.16245
 -78.21779,  42.16656
 -78.19898,  42.18445
 -78.18625,  42.19985
 -78.16487,  42.20626
 -78.15548,  42.21152
 -78.12496,  42.21579
 -78.11729,  42.22779
 -78.10966,  42.25011
 -78.10724,  42.27255
 -78.11017,  42.29510
 -78.12136,  42.31306
 -78.13007,  42.31798
 -78.12722,  42.34041
 -78.12018,  42.34489
 -78.09191,  42.36217
 -78.08904,  42.36400
 -78.06787,  42.38416
 -78.05715,  42.40247
 -78.05587,  42.40639
 -78.04319,  42.42861
 -78.03876,  42.45100
 -78.03620,  42.47343
 -78.03497,  42.49588
 -78.03571,  42.51838
 -78.03159,  42.54078
 -78.02708,  42.56316
 -78.01986,  42.57925
 -78.01641,  42.58541
 -78.01919,  42.59658
 -78.02084,  42.60799
 -78.01837,  42.61766
 -78.01418,  42.63034
 -78.01730,  42.64504
 -78.01854,  42.65291
 -78.01816,  42.67538
 -78.01907,  42.69788
 -78.02259,  42.72043
 -78.02287,  42.74292
 -78.02975,  42.76554
 -78.03658,  42.78816
 -78.03042,  42.81051
 -78.03510,  42.83309
 -78.04031,  42.84136
 -78.04484,  42.85577
 -78.06707,  42.87870
 -78.06945,  42.88079
 -78.09977,  42.89015
 -78.13033,  42.89322
 -78.14610,  42.88030
 -78.16209,  42.86391
 -78.16533,  42.85820
 -78.17259,  42.83587
 -78.17142,  42.81337
 -78.16627,  42.79079
 -78.17149,  42.76842
 -78.17711,  42.74605
 -78.18531,  42.72373
 -78.19498,  42.70145
 -78.19910,  42.68850
 -78.20242,  42.67911
 -78.20685,  42.65672
 -78.21101,  42.63433
 -78.21106,  42.61184
 -78.21089,  42.58935
 -78.21898,  42.56704
 -78.23450,  42.55305
 -78.25208,  42.54519
 -78.26572,  42.53290
 -78.29643,  42.52684
 -78.30710,  42.52375
 -78.32722,  42.51873
 -78.35780,  42.51594
 -78.38857,  42.50779
 -78.40443,  42.50304
 -78.41965,  42.48975
 -78.42630,  42.48096
 -78.44584,  42.45882
 -78.45178,  42.43644
 -78.45185,  42.43634
 -78.45815,  42.41407
 -78.46592,  42.39173
 -78.48351,  42.36955
 -78.48443,  42.36903
 -78.51531,  42.35446
 -78.54592,  42.34820
 -78.57631,  42.34908
 -78.57670,  42.34864
 -78.58245,  42.32625
 -78.60798,  42.30698
 -78.61495,  42.30431
 -78.63877,  42.29340
 -78.64803,  42.28234
 -78.66996,  42.26518
 -78.67545,  42.26029
 -78.68070,  42.23790
 -78.67708,  42.21536
 -78.67157,  42.20879
 -78.65877,  42.19259
 -78.66401,  42.17020
 -78.67307,  42.15620
 -78.70331,  42.15943
 -78.73370,  42.15689
 -78.74467,  42.14896
 -78.75022,  42.12656
 -78.75087,  42.10408
 -78.75325,  42.08164
 -78.76629,  42.07328
 -78.79662,  42.07162
 -78.82706,  42.06557
 -78.84338,  42.08296
 -78.84309,  42.10543
 -78.84350,  42.12792
 -78.83932,  42.15034
 -78.82458,  42.16071
 -78.80959,  42.17240
 -78.80260,  42.19477
 -78.79298,  42.20877
 -78.78493,  42.21700
 -78.77712,  42.23936
 -78.79211,  42.24118
 -78.82209,  42.25576
 -78.83926,  42.24026
 -78.84373,  42.21785
 -78.85373,  42.20650
 -78.88425,  42.19991
 -78.91098,  42.19630
 -78.91238,  42.17384
 -78.89739,  42.15115
 -78.89756,  42.12868
 -78.91678,  42.11149
 -78.92492,  42.10657
 -78.93285,  42.08420
 -78.93217,  42.06171
 -78.93257,  42.03923
 -78.92645,  42.01667
 -78.91931,  42.00884
 -78.88942,  41.99440
 -78.88847,  41.99367
 -78.87782,  41.97103
 -78.86005,  41.95965
 -78.82994,  41.95507
 -78.81093,  41.94760
 -78.80046,  41.92674
 -78.79996,  41.92496
 -78.79500,  41.90240
 -78.79587,  41.87994
 -78.80194,  41.87052
 -78.81696,  41.85776
 -78.83267,  41.84969
 -78.84351,  41.83566
 -78.86013,  41.81341
 -78.86382,  41.81170
 -78.89404,  41.80970
 -78.90626,  41.79157
 -78.91799,  41.76925
 -78.92529,  41.76522
 -78.95556,  41.75993
 -78.98580,  41.75563
 -79.01595,  41.75548
 -79.02611,  41.74819
 -79.04053,  41.72589
 -79.04686,  41.72090
 -79.07729,  41.70688
 -79.10744,  41.70569
 -79.13255,  41.72702
 -79.13671,  41.74506
 -79.13712,  41.74955
 -79.14767,  41.77216
 -79.14594,  41.79462
 -79.13551,  41.80149
 -79.10520,  41.80860
 -79.08650,  41.81639
 -79.07891,  41.83878
 -79.07427,  41.84324
 -79.04837,  41.86089
 -79.04330,  41.87815
 -79.04095,  41.88327
 -79.03231,  41.90564
 -79.03474,  41.92816
 -79.03973,  41.95070
 -79.04157,  41.95436
 -79.04721,  41.97327
 -79.05092,  41.99581
 -79.07059,  42.00886
 -79.07917,  41.99616
 -79.08150,  41.97370
 -79.08590,  41.95127
 -79.09480,  41.92890
 -79.10281,  41.91897
 -79.12029,  41.90673
 -79.13341,  41.90073
 -79.14581,  41.88455
 -79.16268,  41.86226
 -79.16444,  41.86134
 -79.19485,  41.85018
 -79.21429,  41.84037
 -79.22543,  41.83019
 -79.24089,  41.84066
 -79.25517,  41.85225
 -79.28545,  41.84713
 -79.28739,  41.84116
 -79.29162,  41.81872
 -79.31651,  41.79924
 -79.32019,  41.79654
 -79.32786,  41.77413
 -79.33457,  41.75172
 -79.33454,  41.72924
 -79.31816,  41.70950
 -79.31353,  41.70654
 -79.29964,  41.68391
 -79.29478,  41.66138
 -79.29105,  41.63886
 -79.31054,  41.61658
 -79.31994,  41.61282
 -79.35021,  41.60169
 -79.36422,  41.59464
 -79.35310,  41.57205
 -79.35075,  41.57114
 -79.33321,  41.54936
 -79.32613,  41.52681
 -79.34569,  41.50452
 -79.35224,  41.48787
 -79.35554,  41.48214
 -79.35929,  41.45970
 -79.35965,  41.43721
 -79.38349,  41.41675
 -79.38444,  41.41497
 -79.41381,  41.39278
 -79.41388,  41.39254
 -79.42088,  41.37036
 -79.41466,  41.34782
 -79.41463,  41.34759
 -79.40983,  41.32529
 -79.38541,  41.30596
 -79.37820,  41.30250
 -79.36352,  41.27987
 -79.38598,  41.27277
 -79.41584,  41.27623
 -79.44590,  41.26726
 -79.45471,  41.25826
 -79.47614,  41.24672
 -79.48105,  41.23602
 -79.47649,  41.22429
 -79.46680,  41.21340
 -79.47694,  41.19645
 -79.47813,  41.19102
 -79.47707,  41.18835
 -79.44930,  41.16828
 -79.44755,  41.16665
 -79.43530,  41.14566
 -79.42557,  41.12309
 -79.41848,  41.11881
 -79.39789,  41.12283
 -79.38840,  41.13239
 -79.35846,  41.13736
 -79.34618,  41.12231
 -79.32893,  41.11941
 -79.31956,  41.12204
 -79.31005,  41.14442
 -79.32809,  41.16581
 -79.33106,  41.16713
 -79.34122,  41.18971
 -79.33058,  41.21209
 -79.32699,  41.22681
 -79.32118,  41.23448
 -79.29673,  41.24620
 -79.28791,  41.25661
 -79.28876,  41.27910
 -79.29586,  41.29295
 -79.29895,  41.30170
 -79.31214,  41.32431
 -79.31808,  41.34686
 -79.32473,  41.35101
 -79.34868,  41.36966
 -79.35052,  41.39215
 -79.35198,  41.41465
 -79.32346,  41.42087
 -79.30519,  41.43666
 -79.30430,  41.45914
 -79.30404,  41.48162
 -79.29420,  41.50399
 -79.29189,  41.50544
 -79.26183,  41.50722
 -79.25570,  41.50359
 -79.24272,  41.48096
 -79.23254,  41.47026
 -79.20275,  41.45927
 -79.17968,  41.48026
 -79.17213,  41.48920
 -79.16871,  41.48013
 -79.17240,  41.47609
 -79.20164,  41.45802
 -79.19447,  41.43546
 -79.19669,  41.41299
 -79.20394,  41.40010
 -79.23405,  41.39326
 -79.25394,  41.39114
 -79.24297,  41.36855
 -79.24109,  41.34604
 -79.23825,  41.32353
 -79.23553,  41.31768
 -79.21889,  41.32331
 -79.20510,  41.34232
 -79.20471,  41.34563
 -79.20489,  41.35279
 -79.21384,  41.36823
 -79.20444,  41.37504
 -79.17420,  41.38844
 -79.16357,  41.39013
 -79.14415,  41.39252
 -79.11398,  41.40180
 -79.09367,  41.38929
 -79.08437,  41.38508
 -79.05434,  41.38779
 -79.05270,  41.38879
 -79.05173,  41.41126
 -79.04482,  41.43365
 -79.05315,  41.44119
 -79.07130,  41.45648
 -79.08271,  41.46069
 -79.09581,  41.47926
 -79.09588,  41.50174
 -79.09297,  41.52419
 -79.08890,  41.54663
 -79.08068,  41.55330
 -79.05090,  41.56864
 -79.05027,  41.56956
 -79.04158,  41.59101
 -79.01933,  41.60814
 -79.00008,  41.59047
 -78.99884,  41.56797
 -79.01906,  41.54575
 -79.02091,  41.53915
 -79.02238,  41.52331
 -79.02131,  41.52192
 -79.00949,  41.50066
 -79.00577,  41.47813
 -78.99271,  41.46052
 -78.97733,  41.45527
 -78.96295,  41.45032
 -78.94785,  41.43239
 -78.96371,  41.41824
 -78.98129,  41.41035
 -78.99425,  41.39451
 -78.99776,  41.38808
 -79.01562,  41.36583
 -79.02497,  41.36153
 -79.03568,  41.34361
 -79.03563,  41.32112
 -79.02635,  41.30090
 -79.02351,  41.29848
 -79.02689,  41.27721
 -79.03378,  41.29861
 -79.05625,  41.30224
 -79.08618,  41.30201
 -79.11600,  41.30698
 -79.13551,  41.29987
 -79.14622,  41.29366
 -79.17018,  41.27779
 -79.17657,  41.27258
 -79.19008,  41.25554
 -79.19456,  41.23310
 -79.20770,  41.21216
 -79.21151,  41.21081
 -79.23782,  41.20047
 -79.24558,  41.18870
 -79.23832,  41.17484
 -79.22324,  41.16597
 -79.20880,  41.15688
 -79.18128,  41.16549
 -79.17872,  41.16751
 -79.17706,  41.16545
 -79.15314,  41.14268
 -79.15630,  41.12024
 -79.18000,  41.10455
 -79.18265,  41.09806
 -79.18270,  41.07557
 -79.18070,  41.07003
 -79.15993,  41.05282
 -79.15153,  41.03879
 -79.14694,  41.03018
 -79.13641,  41.00758
 -79.13442,  40.98507
 -79.13090,  40.96254
 -79.13716,  40.94013
 -79.15108,  40.91781
 -79.15408,  40.91563
 -79.18407,  40.90424
 -79.19343,  40.89582
 -79.19862,  40.87339
 -79.21471,  40.85855
 -79.22688,  40.85123
 -79.24023,  40.82889
 -79.24533,  40.81267
 -79.24747,  40.80648
 -79.25729,  40.78411
 -79.26866,  40.76175
 -79.27613,  40.75477
 -79.28750,  40.73946
 -79.28491,  40.71695
 -79.29041,  40.69453
 -79.29504,  40.67209
 -79.30753,  40.66109
 -79.33726,  40.65570
 -79.36689,  40.65588
 -79.37089,  40.65039
 -79.37348,  40.62793
 -79.36758,  40.61660
 -79.35648,  40.60527
 -79.34408,  40.58266
 -79.34111,  40.56015
 -79.34483,  40.53770
 -79.34939,  40.51527
 -79.36964,  40.49723
 -79.39893,  40.51377
 -79.39965,  40.51577
 -79.40688,  40.53832
 -79.42357,  40.56097
 -79.42770,  40.56294
 -79.44836,  40.58368
 -79.45673,  40.59843
 -79.46558,  40.60632
 -79.48522,  40.62899
 -79.47362,  40.65137
 -79.45567,  40.66453
 -79.44540,  40.67359
 -79.43480,  40.69598
 -79.42535,  40.70560
 -79.39565,  40.70788
 -79.37683,  40.71790
 -79.36574,  40.72232
 -79.35510,  40.74017
 -79.33542,  40.75854
 -79.31862,  40.76228
 -79.30556,  40.76801
 -79.29572,  40.78452
 -79.29707,  40.80702
 -79.29757,  40.82951
 -79.29797,  40.85200
 -79.29554,  40.87446
 -79.29301,  40.89692
 -79.27320,  40.91029
 -79.24970,  40.91894
 -79.24313,  40.92668
 -79.22509,  40.94115
 -79.23836,  40.96378
 -79.24231,  40.96919
 -79.25163,  40.98641
 -79.27028,  41.00910
 -79.27129,  41.01107
 -79.30105,  41.01326
 -79.30902,  41.00951
 -79.33104,  41.00261
 -79.33978,  40.98734
 -79.33266,  40.96478
 -79.33186,  40.95681
 -79.32825,  40.94226
 -79.33039,  40.91980
 -79.33254,  40.91901
 -79.34505,  40.89746
 -79.34807,  40.87500
 -79.35674,  40.85260
 -79.35972,  40.83015
 -79.36394,  40.82531
 -79.38332,  40.83038
 -79.39343,  40.83840
 -79.40046,  40.85303
 -79.40083,  40.87552
 -79.40110,  40.89801
 -79.40101,  40.92050
 -79.40359,  40.94301
 -79.42107,  40.96305
 -79.42762,  40.96572
 -79.44934,  40.98841
 -79.45042,  40.99009
 -79.45596,  41.01095
 -79.45707,  41.03344
 -79.47751,  41.05611
 -79.47914,  41.05719
 -79.50892,  41.05991
 -79.51291,  41.05643
 -79.53730,  41.03415
 -79.52837,  41.01160
 -79.53832,  40.98920
 -79.53464,  40.96668
 -79.54031,  40.95458
 -79.54406,  40.94428
 -79.55276,  40.92187
 -79.57070,  40.91074
 -79.59642,  40.89974
 -79.60069,  40.89434
 -79.61445,  40.87740
 -79.62392,  40.85498
 -79.63103,  40.84961
 -79.63595,  40.83259
 -79.63360,  40.81009
 -79.64578,  40.78770
 -79.64529,  40.76522
 -79.63223,  40.76036
 -79.60265,  40.75262
 -79.59290,  40.74232
 -79.59866,  40.71989
 -79.60316,  40.71549
 -79.63303,  40.70063
 -79.63596,  40.69770
 -79.63674,  40.67522
 -79.63352,  40.66382
 -79.62776,  40.65266
 -79.63389,  40.63609
 -79.63570,  40.63025
 -79.66386,  40.60987
 -79.66898,  40.60801
 -79.69373,  40.58909
 -79.69555,  40.58572
 -79.70653,  40.56332
 -79.72369,  40.55962
 -79.75344,  40.54651
 -79.78304,  40.54465
 -79.81261,  40.54744
 -79.83275,  40.54166
 -79.84236,  40.53057
 -79.84863,  40.51926
 -79.87215,  40.50925
 -79.90174,  40.50745
 -79.93135,  40.50279
 -79.93484,  40.49726
 -79.93692,  40.47479
 -79.93961,  40.45232
 -79.94692,  40.42987
 -79.96166,  40.41388
 -79.99120,  40.41301
 -80.02067,  40.42159
 -80.02983,  40.43026
END
 -15.00000, -79.69791,  40.42836
 -79.69564,  40.43553
 -79.68835,  40.45077
 -79.66576,  40.46236
 -79.65589,  40.45053
 -79.65323,  40.42803
 -79.66639,  40.41320
 -79.69580,  40.42253
 -79.69791,  40.42836
END
 -15.00000, -79.52573,  40.42699
 -79.52355,  40.44946
 -79.52853,  40.47198
 -79.52955,  40.49448
 -79.51720,  40.51616
 -79.51083,  40.49432
 -79.51339,  40.47186
 -79.51702,  40.44940
 -79.51637,  40.42691
 -79.51862,  40.42123
 -79.52573,  40.42699
END
 -15.00000, -80.19145,  40.47580
 -80.19135,  40.49828
 -80.16785,  40.51141
 -80.15055,  40.49816
 -80.15066,  40.47567
 -80.16811,  40.46238
 -80.19145,  40.47580
END
 -15.00000, -80.28779,  40.54348
 -80.28598,  40.55372
 -80.25642,  40.54552
 -80.25611,  40.54342
 -80.25643,  40.54239
 -80.28605,  40.53276
 -80.28779,  40.54348
END
 -15.00000, -79.52079,  40.53937
 -79.51680,  40.54224
 -79.51344,  40.53931
 -79.51716,  40.51861
 -79.52079,  40.53937
END
 -15.00000, -79.01837,  40.53391
 -79.01398,  40.53493
 -79.01332,  40.53384
 -79.01402,  40.53302
 -79.01837,  40.53391
END
 -15.00000, -79.97965,  40.56493
 -79.96033,  40.57240
 -79.95385,  40.58728
 -79.96003,  40.60789
 -79.98967,  40.60445
 -80.00053,  40.58751
 -80.00715,  40.56505
 -79.99004,  40.55777
 -79.97965,  40.56493
END
 -15.00000, -80.28661,  40.58844
 -80.28585,  40.58945
 -80.27846,  40.58843
 -80.28587,  40.58239
 -80.28661,  40.58844
END
 -15.00000, -79.87052,  40.58684
 -79.87060,  40.60933
 -79.85645,  40.63173
 -79.87076,  40.65160
 -79.90042,  40.64848
 -79.90694,  40.65449
 -79.92670,  40.67708
 -79.92960,  40.69926
 -79.92997,  40.69958
 -79.95924,  40.70139
 -79.96925,  40.69977
 -79.98898,  40.68997
 -80.01627,  40.67750
 -79.98915,  40.66899
 -79.95961,  40.65747
 -79.95409,  40.65473
 -79.94265,  40.63219
 -79.93024,  40.62681
 -79.90063,  40.62610
 -79.87210,  40.60933
 -79.87223,  40.58685
 -79.87141,  40.58521
 -79.87052,  40.58684
END
 -15.00000, -79.20193,  40.60361
 -79.20597,  40.62614
 -79.20844,  40.64865
 -79.21864,  40.65932
 -79.23782,  40.67147
 -79.24223,  40.69400
 -79.21767,  40.70839
 -79.18907,  40.69341
 -79.18834,  40.69231
 -79.15900,  40.67671
 -79.15575,  40.67053
 -79.14152,  40.64787
 -79.14139,  40.62539
 -79.15498,  40.60306
 -79.16070,  40.59396
 -79.19032,  40.59365
 -79.20193,  40.60361
END
 -15.00000, -77.72655,  40.57728
 -77.73956,  40.58371
 -77.74848,  40.60031
 -77.76771,  40.61894
 -77.76927,  40.62330
 -77.76878,  40.64578
 -77.76636,  40.65152
 -77.74665,  40.66775
 -77.73879,  40.69005
 -77.73498,  40.69281
 -77.71306,  40.68943
 -77.70560,  40.68603
 -77.68860,  40.66634
 -77.67711,  40.65861
 -77.67163,  40.64342
 -77.67410,  40.62099
 -77.67911,  40.61192
 -77.69479,  40.59901
 -77.70593,  40.57678
 -77.71034,  40.57413
 -77.72655,  40.57728
END
 -15.00000, -78.99714,  40.62357
 -79.00079,  40.64611
 -79.00058,  40.66859
 -78.99759,  40.69103
 -78.98037,  40.70868
 -78.95099,  40.69656
 -78.94705,  40.69036
 -78.94389,  40.66782
 -78.94233,  40.64532
 -78.94842,  40.62292
 -78.95284,  40.61850
 -78.98263,  40.61119
 -78.99714,  40.62357
END
 -15.00000, -78.78436,  40.62056
 -78.79004,  40.64314
 -78.77412,  40.65567
 -78.75646,  40.66512
 -78.75640,  40.68760
 -78.74926,  40.70998
 -78.74277,  40.71928
 -78.71289,  40.72689
 -78.69745,  40.70917
 -78.69289,  40.68661
 -78.70069,  40.66425
 -78.71481,  40.65636
 -78.74468,  40.64796
 -78.74921,  40.64251
 -78.76408,  40.62025
 -78.77519,  40.61479
 -78.78436,  40.62056
END
 -15.00000, -78.58230,  40.61734
 -78.58932,  40.63995
 -78.59126,  40.66247
 -78.59365,  40.68500
 -78.59507,  40.69703
 -78.59593,  40.70752
 -78.60114,  40.73009
 -78.59892,  40.75255
 -78.59449,  40.77496
 -78.59267,  40.77930
 -78.58281,  40.79725
 -78.57111,  40.81955
 -78.56136,  40.83406
 -78.55382,  40.84174
 -78.53112,  40.85133
 -78.50142,  40.85027
 -78.47202,  40.84032
 -78.47535,  40.81789
 -78.47504,  40.79539
 -78.47365,  40.78693
 -78.46710,  40.77277
 -78.47321,  40.75039
 -78.47485,  40.74789
 -78.47741,  40.72797
 -78.47570,  40.72057
 -78.46341,  40.70524
 -78.47667,  40.68892
 -78.47844,  40.68301
 -78.47701,  40.67781
 -78.46275,  40.66025
 -78.47237,  40.63793
 -78.47565,  40.61550
 -78.47904,  40.61199
 -78.50901,  40.60041
 -78.53865,  40.59977
 -78.56802,  40.60817
 -78.58230,  40.61734
END
 -15.00000, -79.80334,  40.67638
 -79.81017,  40.69890
 -79.81094,  40.70305
 -79.84000,  40.69909
 -79.82987,  40.67654
 -79.81130,  40.66934
 -79.80334,  40.67638
END
 -15.00000, -79.92702,  40.72205
 -79.91492,  40.74446
 -79.92390,  40.76699
 -79.92448,  40.78948
 -79.92878,  40.79122
 -79.95847,  40.79089
 -79.97099,  40.78971
 -79.95853,  40.78458
 -79.93603,  40.76706
 -79.93159,  40.74455
 -79.93024,  40.72206
 -79.92959,  40.70033
 -79.92702,  40.72205
END
 -15.00000, -79.82095,  40.72145
 -79.81471,  40.74389
 -79.84010,  40.75147
 -79.85519,  40.74414
 -79.85321,  40.72165
 -79.84064,  40.69914
 -79.82095,  40.72145
END
 -15.00000, -79.65569,  40.72033
 -79.65053,  40.74277
 -79.66194,  40.75759
 -79.67635,  40.74297
 -79.67365,  40.72047
 -79.66248,  40.71646
 -79.65569,  40.72033
END
 -15.00000, -79.07373,  40.78196
 -79.06760,  40.78875
 -79.06337,  40.78183
 -79.06791,  40.77467
 -79.07373,  40.78196
END
 -15.00000, -78.74167,  40.77732
 -78.74117,  40.77907
 -78.73116,  40.79964
 -78.71056,  40.81221
 -78.70518,  40.82173
 -78.70210,  40.84416
 -78.68826,  40.86643
 -78.67905,  40.87715
 -78.64962,  40.86623
 -78.64923,  40.86581
 -78.63943,  40.84316
 -78.64053,  40.82069
 -78.65139,  40.80341
 -78.68122,  40.79905
 -78.68211,  40.79887
 -78.69582,  40.77661
 -78.71198,  40.76048
 -78.74124,  40.77632
 -78.74167,  40.77732
END
 -15.00000, -79.77723,  40.83359
 -79.77973,  40.84175
 -79.78348,  40.83363
 -79.77987,  40.82917
 -79.77723,  40.83359
END
 -15.00000, -79.14467,  40.82779
 -79.14072,  40.85023
 -79.12552,  40.85894
 -79.10892,  40.84985
 -79.10227,  40.82728
 -79.12647,  40.81367
 -79.14467,  40.82779
END
 -15.00000, -79.80018,  40.87870
 -79.79748,  40.90117
 -79.79013,  40.92361
 -79.79736,  40.94614
 -79.80829,  40.94957
 -79.81818,  40.94627
 -79.83424,  40.92388
 -79.82178,  40.90132
 -79.82262,  40.87884
 -79.80919,  40.86628
 -79.80018,  40.87870
END
 -15.00000, -79.03031,  40.87135
 -79.03566,  40.88887
 -79.03649,  40.89391
 -79.03551,  40.89511
 -79.02163,  40.91621
 -79.00487,  40.93451
 -79.00362,  40.93846
 -78.99898,  40.96088
 -78.97423,  40.97204
 -78.94501,  40.98265
 -78.94418,  40.98333
 -78.94214,  40.98261
 -78.91462,  40.97397
 -78.89915,  40.95953
 -78.89347,  40.93697
 -78.89645,  40.91452
 -78.91651,  40.89594
 -78.91998,  40.89236
 -78.93578,  40.87009
 -78.94706,  40.86221
 -78.97696,  40.85519
 -79.00677,  40.85139
 -79.03031,  40.87135
END
 -15.00000, -80.15949,  40.92535
 -80.16291,  40.94785
 -80.16549,  40.94985
 -80.17055,  40.94787
 -80.18124,  40.92542
 -80.16572,  40.90797
 -80.15949,  40.92535
END
 -15.00000, -79.92500,  40.92439
 -79.92184,  40.94685
 -79.92724,  40.96227
 -79.93282,  40.94691
 -79.93031,  40.92441
 -79.92760,  40.92213
 -79.92500,  40.92439
END
 -15.00000, -79.65503,  40.94516
 -79.65945,  40.94922
 -79.68925,  40.94700
 -79.68987,  40.94542
 -79.68928,  40.94453
 -79.65967,  40.93283
 -79.65503,  40.94516
END
 -15.00000, -79.09563,  40.93963
 -79.10638,  40.96224
 -79.10538,  40.98471
 -79.10282,  41.00717
 -79.09531,  41.02956
 -79.09850,  41.05209
 -79.11159,  41.07473
 -79.11077,  41.09721
 -79.09021,  41.11699
 -79.06033,  41.11834
 -79.03432,  41.09625
 -79.03424,  41.07377
 -79.04924,  41.05147
 -79.05282,  41.02903
 -79.04467,  41.00645
 -79.04366,  40.98395
 -79.04735,  40.96151
 -79.05695,  40.93914
 -79.06460,  40.92538
 -79.09409,  40.93792
 -79.09563,  40.93963
END
 -15.00000, -78.11244,  40.92336
 -78.14185,  40.92805
 -78.17162,  40.92795
 -78.20091,  40.94159
 -78.21088,  40.94785
 -78.22993,  40.96309
 -78.24005,  40.97092
 -78.24952,  40.99360
 -78.25433,  41.01618
 -78.25195,  41.03862
 -78.25170,  41.06111
 -78.24531,  41.08347
 -78.22828,  41.10563
 -78.22489,  41.10841
 -78.21080,  41.12777
 -78.19379,  41.14395
 -78.18311,  41.14970
 -78.16341,  41.15845
 -78.13346,  41.16052
 -78.10350,  41.16282
 -78.07359,  41.16363
 -78.05456,  41.16954
 -78.04319,  41.17775
 -78.01299,  41.18614
 -77.98795,  41.16811
 -77.98386,  41.16656
 -77.95431,  41.15809
 -77.92458,  41.15432
 -77.89442,  41.16166
 -77.88823,  41.16590
 -77.86372,  41.18212
 -77.86066,  41.18776
 -77.85995,  41.21024
 -77.85121,  41.23253
 -77.85423,  41.25509
 -77.85554,  41.27761
 -77.85907,  41.29725
 -77.86092,  41.30022
 -77.88816,  41.31836
 -77.91798,  41.32170
 -77.93083,  41.32429
 -77.94759,  41.33038
 -77.97257,  41.32521
 -77.97777,  41.32432
 -77.98163,  41.32541
 -77.99783,  41.34825
 -77.99848,  41.37075
 -78.00077,  41.39330
 -78.00472,  41.40259
 -78.01064,  41.41600
 -78.00997,  41.43848
 -78.00542,  41.46087
 -78.00227,  41.46669
 -77.99081,  41.48304
 -77.97116,  41.49466
 -77.94088,  41.50119
 -77.91086,  41.50088
 -77.88390,  41.48068
 -77.88174,  41.47839
 -77.86719,  41.45781
 -77.85336,  41.43804
 -77.85207,  41.43497
 -77.85384,  41.42615
 -77.85870,  41.41263
 -77.85652,  41.39009
 -77.85556,  41.38388
 -77.85357,  41.36753
 -77.82694,  41.35060
 -77.80978,  41.34403
 -77.79741,  41.34025
 -77.78439,  41.34344
 -77.76723,  41.34555
 -77.74736,  41.34256
 -77.73747,  41.34084
 -77.70756,  41.33970
 -77.69354,  41.34127
 -77.67747,  41.34285
 -77.66997,  41.34070
 -77.64795,  41.33273
 -77.61805,  41.33139
 -77.58834,  41.32581
 -77.55843,  41.32504
 -77.52841,  41.32632
 -77.49864,  41.32224
 -77.47100,  41.31316
 -77.46915,  41.31251
 -77.44807,  41.29007
 -77.44099,  41.27420
 -77.43519,  41.26723
 -77.42976,  41.24459
 -77.43045,  41.22212
 -77.43787,  41.19982
 -77.44496,  41.18920
 -77.45065,  41.17766
 -77.47077,  41.15570
 -77.47664,  41.15059
 -77.50665,  41.14762
 -77.53660,  41.14601
 -77.56675,  41.13971
 -77.57418,  41.13586
 -77.59719,  41.12680
 -77.62231,  41.11458
 -77.62772,  41.11156
 -77.65823,  41.09675
 -77.67377,  41.09336
 -77.68844,  41.08825
 -77.70455,  41.09411
 -77.71795,  41.09604
 -77.72365,  41.09457
 -77.74851,  41.07915
 -77.76453,  41.07306
 -77.77896,  41.06441
 -77.79292,  41.05124
 -77.79962,  41.02890
 -77.80879,  41.00661
 -77.81165,  40.99489
 -77.81509,  40.98428
 -77.84261,  40.96642
 -77.84575,  40.96249
 -77.87254,  40.94061
 -77.87354,  40.93768
 -77.90405,  40.91931
 -77.90584,  40.91888
 -77.93414,  40.91080
 -77.96396,  40.90940
 -77.99374,  40.90903
 -78.02338,  40.91203
 -78.05277,  40.92192
 -78.06124,  40.92228
 -78.08250,  40.92318
 -78.10955,  40.92330
 -78.11225,  40.92333
 -78.11244,  40.92336
END
 -15.00000, -79.70441,  40.96800
 -79.70055,  40.99046
 -79.71823,  41.01150
 -79.74816,  41.00037
 -79.76737,  40.99091
 -79.74851,  40.97003
 -79.74687,  40.96829
 -79.71882,  40.96360
 -79.70441,  40.96800
END
 -15.00000, -78.84673,  40.98127
 -78.84212,  41.00369
 -78.82423,  41.01413
 -78.80837,  41.02568
 -78.80186,  41.04807
 -78.79640,  41.07048
 -78.79243,  41.09047
 -78.79148,  41.09289
 -78.76214,  41.10772
 -78.74158,  41.11462
 -78.73180,  41.12578
 -78.72325,  41.11434
 -78.70287,  41.09247
 -78.70256,  41.09153
 -78.70292,  41.09071
 -78.71668,  41.06927
 -78.73360,  41.05965
 -78.74380,  41.04720
 -78.74589,  41.02474
 -78.74678,  41.00227
 -78.74947,  40.97982
 -78.76596,  40.96421
 -78.79590,  40.95822
 -78.82559,  40.96139
 -78.84673,  40.98127
END
 -15.00000, -79.62524,  41.03486
 -79.62845,  41.04055
 -79.63262,  41.03492
 -79.62861,  41.02891
 -79.62524,  41.03486
END
 -15.00000, -80.32076,  41.06064
 -80.34377,  41.07227
 -80.34868,  41.08316
 -80.34370,  41.09692
 -80.33373,  41.10563
 -80.31381,  41.11356
 -80.30556,  41.10558
 -80.29800,  41.08308
 -80.31107,  41.06062
 -80.31399,  41.05714
 -80.32076,  41.06064
END
 -15.00000, -79.26617,  41.07651
 -79.26885,  41.09902
 -79.26962,  41.09982
 -79.27111,  41.09904
 -79.27663,  41.07662
 -79.27023,  41.06702
 -79.26617,  41.07651
END
 -15.00000, -79.65696,  41.10256
 -79.62740,  41.11783
 -79.61650,  41.12473
 -79.60359,  41.14711
 -79.59808,  41.16956
 -79.59657,  41.19202
 -79.62613,  41.21142
 -79.63992,  41.21484
 -79.65424,  41.23743
 -79.65565,  41.23952
 -79.66893,  41.23755
 -79.66335,  41.21502
 -79.66584,  41.19255
 -79.67229,  41.17012
 -79.68667,  41.15126
 -79.68766,  41.14774
 -79.68900,  41.12527
 -79.68710,  41.11683
 -79.65885,  41.10257
 -79.65746,  41.10149
 -79.65696,  41.10256
END
 -15.00000, -80.54352,  41.12826
 -80.54881,  41.15074
 -80.55255,  41.15707
 -80.58242,  41.16408
 -80.59268,  41.17321
 -80.59702,  41.19568
 -80.59691,  41.21817
 -80.59651,  41.24065
 -80.58753,  41.26314
 -80.58500,  41.28562
 -80.58253,  41.29243
 -80.57318,  41.28562
 -80.56610,  41.26315
 -80.55260,  41.25554
 -80.54752,  41.24067
 -80.54625,  41.21819
 -80.54443,  41.19571
 -80.54417,  41.17322
 -80.52270,  41.16235
 -80.50426,  41.17322
 -80.50143,  41.19571
 -80.49281,  41.20973
 -80.46292,  41.21782
 -80.44668,  41.19568
 -80.44950,  41.17320
 -80.46297,  41.16227
 -80.49284,  41.15590
 -80.49725,  41.15074
 -80.50328,  41.12826
 -80.52270,  41.11038
 -80.54352,  41.12826
END
 -15.00000, -78.97541,  41.16294
 -78.99625,  41.18570
 -78.99018,  41.20811
 -78.96819,  41.22910
 -78.95218,  41.20760
 -78.94781,  41.18505
 -78.96571,  41.16281
 -78.96979,  41.16110
 -78.97541,  41.16294
END
 -15.00000, -80.22301,  41.21780
 -80.21229,  41.24026
 -80.22367,  41.25024
 -80.23260,  41.24031
 -80.22462,  41.21781
 -80.22382,  41.21719
 -80.22301,  41.21780
END
 -15.00000, -79.55875,  41.23668
 -79.55993,  41.25918
 -79.54805,  41.28156
 -79.54119,  41.30399
 -79.56495,  41.30846
 -79.58260,  41.30433
 -79.59517,  41.28786
 -79.59698,  41.28196
 -79.59544,  41.26855
 -79.59171,  41.25944
 -79.59482,  41.23698
 -79.56618,  41.22431
 -79.55875,  41.23668
END
 -15.00000, -78.80756,  41.22805
 -78.80738,  41.25053
 -78.78805,  41.25758
 -78.75830,  41.25149
 -78.75644,  41.24977
 -78.75201,  41.22722
 -78.75914,  41.22002
 -78.78909,  41.21791
 -78.80756,  41.22805
END
 -15.00000, -78.67731,  41.22606
 -78.67563,  41.24852
 -78.66840,  41.25750
 -78.66344,  41.24833
 -78.66344,  41.22584
 -78.66951,  41.21814
 -78.67731,  41.22606
END
 -15.00000, -78.54768,  41.22393
 -78.54967,  41.22668
 -78.56078,  41.24664
 -78.56598,  41.26921
 -78.57623,  41.29187
 -78.55230,  41.31395
 -78.54684,  41.32115
 -78.52521,  41.33598
 -78.51624,  41.34275
 -78.50779,  41.33569
 -78.49178,  41.31292
 -78.48895,  41.29038
 -78.48804,  41.28587
 -78.47725,  41.26769
 -78.47669,  41.24519
 -78.48703,  41.22289
 -78.49010,  41.21944
 -78.52051,  41.20251
 -78.54768,  41.22393
END
 -15.00000, -78.82194,  41.29572
 -78.84669,  41.30377
 -78.85322,  41.31865
 -78.85773,  41.34120
 -78.87530,  41.35686
 -78.89119,  41.36416
 -78.89963,  41.38676
 -78.89528,  41.40918
 -78.87375,  41.41875
 -78.84608,  41.40849
 -78.84411,  41.40506
 -78.83803,  41.38589
 -78.81512,  41.36733
 -78.79889,  41.36283
 -78.79244,  41.34025
 -78.79387,  41.31779
 -78.81582,  41.29562
 -78.81712,  41.28981
 -78.82194,  41.29572
END
 -15.00000, -80.22182,  41.33021
 -80.22326,  41.33937
 -80.22514,  41.33022
 -80.22331,  41.32751
 -80.22182,  41.33021
END
 -15.00000, -79.61356,  41.32705
 -79.62432,  41.34418
 -79.63454,  41.32721
 -79.62465,  41.32026
 -79.61356,  41.32705
END
 -15.00000, -79.51497,  41.32624
 -79.51118,  41.34870
 -79.50491,  41.37112
 -79.50408,  41.37367
 -79.47604,  41.39335
 -79.50372,  41.39700
 -79.53368,  41.39790
 -79.56370,  41.39467
 -79.56506,  41.39411
 -79.57353,  41.37170
 -79.56411,  41.36637
 -79.54914,  41.34902
 -79.54741,  41.32652
 -79.53506,  41.30564
 -79.51497,  41.32624
END
 -15.00000, -78.73569,  41.33940
 -78.72575,  41.34851
 -78.71026,  41.33900
 -78.72634,  41.32649
 -78.73569,  41.33940
END
 -15.00000, -80.42604,  41.37552
 -80.41738,  41.39799
 -80.41324,  41.42047
 -80.40553,  41.44294
 -80.41394,  41.46544
 -80.42584,  41.48793
 -80.43266,  41.48970
 -80.44102,  41.48794
 -80.45719,  41.46547
 -80.45427,  41.44298
 -80.45589,  41.42050
 -80.45448,  41.39802
 -80.44563,  41.37553
 -80.43282,  41.37309
 -80.42604,  41.37552
END
 -15.00000, -78.70135,  41.38383
 -78.69430,  41.40225
 -78.69129,  41.40617
 -78.66374,  41.42254
 -78.65612,  41.42810
 -78.65481,  41.45056
 -78.66246,  41.46783
 -78.69247,  41.46763
 -78.72260,  41.46317
 -78.75266,  41.46155
 -78.78259,  41.46414
 -78.78909,  41.47512
 -78.78619,  41.49755
 -78.78158,  41.50224
 -78.75112,  41.51822
 -78.74835,  41.51947
 -78.72640,  41.54163
 -78.72032,  41.54625
 -78.71292,  41.54142
 -78.69102,  41.51952
 -78.68988,  41.51857
 -78.66497,  41.49570
 -78.66191,  41.48735
 -78.65759,  41.47309
 -78.63256,  41.46408
 -78.60278,  41.45614
 -78.59697,  41.44962
 -78.59604,  41.42712
 -78.60382,  41.42059
 -78.63409,  41.41071
 -78.64162,  41.40538
 -78.64738,  41.38298
 -78.66546,  41.36187
 -78.69537,  41.36378
 -78.70135,  41.38383
END
 -15.00000, -79.45623,  41.48310
 -79.44482,  41.50548
 -79.44487,  41.52796
 -79.44152,  41.53402
 -79.42634,  41.55027
 -79.41113,  41.55526
 -79.38670,  41.57238
 -79.38322,  41.59483
 -79.38892,  41.61736
 -79.40994,  41.62526
 -79.43997,  41.62779
 -79.46983,  41.64060
 -79.46985,  41.64061
 -79.47630,  41.61818
 -79.48304,  41.59576
 -79.47943,  41.57324
 -79.47842,  41.55075
 -79.47860,  41.52827
 -79.48375,  41.50583
 -79.50227,  41.49067
 -79.53233,  41.48690
 -79.53442,  41.48379
 -79.53243,  41.48024
 -79.50252,  41.47425
 -79.47256,  41.47157
 -79.45623,  41.48310
END
 -15.00000, -79.20328,  41.57045
 -79.21109,  41.59303
 -79.21156,  41.61551
 -79.20493,  41.63792
 -79.19881,  41.66034
 -79.19869,  41.66059
 -79.16956,  41.68248
 -79.16812,  41.68359
 -79.13792,  41.68785
 -79.13068,  41.68203
 -79.10815,  41.67258
 -79.09922,  41.65917
 -79.09351,  41.63662
 -79.10722,  41.61430
 -79.10944,  41.61285
 -79.13744,  41.59218
 -79.14006,  41.58683
 -79.14453,  41.56978
 -79.17082,  41.55282
 -79.20058,  41.56676
 -79.20328,  41.57045
END
 -15.00000, -79.24176,  41.72826
 -79.23752,  41.75070
 -79.22685,  41.75825
 -79.20916,  41.75038
 -79.20173,  41.72782
 -79.22773,  41.71383
 -79.24176,  41.72826
END
 -15.00000, -78.47116,  41.73981
 -78.47388,  41.74092
 -78.47406,  41.73986
 -78.47393,  41.73952
 -78.47116,  41.73981
END
 -15.00000, -78.91013,  41.81411
 -78.90596,  41.83653
 -78.92117,  41.85922
 -78.92295,  41.86081
 -78.92456,  41.85927
 -78.93676,  41.83695
 -78.92606,  41.81432
 -78.92416,  41.81178
 -78.91013,  41.81411
END
 -15.00000, -78.72553,  41.87888
 -78.73219,  41.90146
 -78.74030,  41.91682
 -78.74159,  41.92409
 -78.74499,  41.94662
 -78.76917,  41.96658
 -78.77620,  41.96957
 -78.77986,  41.99211
 -78.76826,  42.00039
 -78.74642,  41.99161
 -78.73866,  41.97630
 -78.71124,  41.99108
 -78.70798,  41.99217
 -78.69617,  42.01332
 -78.69201,  42.03574
 -78.67587,  42.05774
 -78.64579,  42.05100
 -78.61578,  42.04172
 -78.60506,  42.03436
 -78.60213,  42.01183
 -78.59766,  41.98928
 -78.61791,  41.96893
 -78.64817,  41.96760
 -78.64819,  41.96760
 -78.67859,  41.96192
 -78.69884,  41.94592
 -78.69886,  41.92344
 -78.68610,  41.90075
 -78.69008,  41.87833
 -78.71135,  41.87097
 -78.72553,  41.87888
END
 -15.00000, -79.25146,  41.90821
 -79.22346,  41.92880
 -79.22303,  41.93039
 -79.22322,  41.94102
 -79.22433,  41.95288
 -79.24470,  41.97558
 -79.24699,  41.99809
 -79.22175,  42.01468
 -79.20807,  41.99766
 -79.19728,  41.97506
 -79.19237,  41.97175
 -79.16208,  41.97437
 -79.16189,  41.97466
 -79.15962,  41.99711
 -79.16048,  42.01960
 -79.15673,  42.04204
 -79.16052,  42.04856
 -79.19065,  42.05577
 -79.22106,  42.04881
 -79.23322,  42.04290
 -79.25181,  42.02467
 -79.25779,  42.02068
 -79.28235,  42.00998
 -79.30553,  41.99871
 -79.31291,  41.99342
 -79.31687,  41.97634
 -79.31334,  41.97046
 -79.29543,  41.95365
 -79.29299,  41.93114
 -79.28423,  41.91126
 -79.26025,  41.90831
 -79.25410,  41.90683
 -79.25146,  41.90821
END
 -15.00000, -78.89767,  41.92635
 -78.89211,  41.94875
 -78.92049,  41.96113
 -78.93153,  41.94929
 -78.93501,  41.92685
 -78.92167,  41.91313
 -78.89767,  41.92635
END
 -15.00000, -80.58726,  41.98249
 -80.58318,  41.99554
 -80.56911,  41.98250
 -80.58317,  41.97663
 -80.58726,  41.98249
END
 -15.00000, -79.01789,  42.04035
 -79.03713,  42.06308
 -79.03787,  42.08556
 -79.02763,  42.10791
 -79.00729,  42.12850
 -78.99635,  42.12999
 -78.97671,  42.13991
 -78.97119,  42.15215
 -78.94665,  42.17430
 -78.94551,  42.17642
 -78.91949,  42.19641
 -78.93787,  42.21914
 -78.92689,  42.24148
 -78.91349,  42.24430
 -78.88773,  42.26342
 -78.88261,  42.26448
 -78.85186,  42.27932
 -78.84966,  42.28536
 -78.84119,  42.30773
 -78.82041,  42.31979
 -78.80181,  42.32964
 -78.80859,  42.35222
 -78.81939,  42.35873
 -78.84977,  42.36030
 -78.88015,  42.36174
 -78.90005,  42.37598
 -78.90971,  42.39642
 -78.91869,  42.37624
 -78.92223,  42.35381
 -78.94164,  42.33569
 -78.94581,  42.33165
 -78.95874,  42.30934
 -78.97294,  42.29795
 -78.97865,  42.28712
 -78.98872,  42.26477
 -78.97387,  42.25920
 -78.95141,  42.24181
 -78.96458,  42.21950
 -78.97484,  42.21849
 -78.99511,  42.19741
 -78.99476,  42.17493
 -79.00657,  42.15942
 -79.03689,  42.15992
 -79.05260,  42.17567
 -79.06100,  42.19825
 -79.06631,  42.20024
 -79.07220,  42.19838
 -79.08732,  42.17609
 -79.08231,  42.15356
 -79.08079,  42.13106
 -79.08391,  42.10861
 -79.08585,  42.08616
 -79.07211,  42.06351
 -79.06942,  42.06108
 -79.04149,  42.04065
 -79.03978,  42.03329
 -79.01789,  42.04035
END
 -15.00000, -79.14287,  42.17676
 -79.14185,  42.19922
 -79.15562,  42.22186
 -79.15677,  42.22728
 -79.15915,  42.22190
 -79.18405,  42.19971
 -79.18798,  42.18571
 -79.18861,  42.17728
 -79.18818,  42.17631
 -79.15810,  42.16420
 -79.14287,  42.17676
END
 -15.00000, -78.97853,  42.21968
 -78.98547,  42.24225
 -79.00419,  42.26140
 -79.03226,  42.24285
 -79.03499,  42.22041
 -79.00538,  42.21064
 -78.97853,  42.21968
END
 -15.00000, -79.12324,  42.28892
 -79.12488,  42.29848
 -79.13075,  42.28901
 -79.12532,  42.27811
 -79.12324,  42.28892
END
 -15.00000, -80.45788,  42.31964
 -80.45297,  42.34211
 -80.46187,  42.35507
 -80.47173,  42.34212
 -80.46746,  42.31965
 -80.46191,  42.31382
 -80.45788,  42.31964
END
 -15.00000, -79.11181,  42.33374
 -79.12389,  42.34460
 -79.12812,  42.33393
 -79.12445,  42.31821
 -79.11181,  42.33374
END
 -15.00000, -78.71252,  42.32831
 -78.72869,  42.33850
 -78.73477,  42.32865
 -78.72916,  42.32164
 -78.71252,  42.32831
END
 -15.00000, -78.63010,  42.37199
 -78.60562,  42.38649
 -78.59841,  42.39395
 -78.58030,  42.41613
 -78.58064,  42.43862
 -78.57522,  42.46101
 -78.58286,  42.48362
 -78.58779,  42.50617
 -78.59045,  42.52869
 -78.60083,  42.54794
 -78.60388,  42.55139
 -78.63063,  42.57206
 -78.63223,  42.57432
 -78.63594,  42.59685
 -78.64415,  42.61946
 -78.64673,  42.64199
 -78.65065,  42.66452
 -78.65118,  42.68700
 -78.65746,  42.69983
 -78.67189,  42.70980
 -78.68744,  42.72085
 -78.69726,  42.73266
 -78.70097,  42.75520
 -78.71647,  42.77647
 -78.73826,  42.75576
 -78.74192,  42.73334
 -78.73843,  42.71082
 -78.73663,  42.68832
 -78.72940,  42.66573
 -78.71976,  42.65910
 -78.70232,  42.64285
 -78.70669,  42.62043
 -78.72107,  42.61241
 -78.73468,  42.59837
 -78.73542,  42.57591
 -78.72819,  42.55333
 -78.73190,  42.53091
 -78.72376,  42.51569
 -78.70503,  42.50802
 -78.69402,  42.48923
 -78.69196,  42.48535
 -78.68487,  42.46276
 -78.67126,  42.44007
 -78.68317,  42.41777
 -78.69498,  42.39548
 -78.69725,  42.37304
 -78.66739,  42.35524
 -78.63654,  42.36983
 -78.63010,  42.37199
END
 -15.00000, -80.42355,  42.43199
 -80.43133,  42.44796
 -80.43775,  42.43200
 -80.43136,  42.42630
 -80.42355,  42.43199
END
 -15.00000, -78.81710,  42.41978
 -78.81126,  42.44217
 -78.80743,  42.46459
 -78.78566,  42.48211
 -78.75535,  42.48631
 -78.78533,  42.49435
 -78.81155,  42.50961
 -78.81534,  42.51242
 -78.82184,  42.50975
 -78.84624,  42.49630
 -78.85555,  42.48775
 -78.85661,  42.46529
 -78.86104,  42.44287
 -78.84814,  42.42330
 -78.83408,  42.42002
 -78.81783,  42.41798
 -78.81710,  42.41978
END
 -15.00000, -77.91862,  42.42594
 -77.90603,  42.44815
 -77.91117,  42.47075
 -77.92287,  42.49348
 -77.93149,  42.49903
 -77.95139,  42.49411
 -77.96263,  42.48268
 -77.98224,  42.47229
 -77.99393,  42.46209
 -78.00108,  42.45021
 -77.99479,  42.43987
 -77.98985,  42.42748
 -77.96531,  42.41503
 -77.93494,  42.41299
 -77.91862,  42.42594
END
 -15.00000, -80.74421,  42.58913
 -80.73640,  42.60331
 -80.70586,  42.60060
 -80.70071,  42.58920
 -80.70580,  42.57791
 -80.73631,  42.57395
 -80.74421,  42.58913
END
 -15.00000, -78.80937,  42.57700
 -78.80753,  42.59945
 -78.80187,  42.62185
 -78.80555,  42.64438
 -78.81178,  42.64687
 -78.82288,  42.64463
 -78.83192,  42.62228
 -78.82310,  42.59967
 -78.82072,  42.57716
 -78.81382,  42.56964
 -78.80937,  42.57700
END
 -15.00000, -80.99107,  42.67831
 -80.98548,  42.70080
 -80.98135,  42.70384
 -80.96664,  42.70087
 -80.95441,  42.67844
 -80.98111,  42.66904
 -80.99107,  42.67831
END
 -15.00000, -80.90023,  42.67863
 -80.89812,  42.70110
 -80.88966,  42.71056
 -80.85910,  42.71398
 -80.84698,  42.72372
 -80.84402,  42.74620
 -80.82874,  42.76128
 -80.80624,  42.74629
 -80.81261,  42.72382
 -80.82851,  42.71410
 -80.84693,  42.70126
 -80.84846,  42.67878
 -80.85884,  42.66557
 -80.88939,  42.66236
 -80.90023,  42.67863
END
 -15.00000, -79.26836,  42.69510
 -79.26669,  42.71756
 -79.26064,  42.73996
 -79.26814,  42.74712
 -79.27604,  42.74012
 -79.27010,  42.71759
 -79.26963,  42.69511
 -79.26920,  42.69289
 -79.26836,  42.69510
END
 -15.00000, -80.52201,  42.74663
 -80.52270,  42.74724
 -80.52441,  42.74663
 -80.52270,  42.74418
 -80.52201,  42.74663
END
 -15.00000, -78.86392,  42.73510
 -78.87022,  42.75114
 -78.88296,  42.73536
 -78.87086,  42.72575
 -78.86392,  42.73510
END
 -15.00000, -76.57085,  42.74862
 -76.57406,  42.75003
 -76.60143,  42.77211
 -76.60311,  42.77590
 -76.61178,  42.79494
 -76.61533,  42.81755
 -76.61843,  42.84015
 -76.61158,  42.86241
 -76.61018,  42.88486
 -76.59523,  42.90487
 -76.59349,  42.90680
 -76.56317,  42.92685
 -76.55800,  42.92812
 -76.53143,  42.94329
 -76.50082,  42.94157
 -76.47576,  42.92536
 -76.47127,  42.92298
 -76.45044,  42.90202
 -76.44333,  42.87946
 -76.44327,  42.87928
 -76.43862,  42.85662
 -76.43668,  42.83407
 -76.44122,  42.81173
 -76.44360,  42.78931
 -76.44968,  42.77938
 -76.45842,  42.76733
 -76.48226,  42.74860
 -76.49244,  42.74599
 -76.51385,  42.73324
 -76.54443,  42.73384
 -76.57085,  42.74862
END
 -15.00000, -78.70916,  42.82275
 -78.71493,  42.83142
 -78.72567,  42.82299
 -78.71542,  42.81404
 -78.70916,  42.82275
END
 -15.00000, -76.94257,  43.38989
 -76.96618,  43.41280
 -76.96641,  43.41307
 -76.97505,  43.43581
 -76.96382,  43.45488
 -76.95367,  43.45765
 -76.93432,  43.47956
 -76.93136,  43.48153
 -76.92616,  43.47932
 -76.91779,  43.45659
 -76.90257,  43.44304
 -76.88645,  43.43317
 -76.90380,  43.42134
 -76.91431,  43.41153
 -76.91322,  43.38902
 -76.93674,  43.38608
 -76.94257,  43.38989
END
 -15.00000, -78.33624,  44.36640
 -78.35621,  44.38021
 -78.36862,  44.38942
 -78.37868,  44.41204
 -78.38630,  44.41887
 -78.39348,  44.43474
 -78.38623,  44.45706
 -78.38448,  44.47203
 -78.38298,  44.47944
 -78.36117,  44.50150
 -78.35175,  44.50868
 -78.31995,  44.51807
 -78.28865,  44.51340
 -78.26704,  44.49981
 -78.25806,  44.48919
 -78.25432,  44.47713
 -78.25014,  44.45461
 -78.24757,  44.43212
 -78.25827,  44.40987
 -78.26100,  44.38748
 -78.26177,  44.38645
 -78.29373,  44.37087
 -78.30784,  44.36589
 -78.32543,  44.36231
 -78.33624,  44.36640
END
 -14.00000, -80.07845,  41.75689
 -80.09170,  41.77942
 -80.09259,  41.80190
 -80.09103,  41.82437
 -80.09063,  41.84685
 -80.08899,  41.86932
 -80.09051,  41.89181
 -80.09709,  41.91431
 -80.09966,  41.93418
 -80.10004,  41.93680
 -80.10351,  41.95929
 -80.10326,  41.98177
 -80.11260,  42.00428
 -80.12935,  42.02312
 -80.13103,  42.02682
 -80.12926,  42.03651
 -80.12404,  42.04927
 -80.10394,  42.07168
 -80.09864,  42.09130
 -80.09801,  42.09414
 -80.09850,  42.11340
 -80.09861,  42.11662
 -80.09847,  42.11737
 -80.09592,  42.13908
 -80.08981,  42.16154
 -80.06778,  42.17307
 -80.06171,  42.18391
 -80.06734,  42.20641
 -80.06228,  42.22886
 -80.06268,  42.25134
 -80.05539,  42.27378
 -80.04096,  42.29620
 -80.03651,  42.29939
 -80.02272,  42.31861
 -80.00583,  42.33627
 -80.00398,  42.34100
 -80.00568,  42.35530
 -80.01144,  42.36351
 -80.00555,  42.37111
 -80.00096,  42.38594
 -80.00526,  42.40657
 -80.03578,  42.39605
 -80.04237,  42.38611
 -80.05080,  42.36367
 -80.06415,  42.34124
 -80.06666,  42.33356
 -80.08250,  42.31884
 -80.09720,  42.31180
 -80.12764,  42.30418
 -80.13950,  42.29656
 -80.13937,  42.27409
 -80.13813,  42.25161
 -80.14017,  42.22914
 -80.14894,  42.20669
 -80.15864,  42.19596
 -80.17370,  42.18429
 -80.16549,  42.16179
 -80.15889,  42.15105
 -80.15566,  42.13928
 -80.15901,  42.12911
 -80.16595,  42.11684
 -80.17774,  42.09440
 -80.18955,  42.08294
 -80.19775,  42.07198
 -80.21406,  42.04954
 -80.21566,  42.02707
 -80.22014,  42.01912
 -80.22726,  42.02710
 -80.23461,  42.04959
 -80.25021,  42.06307
 -80.25848,  42.07213
 -80.27043,  42.09463
 -80.25891,  42.11708
 -80.25311,  42.13955
 -80.24984,  42.15093
 -80.24646,  42.16201
 -80.23235,  42.18445
 -80.22039,  42.20689
 -80.21925,  42.20794
 -80.20287,  42.22932
 -80.19936,  42.25179
 -80.19216,  42.27425
 -80.18846,  42.29555
 -80.18771,  42.29671
 -80.16413,  42.31912
 -80.15787,  42.33226
 -80.15530,  42.34156
 -80.15206,  42.36403
 -80.14728,  42.38649
 -80.14413,  42.40895
 -80.14046,  42.43142
 -80.13321,  42.45387
 -80.12666,  42.46341
 -80.12014,  42.47630
 -80.11607,  42.49876
 -80.10620,  42.52119
 -80.09930,  42.54364
 -80.09560,  42.55559
 -80.09190,  42.56608
 -80.08454,  42.58853
 -80.09069,  42.61102
 -80.09514,  42.62475
 -80.10593,  42.63355
 -80.11650,  42.65607
 -80.12540,  42.66887
 -80.12923,  42.67857
 -80.12529,  42.68782
 -80.11506,  42.70100
 -80.09452,  42.71756
 -80.08351,  42.72336
 -80.06712,  42.74576
 -80.06367,  42.75490
 -80.05800,  42.76820
 -80.03931,  42.79060
 -80.03269,  42.80434
 -80.02743,  42.81301
 -80.03144,  42.83550
 -80.01534,  42.85790
 -80.00525,  42.88033
 -80.00140,  42.88710
 -79.99199,  42.90274
 -79.97041,  42.92504
 -79.97025,  42.92511
 -79.94621,  42.94746
 -79.93948,  42.95086
 -79.90871,  42.95939
 -79.87800,  42.96038
 -79.84743,  42.94828
 -79.84320,  42.94693
 -79.81688,  42.93480
 -79.80617,  42.92424
 -79.78640,  42.91674
 -79.75579,  42.91038
 -79.72514,  42.90846
 -79.70947,  42.90115
 -79.69465,  42.89400
 -79.67611,  42.87845
 -79.66447,  42.85716
 -79.66409,  42.85590
 -79.65428,  42.83335
 -79.65283,  42.81087
 -79.64840,  42.78837
 -79.63498,  42.77311
 -79.62698,  42.76574
 -79.60477,  42.74486
 -79.60409,  42.74309
 -79.60503,  42.72063
 -79.60521,  42.69817
 -79.60545,  42.69711
 -79.61593,  42.67577
 -79.63645,  42.66658
 -79.65089,  42.65356
 -79.65565,  42.63113
 -79.66769,  42.61592
 -79.67779,  42.60880
 -79.69014,  42.58643
 -79.69876,  42.57343
 -79.71037,  42.56409
 -79.72948,  42.55760
 -79.74235,  42.54184
 -79.74445,  42.51937
 -79.76068,  42.49841
 -79.77118,  42.49708
 -79.79124,  42.49190
 -79.80516,  42.49728
 -79.82147,  42.51444
 -79.82423,  42.49740
 -79.82641,  42.47494
 -79.82212,  42.45499
 -79.82111,  42.45243
 -79.81634,  42.42993
 -79.82022,  42.40747
 -79.80624,  42.38492
 -79.79267,  42.36511
 -79.79180,  42.36236
 -79.79138,  42.33987
 -79.79305,  42.33221
 -79.79518,  42.31743
 -79.81607,  42.29507
 -79.81850,  42.27261
 -79.81918,  42.25014
 -79.82282,  42.22769
 -79.82436,  42.20522
 -79.82484,  42.20332
 -79.83603,  42.18282
 -79.85294,  42.16043
 -79.85332,  42.13796
 -79.85590,  42.13344
 -79.87134,  42.11558
 -79.88051,  42.09315
 -79.88261,  42.07069
 -79.88699,  42.05297
 -79.88799,  42.04824
 -79.89005,  42.02577
 -79.89272,  42.00331
 -79.89594,  41.98084
 -79.89596,  41.95837
 -79.89999,  41.93591
 -79.90921,  41.91348
 -79.91860,  41.90872
 -79.93423,  41.91361
 -79.94871,  41.92024
 -79.96452,  41.93624
 -79.97421,  41.95876
 -79.97727,  41.98125
 -79.97835,  41.98817
 -79.98200,  41.98127
 -79.98660,  41.95882
 -79.99158,  41.93636
 -80.00188,  41.91393
 -80.00932,  41.89622
 -80.01231,  41.89149
 -80.03120,  41.86909
 -80.03980,  41.85748
 -80.04482,  41.84667
 -80.04760,  41.82420
 -80.04797,  41.80173
 -80.04893,  41.77925
 -80.05335,  41.75679
 -80.07076,  41.74591
 -80.07845,  41.75689
END
 -14.00000, -80.22605,  41.77983
 -80.22810,  41.80232
 -80.23232,  41.82481
 -80.23481,  41.84729
 -80.24049,  41.86979
 -80.23665,  41.89226
 -80.22066,  41.90442
 -80.20697,  41.91465
 -80.19521,  41.93710
 -80.19022,  41.95270
 -80.15997,  41.95856
 -80.15127,  41.93697
 -80.15188,  41.91449
 -80.14866,  41.89201
 -80.15099,  41.86953
 -80.15600,  41.84707
 -80.16069,  41.82706
 -80.16263,  41.82461
 -80.18538,  41.80220
 -80.19105,  41.78995
 -80.20139,  41.77977
 -80.22134,  41.75783
 -80.22605,  41.77983
END
 -14.00000, -79.83655,  41.93556
 -79.82768,  41.95798
 -79.82887,  41.98047
 -79.82719,  41.98331
 -79.82368,  41.98044
 -79.82707,  41.95798
 -79.81635,  41.93544
 -79.82780,  41.92596
 -79.83655,  41.93556
END
 -14.00000, -79.62543,  41.97910
 -79.63016,  42.00161
 -79.63828,  42.02415
 -79.63317,  42.04659
 -79.61447,  42.05787
 -79.60069,  42.04634
 -79.59942,  42.02385
 -79.60275,  42.00141
 -79.60770,  41.97896
 -79.61566,  41.97205
 -79.62543,  41.97910
END
 -14.00000, -79.78148,  42.02514
 -79.77756,  42.04759
 -79.76582,  42.06003
 -79.73567,  42.04917
 -79.73416,  42.04731
 -79.73365,  42.02483
 -79.73601,  42.02143
 -79.76635,  42.01447
 -79.78148,  42.02514
END
 -14.00000, -79.58385,  42.09117
 -79.58370,  42.09193
 -79.58286,  42.09116
 -79.58372,  42.09058
 -79.58385,  42.09117
END
 -14.00000, -79.58585,  42.13614
 -79.58298,  42.14176
 -79.57381,  42.13604
 -79.58322,  42.12531
 -79.58585,  42.13614
END
 -14.00000, -79.64281,  42.22649
 -79.64790,  42.24900
 -79.64202,  42.27143
 -79.64447,  42.29393
 -79.67173,  42.30930
 -79.67957,  42.31666
 -79.68470,  42.33917
 -79.68488,  42.36165
 -79.68492,  42.38412
 -79.68162,  42.40657
 -79.67023,  42.42267
 -79.63995,  42.41116
 -79.60947,  42.41394
 -79.60304,  42.42847
 -79.60909,  42.44048
 -79.61974,  42.45107
 -79.63351,  42.47365
 -79.63422,  42.49613
 -79.61910,  42.51849
 -79.60790,  42.52497
 -79.57720,  42.53900
 -79.57578,  42.54063
 -79.56315,  42.56300
 -79.55565,  42.58541
 -79.54572,  42.60340
 -79.54036,  42.60775
 -79.51491,  42.62168
 -79.48430,  42.62587
 -79.45377,  42.62505
 -79.42336,  42.61787
 -79.40349,  42.60654
 -79.40137,  42.58405
 -79.41412,  42.56170
 -79.42446,  42.55284
 -79.45495,  42.55378
 -79.48567,  42.54084
 -79.48598,  42.53988
 -79.48571,  42.53841
 -79.46931,  42.51725
 -79.45576,  42.50487
 -79.45007,  42.49461
 -79.45628,  42.47344
 -79.45724,  42.47220
 -79.48698,  42.45926
 -79.49745,  42.45008
 -79.50282,  42.42765
 -79.51286,  42.40526
 -79.51211,  42.38278
 -79.51881,  42.37090
 -79.54909,  42.38089
 -79.57948,  42.38311
 -79.61011,  42.36853
 -79.61721,  42.36116
 -79.62555,  42.33874
 -79.63309,  42.31632
 -79.61108,  42.30005
 -79.60759,  42.29364
 -79.60726,  42.27117
 -79.60504,  42.24868
 -79.60744,  42.22622
 -79.61217,  42.22147
 -79.64246,  42.22613
 -79.64281,  42.22649
END
 -14.00000, -79.49054,  42.24773
 -79.49034,  42.24848
 -79.48772,  42.24771
 -79.49036,  42.24730
 -79.49054,  42.24773
END
 -14.00000, -79.86677,  42.34032
 -79.88409,  42.34858
 -79.88881,  42.34044
 -79.88427,  42.33058
 -79.86677,  42.34032
END
 -14.00000, -79.43545,  42.33715
 -79.42793,  42.34842
 -79.41451,  42.33695
 -79.42842,  42.31918
 -79.43545,  42.33715
END
 -14.00000, -79.96511,  42.43072
 -79.96558,  42.45319
 -79.96830,  42.47569
 -79.97411,  42.49086
 -79.98375,  42.47575
 -79.99232,  42.45332
 -79.99582,  42.43086
 -79.97475,  42.41553
 -79.96511,  42.43072
END
 -14.00000, -79.82101,  42.54232
 -79.82117,  42.54253
 -79.82133,  42.54233
 -79.82121,  42.53885
 -79.82101,  42.54232
END
 -14.00000, -80.19487,  42.58888
 -80.18690,  42.59801
 -80.15640,  42.59216
 -80.15565,  42.58877
 -80.15643,  42.58693
 -80.18701,  42.57544
 -80.19487,  42.58888
END
 -14.00000, -79.90611,  42.58774
 -79.91215,  42.59801
 -79.92281,  42.58783
 -79.91238,  42.57336
 -79.90611,  42.58774
END
 -14.00000, -79.87285,  42.63251
 -79.88120,  42.63959
 -79.88502,  42.63257
 -79.88132,  42.62792
 -79.87285,  42.63251
END
 -14.00000, -79.75850,  42.63183
 -79.75908,  42.63412
 -79.78958,  42.63801
 -79.79185,  42.63204
 -79.78967,  42.62984
 -79.75912,  42.63064
 -79.75850,  42.63183
END
 -14.00000, -80.01620,  42.67815
 -80.03355,  42.69135
 -80.03786,  42.67824
 -80.03369,  42.67303
 -80.01620,  42.67815
END
 -14.00000, -79.90743,  42.67764
 -79.90842,  42.70012
 -79.91109,  42.70922
 -79.93800,  42.72274
 -79.94152,  42.72571
 -79.95499,  42.74528
 -79.97189,  42.75130
 -79.97609,  42.74538
 -79.97659,  42.72292
 -79.97219,  42.71649
 -79.94976,  42.70032
 -79.94185,  42.68936
 -79.92867,  42.67775
 -79.91144,  42.67229
 -79.90743,  42.67764
END
 -14.00000, -79.92263,  43.12708
 -79.93786,  43.12865
 -79.96852,  43.14317
 -79.97716,  43.14980
 -79.99917,  43.15963
 -80.01742,  43.17244
 -80.02977,  43.18537
 -80.03417,  43.19497
 -80.04201,  43.21747
 -80.04829,  43.23996
 -80.04666,  43.26241
 -80.04511,  43.28487
 -80.04071,  43.30731
 -80.03951,  43.32977
 -80.04072,  43.35223
 -80.04831,  43.37473
 -80.05037,  43.39719
 -80.05211,  43.41966
 -80.05058,  43.44211
 -80.05174,  43.46458
 -80.04865,  43.48702
 -80.04988,  43.50948
 -80.04751,  43.53193
 -80.05018,  43.55440
 -80.05012,  43.57685
 -80.05068,  43.59931
 -80.04935,  43.62177
 -80.04920,  43.64422
 -80.05619,  43.66671
 -80.05691,  43.68814
 -80.05700,  43.68916
 -80.08013,  43.71170
 -80.08773,  43.72157
 -80.11876,  43.72810
 -80.12955,  43.73433
 -80.14976,  43.74126
 -80.17486,  43.75692
 -80.18073,  43.75998
 -80.19500,  43.77943
 -80.19868,  43.80189
 -80.20241,  43.82435
 -80.20288,  43.84680
 -80.20223,  43.86925
 -80.19946,  43.89169
 -80.19740,  43.91413
 -80.19493,  43.93658
 -80.19610,  43.95903
 -80.19784,  43.98148
 -80.19906,  44.00393
 -80.19850,  44.02637
 -80.19900,  44.04882
 -80.19978,  44.07128
 -80.19960,  44.09372
 -80.20305,  44.11618
 -80.20183,  44.13862
 -80.20919,  44.16108
 -80.20594,  44.18351
 -80.20965,  44.19776
 -80.21426,  44.20598
 -80.20952,  44.22379
 -80.20886,  44.22841
 -80.20947,  44.23341
 -80.21400,  44.25087
 -80.21201,  44.27330
 -80.21175,  44.29575
 -80.22160,  44.31821
 -80.21967,  44.34064
 -80.22536,  44.36309
 -80.21986,  44.38552
 -80.22519,  44.40798
 -80.22350,  44.43041
 -80.22866,  44.45286
 -80.23353,  44.47531
 -80.23962,  44.49302
 -80.24146,  44.49776
 -80.25858,  44.52023
 -80.26652,  44.54269
 -80.27086,  44.54688
 -80.29958,  44.56519
 -80.30226,  44.56857
 -80.33370,  44.58495
 -80.33803,  44.58768
 -80.34388,  44.61012
 -80.35780,  44.63258
 -80.36505,  44.64479
 -80.36833,  44.65502
 -80.37292,  44.67745
 -80.38419,  44.69990
 -80.39642,  44.72205
 -80.39651,  44.72234
 -80.40752,  44.74478
 -80.41310,  44.76722
 -80.42731,  44.78966
 -80.41759,  44.81208
 -80.42783,  44.83266
 -80.42837,  44.83452
 -80.42782,  44.83675
 -80.41950,  44.85693
 -80.42776,  44.87503
 -80.42909,  44.87937
 -80.42773,  44.88958
 -80.42473,  44.90179
 -80.42770,  44.91192
 -80.43007,  44.92421
 -80.43168,  44.94664
 -80.43237,  44.96906
 -80.43672,  44.99149
 -80.43233,  45.01390
 -80.43720,  45.03633
 -80.43439,  45.05875
 -80.43999,  45.08117
 -80.44143,  45.10359
 -80.44756,  45.12601
 -80.45436,  45.14844
 -80.45911,  45.15506
 -80.48519,  45.17086
 -80.49090,  45.17548
 -80.52269,  45.17234
 -80.53720,  45.19329
 -80.55199,  45.21569
 -80.55452,  45.22062
 -80.56239,  45.23810
 -80.55943,  45.26052
 -80.55659,  45.28294
 -80.56536,  45.30535
 -80.57732,  45.32775
 -80.58647,  45.34958
 -80.58659,  45.35016
 -80.59695,  45.37257
 -80.60076,  45.39498
 -80.60491,  45.41739
 -80.60462,  45.43980
 -80.60305,  45.46220
 -80.59944,  45.48462
 -80.58891,  45.50702
 -80.58664,  45.51291
 -80.57615,  45.52943
 -80.55469,  45.55073
 -80.55366,  45.55185
 -80.52269,  45.57142
 -80.51774,  45.57425
 -80.50585,  45.59665
 -80.49083,  45.61906
 -80.49066,  45.61946
 -80.48666,  45.64146
 -80.48769,  45.66386
 -80.48850,  45.68626
 -80.48553,  45.70866
 -80.48270,  45.73106
 -80.47159,  45.75345
 -80.45848,  45.76743
 -80.45407,  45.77584
 -80.45036,  45.79823
 -80.44695,  45.82062
 -80.44484,  45.84301
 -80.44274,  45.86541
 -80.44182,  45.88780
 -80.43448,  45.91019
 -80.43353,  45.93258
 -80.42609,  45.94550
 -80.41471,  45.95496
 -80.39617,  45.97733
 -80.39381,  45.98110
 -80.37162,  45.99969
 -80.36234,  46.02207
 -80.36148,  46.02480
 -80.35075,  46.04444
 -80.33363,  46.06681
 -80.33045,  46.08918
 -80.32903,  46.09043
 -80.30621,  46.11153
 -80.29768,  46.13390
 -80.29659,  46.13448
 -80.27003,  46.15623
 -80.26418,  46.15956
 -80.24600,  46.17855
 -80.24033,  46.20093
 -80.23654,  46.22330
 -80.23581,  46.24568
 -80.23138,  46.25897
 -80.22836,  46.26804
 -80.22901,  46.29042
 -80.20969,  46.31276
 -80.19862,  46.33410
 -80.19767,  46.33509
 -80.18224,  46.35743
 -80.16991,  46.37978
 -80.16885,  46.40214
 -80.16792,  46.42451
 -80.16589,  46.44688
 -80.16553,  46.44785
 -80.13846,  46.46917
 -80.13283,  46.48564
 -80.10036,  46.48196
 -80.06790,  46.47818
 -80.03546,  46.47284
 -80.03010,  46.46880
 -80.01024,  46.44635
 -80.00329,  46.43641
 -79.99865,  46.42393
 -79.98927,  46.40151
 -79.98074,  46.37911
 -79.97265,  46.35669
 -79.97158,  46.35432
 -79.95785,  46.33426
 -79.94752,  46.31184
 -79.94345,  46.28944
 -79.93994,  46.27345
 -79.93694,  46.26703
 -79.93876,  46.24466
 -79.92749,  46.22223
 -79.91797,  46.19979
 -79.90841,  46.18964
 -79.89401,  46.17730
 -79.87628,  46.17046
 -79.86967,  46.15480
 -79.86765,  46.13240
 -79.86137,  46.10998
 -79.86087,  46.08760
 -79.85689,  46.06519
 -79.85647,  46.04280
 -79.85629,  46.02041
 -79.85910,  45.99804
 -79.86114,  45.97566
 -79.86309,  45.95327
 -79.86620,  45.93090
 -79.86394,  45.90849
 -79.86527,  45.88611
 -79.86257,  45.86370
 -79.86192,  45.84130
 -79.86176,  45.81891
 -79.86348,  45.79652
 -79.86345,  45.77412
 -79.86273,  45.75172
 -79.86103,  45.72932
 -79.85621,  45.70689
 -79.85013,  45.68446
 -79.84953,  45.66866
 -79.84940,  45.66205
 -79.84583,  45.63964
 -79.84790,  45.61724
 -79.84828,  45.59484
 -79.84988,  45.57244
 -79.85062,  45.55005
 -79.85030,  45.52764
 -79.85117,  45.51929
 -79.85320,  45.50525
 -79.85149,  45.48933
 -79.85097,  45.48283
 -79.85163,  45.47653
 -79.85403,  45.46044
 -79.85192,  45.44994
 -79.85019,  45.43801
 -79.85083,  45.41561
 -79.84642,  45.39317
 -79.84389,  45.37074
 -79.83764,  45.34830
 -79.83292,  45.32586
 -79.82584,  45.30341
 -79.82182,  45.28837
 -79.81846,  45.28095
 -79.82077,  45.25854
 -79.81199,  45.23608
 -79.81545,  45.21368
 -79.80826,  45.19123
 -79.79462,  45.16874
 -79.79144,  45.16355
 -79.76444,  45.14614
 -79.75992,  45.14203
 -79.74084,  45.12358
 -79.72847,  45.11596
 -79.70542,  45.10093
 -79.69701,  45.09223
 -79.68557,  45.07838
 -79.68226,  45.05593
 -79.66595,  45.04201
 -79.66282,  45.03338
 -79.66631,  45.01622
 -79.66958,  45.01100
 -79.66642,  45.00825
 -79.65876,  44.98851
 -79.64464,  44.96598
 -79.63544,  44.95646
 -79.61920,  44.94337
 -79.60413,  44.93108
 -79.59232,  44.92075
 -79.57280,  44.90863
 -79.54130,  44.89862
 -79.53771,  44.89790
 -79.50980,  44.88836
 -79.49834,  44.87516
 -79.47868,  44.85746
 -79.47674,  44.85255
 -79.47474,  44.83011
 -79.47394,  44.80767
 -79.47417,  44.78524
 -79.46095,  44.76270
 -79.44946,  44.74017
 -79.44907,  44.73931
 -79.44061,  44.71766
 -79.43243,  44.69515
 -79.42969,  44.67270
 -79.42465,  44.65022
 -79.42112,  44.62776
 -79.41975,  44.61206
 -79.41823,  44.60530
 -79.40460,  44.58274
 -79.38897,  44.57182
 -79.36791,  44.55996
 -79.35781,  44.55363
 -79.32660,  44.53951
 -79.32385,  44.53711
 -79.29556,  44.51712
 -79.29202,  44.51435
 -79.26456,  44.49379
 -79.26317,  44.49162
 -79.26373,  44.46919
 -79.25488,  44.44666
 -79.25353,  44.42421
 -79.25314,  44.40177
 -79.25084,  44.37930
 -79.24407,  44.35678
 -79.24044,  44.33430
 -79.23652,  44.32790
 -79.22951,  44.31176
 -79.22456,  44.28926
 -79.22231,  44.26679
 -79.22046,  44.24433
 -79.22100,  44.22189
 -79.22047,  44.19943
 -79.22017,  44.17699
 -79.22451,  44.15458
 -79.22525,  44.13215
 -79.23150,  44.10976
 -79.23413,  44.08735
 -79.23750,  44.06494
 -79.24100,  44.04251
 -79.24167,  44.02008
 -79.24314,  44.00351
 -79.24380,  43.99765
 -79.25022,  43.97526
 -79.26268,  43.95295
 -79.27541,  43.93063
 -79.27584,  43.92822
 -79.28434,  43.90827
 -79.30001,  43.88598
 -79.30811,  43.87115
 -79.31319,  43.86366
 -79.31712,  43.84124
 -79.32742,  43.81889
 -79.33422,  43.79650
 -79.34077,  43.79063
 -79.35128,  43.77422
 -79.37238,  43.76259
 -79.38281,  43.75206
 -79.39351,  43.72971
 -79.40437,  43.71215
 -79.40617,  43.70737
 -79.41467,  43.68499
 -79.41678,  43.66256
 -79.42269,  43.64015
 -79.42379,  43.61770
 -79.43102,  43.59531
 -79.43771,  43.57877
 -79.43900,  43.57292
 -79.45309,  43.55059
 -79.46019,  43.52819
 -79.46979,  43.51433
 -79.48851,  43.50598
 -79.50102,  43.49784
 -79.53207,  43.49199
 -79.54177,  43.48397
 -79.55215,  43.46159
 -79.56367,  43.45004
 -79.56757,  43.43925
 -79.56818,  43.41680
 -79.56435,  43.40474
 -79.55857,  43.39426
 -79.56308,  43.37184
 -79.56488,  43.36916
 -79.57616,  43.34948
 -79.58450,  43.32708
 -79.57683,  43.30456
 -79.56608,  43.28926
 -79.53522,  43.28969
 -79.52579,  43.28169
 -79.52944,  43.25925
 -79.53419,  43.23683
 -79.53606,  43.23490
 -79.56715,  43.21786
 -79.59785,  43.22689
 -79.62874,  43.22249
 -79.62991,  43.21511
 -79.64645,  43.19277
 -79.66019,  43.17617
 -79.67363,  43.17050
 -79.69115,  43.16414
 -79.72200,  43.15995
 -79.75284,  43.15679
 -79.78365,  43.15523
 -79.81396,  43.14895
 -79.81451,  43.14862
 -79.84545,  43.13518
 -79.86795,  43.12679
 -79.87636,  43.12270
 -79.90712,  43.12468
 -79.92263,  43.12708
END
END
