 -15.00000, -70.96828,  43.98912
 -70.98534,  44.00528
 -70.98965,  44.01339
 -71.00044,  44.03681
 -70.99895,  44.05927
 -70.99033,  44.08117
 -70.97869,  44.10284
 -70.96999,  44.10614
 -70.93799,  44.10977
 -70.90678,  44.10817
 -70.87723,  44.09588
 -70.87630,  44.09476
 -70.86806,  44.07152
 -70.85394,  44.04781
 -70.85364,  44.04498
 -70.85347,  44.02520
 -70.85758,  44.01938
 -70.87462,  44.00430
 -70.89211,  43.99905
 -70.91274,  43.98473
 -70.92632,  43.98059
 -70.95675,  43.98687
 -70.96828,  43.98912
END
 -15.00000, -71.16167,  44.13964
 -71.18292,  44.15415
 -71.18958,  44.16436
 -71.19969,  44.18771
 -71.20650,  44.20711
 -71.20958,  44.21103
 -71.21172,  44.23376
 -71.20482,  44.25581
 -71.19707,  44.27039
 -71.19258,  44.27744
 -71.16158,  44.29696
 -71.16084,  44.29757
 -71.12898,  44.30400
 -71.09866,  44.29589
 -71.06759,  44.29287
 -71.06408,  44.29011
 -71.05758,  44.26703
 -71.04569,  44.24353
 -71.04461,  44.23644
 -71.04092,  44.22059
 -71.04185,  44.19809
 -71.04579,  44.17582
 -71.05650,  44.15795
 -71.06039,  44.15438
 -71.09042,  44.14162
 -71.12180,  44.13657
 -71.12267,  44.13636
 -71.15414,  44.13620
 -71.16167,  44.13964
END
 -15.00000, -69.18221,  44.98892
 -69.19305,  45.01253
 -69.19765,  45.02811
 -69.19969,  45.03575
 -69.19426,  45.05785
 -69.18987,  45.08006
 -69.18743,  45.08362
 -69.16159,  45.10007
 -69.15170,  45.10371
 -69.11834,  45.11085
 -69.08835,  45.09985
 -69.06886,  45.09150
 -69.05945,  45.08300
 -69.05402,  45.06750
 -69.04638,  45.04418
 -69.04712,  45.02164
 -69.05597,  44.99985
 -69.07141,  44.97867
 -69.08028,  44.97105
 -69.11411,  44.96094
 -69.14548,  44.96415
 -69.17480,  44.97847
 -69.18221,  44.98892
END
 -15.00000, -71.77893,  46.37036
 -71.78517,  46.37169
 -71.80966,  46.39497
 -71.81371,  46.39973
 -71.83622,  46.41927
 -71.84214,  46.42869
 -71.85140,  46.44280
 -71.85477,  46.46550
 -71.85477,  46.48799
 -71.86187,  46.51094
 -71.85793,  46.53316
 -71.85947,  46.53487
 -71.89070,  46.54498
 -71.92268,  46.54990
 -71.95421,  46.55789
 -71.96615,  46.56297
 -71.98525,  46.56947
 -72.00529,  46.58808
 -72.01255,  46.60746
 -72.01328,  46.61108
 -72.01048,  46.63336
 -72.02620,  46.65688
 -72.03702,  46.66573
 -72.05001,  46.68093
 -72.06598,  46.69254
 -72.09761,  46.70052
 -72.12982,  46.70440
 -72.16364,  46.69675
 -72.19552,  46.69054
 -72.19734,  46.68994
 -72.20164,  46.69093
 -72.22914,  46.69677
 -72.25939,  46.69469
 -72.26233,  46.69361
 -72.29539,  46.69130
 -72.30666,  46.69775
 -72.32635,  46.70432
 -72.35651,  46.72331
 -72.35661,  46.72342
 -72.38513,  46.74770
 -72.38589,  46.74817
 -72.40566,  46.77147
 -72.40937,  46.79416
 -72.41139,  46.80190
 -72.41476,  46.81694
 -72.41319,  46.83930
 -72.41544,  46.86189
 -72.41978,  46.88462
 -72.41331,  46.90667
 -72.41875,  46.92945
 -72.40930,  46.95130
 -72.40672,  46.97359
 -72.39262,  46.99514
 -72.38424,  47.00140
 -72.35430,  47.01514
 -72.34888,  47.01923
 -72.32697,  47.03584
 -72.32374,  47.05808
 -72.30775,  47.07873
 -72.30743,  47.07948
 -72.30747,  47.08073
 -72.31149,  47.10218
 -72.31042,  47.12456
 -72.30074,  47.12943
 -72.28279,  47.14523
 -72.26484,  47.15042
 -72.23102,  47.15630
 -72.19752,  47.16217
 -72.19719,  47.16225
 -72.16380,  47.16499
 -72.13102,  47.16332
 -72.09756,  47.16649
 -72.06442,  47.16737
 -72.03082,  47.17148
 -72.02257,  47.17316
 -71.99529,  47.18901
 -71.98429,  47.19307
 -71.98077,  47.21527
 -71.97598,  47.23740
 -71.95266,  47.25545
 -71.94822,  47.25800
 -71.91669,  47.27834
 -71.91626,  47.27842
 -71.91587,  47.27828
 -71.88555,  47.26214
 -71.85210,  47.26472
 -71.82971,  47.27249
 -71.81702,  47.27836
 -71.80549,  47.29330
 -71.78026,  47.30323
 -71.75433,  47.31227
 -71.74490,  47.31847
 -71.71043,  47.32759
 -71.70260,  47.33119
 -71.67387,  47.35060
 -71.67326,  47.35162
 -71.65878,  47.37308
 -71.65375,  47.39518
 -71.64559,  47.41706
 -71.64285,  47.43932
 -71.63738,  47.46138
 -71.63599,  47.48373
 -71.63251,  47.50593
 -71.61488,  47.52230
 -71.60572,  47.52652
 -71.57838,  47.54388
 -71.54562,  47.54071
 -71.52592,  47.54344
 -71.51168,  47.54529
 -71.47826,  47.54644
 -71.44592,  47.54053
 -71.41161,  47.54737
 -71.37902,  47.54312
 -71.34606,  47.54128
 -71.31345,  47.53716
 -71.27994,  47.53886
 -71.24725,  47.53523
 -71.21465,  47.53112
 -71.18349,  47.51916
 -71.18330,  47.51910
 -71.15075,  47.51479
 -71.11807,  47.51125
 -71.08596,  47.50415
 -71.05395,  47.49648
 -71.02251,  47.48529
 -71.02216,  47.48494
 -71.00899,  47.46152
 -71.00637,  47.43886
 -70.99856,  47.42783
 -70.98715,  47.41498
 -70.96964,  47.40136
 -70.95102,  47.38984
 -70.93904,  47.38542
 -70.91466,  47.38714
 -70.90666,  47.40900
 -70.90129,  47.41351
 -70.88480,  47.42984
 -70.88317,  47.45218
 -70.88339,  47.47466
 -70.87894,  47.49679
 -70.87144,  47.51869
 -70.85278,  47.53975
 -70.84686,  47.54309
 -70.82368,  47.56003
 -70.80988,  47.56551
 -70.77665,  47.56520
 -70.74339,  47.56506
 -70.70988,  47.56639
 -70.67608,  47.56938
 -70.67206,  47.57103
 -70.65405,  47.59212
 -70.63914,  47.61344
 -70.63599,  47.63567
 -70.62873,  47.65757
 -70.63459,  47.68048
 -70.64252,  47.70354
 -70.65045,  47.72221
 -70.65387,  47.72686
 -70.65882,  47.74969
 -70.65325,  47.77172
 -70.65337,  47.79419
 -70.65514,  47.81678
 -70.65307,  47.83907
 -70.64929,  47.86123
 -70.64272,  47.88318
 -70.63668,  47.90517
 -70.61776,  47.92618
 -70.61539,  47.92982
 -70.60191,  47.94743
 -70.57711,  47.95793
 -70.54545,  47.96556
 -70.54211,  47.96663
 -70.50668,  47.97772
 -70.48785,  47.98358
 -70.48413,  48.00574
 -70.46585,  48.02007
 -70.46222,  48.02650
 -70.46163,  48.04457
 -70.46286,  48.04900
 -70.46889,  48.07191
 -70.46805,  48.09429
 -70.46897,  48.11679
 -70.46670,  48.13906
 -70.45602,  48.16068
 -70.44823,  48.18252
 -70.44108,  48.20441
 -70.43604,  48.22646
 -70.43134,  48.24853
 -70.42744,  48.27066
 -70.42186,  48.29266
 -70.41799,  48.29639
 -70.38523,  48.29088
 -70.37482,  48.28904
 -70.38524,  48.26740
 -70.38976,  48.26493
 -70.40826,  48.24675
 -70.39509,  48.23437
 -70.38486,  48.22250
 -70.36504,  48.21356
 -70.33166,  48.21837
 -70.33009,  48.22081
 -70.32283,  48.24012
 -70.31651,  48.26207
 -70.31430,  48.28434
 -70.31697,  48.29551
 -70.33769,  48.30859
 -70.33887,  48.33111
 -70.34378,  48.33493
 -70.35468,  48.35477
 -70.37152,  48.36925
 -70.37701,  48.37893
 -70.37961,  48.40156
 -70.38399,  48.42433
 -70.38156,  48.44657
 -70.36716,  48.46789
 -70.35191,  48.48100
 -70.34315,  48.48846
 -70.31409,  48.50350
 -70.28078,  48.50054
 -70.24787,  48.49525
 -70.23241,  48.50227
 -70.21040,  48.51559
 -70.20594,  48.52262
 -70.19489,  48.54419
 -70.16817,  48.56225
 -70.14574,  48.56275
 -70.13415,  48.56303
 -70.09721,  48.58135
 -70.09691,  48.58161
 -70.07901,  48.60233
 -70.06933,  48.62399
 -70.06625,  48.64618
 -70.06892,  48.66881
 -70.06973,  48.69129
 -70.06584,  48.71341
 -70.06596,  48.73584
 -70.05894,  48.75769
 -70.03587,  48.77829
 -70.02682,  48.79998
 -70.02445,  48.82222
 -70.01699,  48.84404
 -70.01218,  48.86607
 -70.01084,  48.86781
 -69.99608,  48.88721
 -69.98058,  48.90839
 -69.96828,  48.91390
 -69.93297,  48.92046
 -69.91373,  48.92547
 -69.89715,  48.92968
 -69.86519,  48.94400
 -69.85962,  48.94804
 -69.84743,  48.96498
 -69.82495,  48.98559
 -69.81549,  49.00724
 -69.81394,  49.00977
 -69.77963,  49.01051
 -69.74534,  49.01120
 -69.72733,  49.02252
 -69.70821,  49.04338
 -69.71546,  49.06638
 -69.72141,  49.08927
 -69.72900,  49.09771
 -69.75999,  49.09240
 -69.76498,  49.08836
 -69.79883,  49.09036
 -69.80297,  49.09586
 -69.82806,  49.11695
 -69.82944,  49.12040
 -69.83712,  49.14341
 -69.84595,  49.16652
 -69.85132,  49.17563
 -69.87256,  49.19105
 -69.88151,  49.19745
 -69.89175,  49.19258
 -69.92010,  49.17420
 -69.94088,  49.19649
 -69.94864,  49.20506
 -69.96407,  49.22072
 -69.97766,  49.23344
 -69.97900,  49.24429
 -69.97323,  49.25738
 -69.96304,  49.26542
 -69.95061,  49.28683
 -69.93033,  49.30354
 -69.89598,  49.30360
 -69.89184,  49.30455
 -69.85817,  49.32210
 -69.85691,  49.32417
 -69.84865,  49.34589
 -69.83987,  49.36758
 -69.83067,  49.38924
 -69.82751,  49.41137
 -69.83181,  49.43410
 -69.82452,  49.45590
 -69.83054,  49.46894
 -69.83249,  49.47892
 -69.82946,  49.50106
 -69.83685,  49.52402
 -69.83685,  49.54640
 -69.83311,  49.56848
 -69.82885,  49.59052
 -69.82891,  49.61290
 -69.83405,  49.63287
 -69.83463,  49.63572
 -69.83295,  49.63861
 -69.82185,  49.65707
 -69.81611,  49.67899
 -69.80553,  49.70052
 -69.78490,  49.70964
 -69.75671,  49.71899
 -69.74815,  49.72096
 -69.71355,  49.72098
 -69.67977,  49.71670
 -69.64628,  49.71095
 -69.64187,  49.70977
 -69.61318,  49.70319
 -69.58064,  49.69265
 -69.54692,  49.68814
 -69.51165,  49.69166
 -69.50248,  49.69845
 -69.47386,  49.70796
 -69.45866,  49.71724
 -69.43383,  49.73555
 -69.43195,  49.73742
 -69.39570,  49.75330
 -69.38563,  49.75598
 -69.35911,  49.76315
 -69.32452,  49.76285
 -69.29042,  49.76015
 -69.25706,  49.75374
 -69.22856,  49.74292
 -69.22507,  49.74049
 -69.20769,  49.71878
 -69.19691,  49.70826
 -69.17701,  49.69382
 -69.17113,  49.67093
 -69.17026,  49.66879
 -69.13942,  49.65013
 -69.13168,  49.64521
 -69.10901,  49.62952
 -69.09369,  49.61959
 -69.07835,  49.61019
 -69.07494,  49.59560
 -69.05001,  49.57958
 -69.04062,  49.57027
 -69.02001,  49.55721
 -69.00365,  49.54470
 -68.99783,  49.52180
 -68.99974,  49.49956
 -68.99941,  49.48886
 -68.99945,  49.47712
 -69.00205,  49.45494
 -68.99866,  49.43224
 -68.99262,  49.40930
 -68.99043,  49.38670
 -68.98672,  49.38189
 -68.95499,  49.36866
 -68.93362,  49.35938
 -68.92314,  49.35603
 -68.88931,  49.35320
 -68.85720,  49.34195
 -68.84693,  49.32941
 -68.82811,  49.31612
 -68.80728,  49.30352
 -68.79848,  49.29302
 -68.78764,  49.27937
 -68.79105,  49.25724
 -68.78920,  49.23465
 -68.77956,  49.21820
 -68.76740,  49.21029
 -68.75541,  49.18680
 -68.75205,  49.18514
 -68.72031,  49.17270
 -68.68471,  49.17883
 -68.65087,  49.17649
 -68.61956,  49.16209
 -68.58604,  49.15827
 -68.55225,  49.15576
 -68.51797,  49.15556
 -68.48399,  49.15396
 -68.45011,  49.15188
 -68.41677,  49.14727
 -68.38569,  49.13207
 -68.38138,  49.13078
 -68.35399,  49.11984
 -68.32178,  49.10999
 -68.29202,  49.10014
 -68.28992,  49.09867
 -68.25825,  49.08644
 -68.24347,  49.07320
 -68.23140,  49.05191
 -68.23041,  49.04954
 -68.23119,  49.02714
 -68.23621,  49.00514
 -68.24282,  48.99884
 -68.25723,  48.98463
 -68.28365,  48.96812
 -68.28937,  48.96513
 -68.31989,  48.95864
 -68.34319,  48.94762
 -68.35890,  48.93606
 -68.37325,  48.92791
 -68.39708,  48.91729
 -68.40720,  48.90857
 -68.43613,  48.89425
 -68.47056,  48.89304
 -68.48035,  48.89277
 -68.50523,  48.89062
 -68.53986,  48.88837
 -68.55892,  48.87743
 -68.57857,  48.85674
 -68.58089,  48.85541
 -68.59512,  48.83577
 -68.58979,  48.81283
 -68.58982,  48.81256
 -68.58684,  48.79010
 -68.59515,  48.76838
 -68.60057,  48.76083
 -68.60832,  48.74711
 -68.61720,  48.72544
 -68.62022,  48.70325
 -68.62302,  48.68102
 -68.62952,  48.65915
 -68.63234,  48.63692
 -68.63078,  48.61499
 -68.63042,  48.61428
 -68.63107,  48.61360
 -68.64048,  48.59272
 -68.64307,  48.57048
 -68.65215,  48.54882
 -68.66096,  48.52714
 -68.67431,  48.50587
 -68.68992,  48.49258
 -68.72401,  48.49177
 -68.72733,  48.48816
 -68.72779,  48.47323
 -68.72379,  48.46536
 -68.73091,  48.45798
 -68.74058,  48.44439
 -68.74014,  48.42187
 -68.73905,  48.41807
 -68.73504,  48.39893
 -68.72435,  48.37549
 -68.71577,  48.36618
 -68.68457,  48.35329
 -68.68336,  48.34931
 -68.68193,  48.32669
 -68.68768,  48.30472
 -68.68886,  48.28234
 -68.69266,  48.26019
 -68.67407,  48.23928
 -68.67329,  48.23595
 -68.67693,  48.22531
 -68.68917,  48.21489
 -68.70838,  48.19414
 -68.71906,  48.18419
 -68.75224,  48.18688
 -68.78692,  48.18224
 -68.79191,  48.17917
 -68.82436,  48.16380
 -68.82774,  48.15989
 -68.84846,  48.13926
 -68.86008,  48.11781
 -68.86964,  48.10617
 -68.89050,  48.09803
 -68.90636,  48.09091
 -68.93033,  48.07908
 -68.93748,  48.05722
 -68.95079,  48.03688
 -68.95129,  48.03596
 -68.95126,  48.03450
 -68.95036,  48.01338
 -68.94473,  47.99039
 -68.94566,  47.96798
 -68.95128,  47.94598
 -68.95544,  47.92385
 -68.97098,  47.90273
 -68.97917,  47.89361
 -68.98556,  47.88153
 -68.98737,  47.85918
 -68.99574,  47.83742
 -68.99265,  47.82531
 -68.98658,  47.81411
 -68.97694,  47.79074
 -68.97159,  47.76776
 -68.97069,  47.76683
 -68.93967,  47.75438
 -68.90747,  47.74788
 -68.87578,  47.73893
 -68.87263,  47.73639
 -68.84882,  47.71173
 -68.84792,  47.71074
 -68.83294,  47.68778
 -68.82313,  47.66730
 -68.82158,  47.66424
 -68.82651,  47.64217
 -68.81967,  47.61903
 -68.81937,  47.59648
 -68.81924,  47.57395
 -68.81913,  47.55141
 -68.81831,  47.52882
 -68.83009,  47.50736
 -68.83026,  47.48485
 -68.82855,  47.47235
 -68.82668,  47.46199
 -68.83328,  47.44853
 -68.83658,  47.44037
 -68.83666,  47.43147
 -68.83541,  47.41774
 -68.84204,  47.39581
 -68.84452,  47.39182
 -68.85491,  47.37445
 -68.88483,  47.35620
 -68.89069,  47.35516
 -68.91939,  47.34960
 -68.95317,  47.34690
 -68.98495,  47.35440
 -69.01644,  47.36341
 -69.05003,  47.36169
 -69.08408,  47.35761
 -69.11689,  47.35984
 -69.15060,  47.35747
 -69.15496,  47.35627
 -69.18600,  47.34619
 -69.19702,  47.33746
 -69.22394,  47.31731
 -69.22485,  47.31691
 -69.25813,  47.31654
 -69.29156,  47.31540
 -69.32520,  47.31322
 -69.35713,  47.30643
 -69.35995,  47.30508
 -69.38813,  47.28660
 -69.39837,  47.27735
 -69.41374,  47.26630
 -69.42720,  47.24495
 -69.43065,  47.22273
 -69.42178,  47.19944
 -69.41740,  47.17654
 -69.42843,  47.15498
 -69.42895,  47.13250
 -69.42626,  47.12870
 -69.39489,  47.11949
 -69.36266,  47.11480
 -69.32992,  47.11292
 -69.29837,  47.10472
 -69.27467,  47.09651
 -69.26830,  47.08876
 -69.26556,  47.07318
 -69.25193,  47.04945
 -69.25132,  47.02686
 -69.26048,  47.00514
 -69.28417,  46.98470
 -69.28846,  46.98227
 -69.31276,  46.96467
 -69.32533,  46.96189
 -69.35754,  46.96620
 -69.39030,  46.96753
 -69.42390,  46.96442
 -69.44765,  46.95391
 -69.45995,  46.94812
 -69.49350,  46.94516
 -69.52733,  46.94067
 -69.54697,  46.93996
 -69.56072,  46.93851
 -69.59394,  46.93727
 -69.62607,  46.94197
 -69.66171,  46.92747
 -69.69397,  46.93142
 -69.69993,  46.93049
 -69.72811,  46.92500
 -69.76130,  46.92381
 -69.78804,  46.91541
 -69.79646,  46.91171
 -69.83179,  46.89848
 -69.83636,  46.89695
 -69.85567,  46.87605
 -69.87075,  46.86493
 -69.90212,  46.85740
 -69.90546,  46.85498
 -69.94068,  46.84206
 -69.97310,  46.84491
 -69.98376,  46.84166
 -70.00996,  46.82253
 -70.03951,  46.84166
 -70.04178,  46.84644
 -70.06898,  46.86129
 -70.09190,  46.87307
 -70.09930,  46.87625
 -70.13053,  46.88602
 -70.14279,  46.87722
 -70.16722,  46.86441
 -70.17678,  46.85746
 -70.18902,  46.83595
 -70.18513,  46.81312
 -70.18432,  46.79054
 -70.18706,  46.76825
 -70.21021,  46.74762
 -70.20674,  46.72482
 -70.19358,  46.71220
 -70.17839,  46.69999
 -70.16879,  46.67669
 -70.16875,  46.66591
 -70.15855,  46.65333
 -70.15598,  46.63061
 -70.15985,  46.60840
 -70.18107,  46.59467
 -70.18499,  46.58793
 -70.20342,  46.56691
 -70.22028,  46.55720
 -70.23413,  46.54688
 -70.25050,  46.52568
 -70.25941,  46.51991
 -70.28458,  46.50592
 -70.29572,  46.49896
 -70.33038,  46.48746
 -70.36268,  46.48992
 -70.36552,  46.48991
 -70.39541,  46.48980
 -70.40015,  46.49268
 -70.42612,  46.50170
 -70.45801,  46.50661
 -70.49039,  46.50859
 -70.52245,  46.51248
 -70.55505,  46.51318
 -70.58782,  46.51285
 -70.62008,  46.51563
 -70.65128,  46.52480
 -70.68423,  46.52345
 -70.71682,  46.52422
 -70.74956,  46.52403
 -70.76338,  46.52117
 -70.78363,  46.51566
 -70.81828,  46.50360
 -70.81939,  46.50296
 -70.83167,  46.48140
 -70.84129,  46.45962
 -70.84847,  46.43765
 -70.85961,  46.41600
 -70.86774,  46.39931
 -70.87136,  46.39439
 -70.89898,  46.37399
 -70.90472,  46.37217
 -70.93846,  46.36517
 -70.97128,  46.36395
 -70.99306,  46.35860
 -71.00562,  46.35301
 -71.03964,  46.34400
 -71.07166,  46.34774
 -71.09557,  46.34378
 -71.10510,  46.34235
 -71.13709,  46.34628
 -71.13982,  46.34707
 -71.16843,  46.35439
 -71.19621,  46.37374
 -71.19774,  46.37568
 -71.20947,  46.39722
 -71.21309,  46.41998
 -71.21774,  46.44283
 -71.21908,  46.44869
 -71.22526,  46.46587
 -71.22417,  46.48829
 -71.23788,  46.51179
 -71.24116,  46.51720
 -71.26592,  46.53634
 -71.27055,  46.53862
 -71.29137,  46.53819
 -71.30330,  46.53828
 -71.31240,  46.53972
 -71.33517,  46.54369
 -71.36769,  46.54482
 -71.37035,  46.54391
 -71.40282,  46.52882
 -71.41587,  46.52469
 -71.43751,  46.51563
 -71.47121,  46.50883
 -71.48346,  46.50703
 -71.50506,  46.50101
 -71.53820,  46.49784
 -71.57100,  46.49696
 -71.58596,  46.49181
 -71.60719,  46.47319
 -71.61066,  46.47107
 -71.62631,  46.44967
 -71.63725,  46.42796
 -71.64957,  46.40633
 -71.64973,  46.40611
 -71.66829,  46.38516
 -71.68734,  46.37207
 -71.70431,  46.36518
 -71.72146,  46.36162
 -71.75338,  46.36620
 -71.77893,  46.37036
END
 -15.00000, -68.14019,  46.17837
 -68.15913,  46.20283
 -68.16085,  46.20449
 -68.18391,  46.22787
 -68.17902,  46.25000
 -68.15556,  46.27030
 -68.14661,  46.27377
 -68.11138,  46.28603
 -68.08288,  46.26571
 -68.08089,  46.26294
 -68.06130,  46.23840
 -68.07707,  46.21735
 -68.09136,  46.19615
 -68.09824,  46.19134
 -68.12580,  46.17695
 -68.13416,  46.17542
 -68.14019,  46.17837
END
 -15.00000, -71.67084,  46.76750
 -71.66123,  46.77109
 -71.63789,  46.78769
 -71.62370,  46.80275
 -71.61849,  46.80880
 -71.61159,  46.83080
 -71.60468,  46.85279
 -71.58073,  46.87358
 -71.58015,  46.87446
 -71.54500,  46.88963
 -71.53676,  46.89297
 -71.51089,  46.89772
 -71.47887,  46.89196
 -71.46331,  46.88778
 -71.44744,  46.88243
 -71.43475,  46.88575
 -71.41304,  46.89241
 -71.37865,  46.90223
 -71.36506,  46.90325
 -71.34550,  46.90382
 -71.31193,  46.90825
 -71.27941,  46.90577
 -71.24660,  46.90520
 -71.21436,  46.91484
 -71.21214,  46.91522
 -71.18537,  46.93520
 -71.17474,  46.94381
 -71.15265,  46.95529
 -71.13694,  46.97476
 -71.13365,  46.97637
 -71.11381,  46.99739
 -71.10799,  47.01944
 -71.10578,  47.04176
 -71.11140,  47.06464
 -71.10857,  47.08691
 -71.11591,  47.10786
 -71.11749,  47.11003
 -71.11256,  47.13215
 -71.11035,  47.15446
 -71.10822,  47.15640
 -71.09766,  47.17599
 -71.09097,  47.19798
 -71.08612,  47.22009
 -71.07262,  47.24156
 -71.08906,  47.26524
 -71.09036,  47.26876
 -71.10374,  47.28878
 -71.11825,  47.30166
 -71.13728,  47.29123
 -71.15603,  47.27227
 -71.15813,  47.27028
 -71.17877,  47.24932
 -71.19235,  47.22784
 -71.19714,  47.20572
 -71.19968,  47.20527
 -71.22915,  47.18558
 -71.23594,  47.18484
 -71.26929,  47.18299
 -71.30238,  47.18269
 -71.33553,  47.18209
 -71.36967,  47.17503
 -71.40165,  47.18193
 -71.42097,  47.17685
 -71.43573,  47.17520
 -71.46950,  47.17043
 -71.50233,  47.17174
 -71.53586,  47.16851
 -71.56882,  47.16896
 -71.60088,  47.17544
 -71.63400,  47.17495
 -71.65421,  47.17071
 -71.66861,  47.16438
 -71.70321,  47.15378
 -71.73605,  47.15496
 -71.76888,  47.15629
 -71.77013,  47.15620
 -71.80311,  47.13600
 -71.80500,  47.13515
 -71.83067,  47.11541
 -71.84086,  47.09365
 -71.84428,  47.07143
 -71.84525,  47.04903
 -71.84456,  47.02654
 -71.84061,  47.00381
 -71.84032,  46.98133
 -71.83105,  46.95824
 -71.83151,  46.95391
 -71.83298,  46.93591
 -71.81700,  46.91236
 -71.80769,  46.89174
 -71.80659,  46.88919
 -71.80863,  46.86687
 -71.80458,  46.84413
 -71.80399,  46.82161
 -71.80003,  46.79888
 -71.79128,  46.77918
 -71.78804,  46.77558
 -71.76138,  46.75936
 -71.72943,  46.75352
 -71.69611,  46.75705
 -71.67084,  46.76750
END
 -15.00000, -70.93468,  46.82669
 -70.96178,  46.83442
 -70.96445,  46.82892
 -70.96301,  46.82683
 -70.93468,  46.82669
END
 -15.00000, -70.50232,  46.79344
 -70.49316,  46.81522
 -70.47047,  46.82293
 -70.45940,  46.83506
 -70.46702,  46.84338
 -70.49991,  46.84341
 -70.53177,  46.84959
 -70.56545,  46.84490
 -70.56693,  46.84351
 -70.56974,  46.82122
 -70.56947,  46.82084
 -70.54067,  46.79645
 -70.50959,  46.78574
 -70.50232,  46.79344
END
 -15.00000, -70.30735,  46.77795
 -70.30102,  46.79996
 -70.27475,  46.81340
 -70.26677,  46.81972
 -70.26358,  46.84197
 -70.26908,  46.84642
 -70.29832,  46.84476
 -70.30289,  46.84118
 -70.33581,  46.84105
 -70.36922,  46.83805
 -70.37417,  46.82831
 -70.37146,  46.82492
 -70.34142,  46.80814
 -70.33732,  46.80286
 -70.32170,  46.77911
 -70.31432,  46.77436
 -70.30735,  46.77795
END
 -15.00000, -71.92207,  48.17556
 -71.94930,  48.19234
 -71.97216,  48.20124
 -71.98074,  48.20706
 -71.99252,  48.22495
 -71.99245,  48.24734
 -71.98026,  48.26894
 -71.96941,  48.28416
 -71.96331,  48.29023
 -71.93322,  48.30131
 -71.90101,  48.29153
 -71.88816,  48.28531
 -71.87585,  48.26210
 -71.87211,  48.25958
 -71.86034,  48.23868
 -71.86511,  48.21660
 -71.88116,  48.19865
 -71.88583,  48.19558
 -71.91496,  48.17509
 -71.91833,  48.17456
 -71.92207,  48.17556
END
 -15.00000, -71.74473,  49.19303
 -71.76205,  49.21218
 -71.76517,  49.21672
 -71.76964,  49.23934
 -71.75537,  49.26076
 -71.75430,  49.26263
 -71.73708,  49.28189
 -71.71592,  49.28941
 -71.70126,  49.27954
 -71.68557,  49.26430
 -71.67583,  49.25552
 -71.65631,  49.23229
 -71.65615,  49.23187
 -71.65644,  49.23145
 -71.68253,  49.21127
 -71.69470,  49.18973
 -71.69727,  49.18877
 -71.73248,  49.18206
 -71.74473,  49.19303
END
 -15.00000, -66.54556,  48.79230
 -66.57221,  48.81768
 -66.57255,  48.81804
 -66.56989,  48.83997
 -66.56480,  48.84978
 -66.54763,  48.86015
 -66.53622,  48.88148
 -66.51963,  48.89438
 -66.50031,  48.87767
 -66.49197,  48.86739
 -66.46759,  48.85165
 -66.46244,  48.84817
 -66.45840,  48.82813
 -66.46989,  48.81787
 -66.49015,  48.80897
 -66.49656,  48.78710
 -66.51437,  48.77600
 -66.54482,  48.79145
 -66.54556,  48.79230
END
 -15.00000, -66.17937,  48.77552
 -66.19193,  48.79945
 -66.19809,  48.80918
 -66.20329,  48.82324
 -66.20579,  48.84607
 -66.18789,  48.86668
 -66.17982,  48.88203
 -66.17656,  48.88800
 -66.14118,  48.89928
 -66.10680,  48.89953
 -66.07719,  48.88097
 -66.07460,  48.87688
 -66.05531,  48.85221
 -66.05160,  48.84662
 -66.04614,  48.82864
 -66.05312,  48.80685
 -66.05717,  48.78473
 -66.07121,  48.76904
 -66.07874,  48.76453
 -66.10969,  48.75222
 -66.14345,  48.75403
 -66.17368,  48.76998
 -66.17937,  48.77552
END
 -15.00000, -69.31696,  49.21276
 -69.29257,  49.22794
 -69.28820,  49.23275
 -69.28434,  49.25484
 -69.28621,  49.26019
 -69.29522,  49.27817
 -69.29679,  49.30071
 -69.29942,  49.32334
 -69.29410,  49.34529
 -69.28194,  49.36668
 -69.26115,  49.38669
 -69.26079,  49.38731
 -69.26078,  49.38855
 -69.26381,  49.40997
 -69.25408,  49.43156
 -69.26254,  49.45467
 -69.27599,  49.47820
 -69.27678,  49.48147
 -69.30715,  49.50217
 -69.34200,  49.50031
 -69.37515,  49.48647
 -69.37920,  49.46442
 -69.38443,  49.45994
 -69.39504,  49.44333
 -69.39186,  49.42213
 -69.39118,  49.42061
 -69.38137,  49.39740
 -69.37740,  49.37467
 -69.37167,  49.35178
 -69.37147,  49.35074
 -69.35670,  49.32814
 -69.35554,  49.30563
 -69.36145,  49.28371
 -69.36607,  49.26169
 -69.37637,  49.24015
 -69.36463,  49.21675
 -69.36360,  49.21576
 -69.33357,  49.19399
 -69.31696,  49.21276
END
 -15.00000, -66.92778,  49.12494
 -66.94388,  49.12772
 -66.97614,  49.13671
 -66.99117,  49.15392
 -67.00329,  49.16716
 -67.01304,  49.17865
 -67.02039,  49.20189
 -67.02271,  49.22462
 -67.02271,  49.23031
 -67.02521,  49.24738
 -67.02050,  49.26939
 -67.01093,  49.27978
 -67.00417,  49.29023
 -66.98991,  49.31128
 -66.96693,  49.31960
 -66.93192,  49.32169
 -66.89744,  49.32155
 -66.86600,  49.30880
 -66.85395,  49.29741
 -66.84348,  49.27383
 -66.84121,  49.26855
 -66.83380,  49.25033
 -66.83061,  49.22750
 -66.83845,  49.20580
 -66.84045,  49.18350
 -66.85107,  49.16209
 -66.87040,  49.14727
 -66.87881,  49.14243
 -66.90624,  49.12274
 -66.91106,  49.12117
 -66.92778,  49.12494
END
 -15.00000, -67.72499,  49.22652
 -67.70986,  49.23666
 -67.70646,  49.22474
 -67.71387,  49.21885
 -67.72499,  49.22652
END
 -15.00000, -68.75526,  49.59039
 -68.76848,  49.60405
 -68.77663,  49.61467
 -68.78367,  49.63769
 -68.77044,  49.65894
 -68.75275,  49.67942
 -68.75231,  49.67976
 -68.71497,  49.69448
 -68.69565,  49.67479
 -68.68649,  49.66520
 -68.67371,  49.65045
 -68.66143,  49.62696
 -68.68805,  49.60690
 -68.70188,  49.59179
 -68.70951,  49.58638
 -68.73904,  49.57939
 -68.75526,  49.59039
END
 -15.00000, -70.38601,  49.76773
 -70.39611,  49.77165
 -70.42782,  49.78777
 -70.44152,  49.79423
 -70.45939,  49.80478
 -70.49316,  49.80951
 -70.52666,  49.81576
 -70.53920,  49.82381
 -70.55446,  49.84728
 -70.54526,  49.86893
 -70.53552,  49.89055
 -70.51673,  49.91150
 -70.50817,  49.91970
 -70.48996,  49.93185
 -70.49210,  49.95433
 -70.48986,  49.97650
 -70.48554,  49.99851
 -70.48114,  50.02050
 -70.46979,  50.04199
 -70.45357,  50.06311
 -70.44537,  50.08483
 -70.44365,  50.08594
 -70.41327,  50.10477
 -70.40430,  50.11113
 -70.36756,  50.12180
 -70.35777,  50.12296
 -70.33114,  50.13063
 -70.29682,  50.12785
 -70.26375,  50.11832
 -70.25932,  50.11556
 -70.24171,  50.09191
 -70.23653,  50.07700
 -70.23402,  50.06900
 -70.23133,  50.04646
 -70.22892,  50.02395
 -70.22797,  50.00154
 -70.22431,  49.97893
 -70.22152,  49.96947
 -70.21812,  49.95612
 -70.22472,  49.93428
 -70.21476,  49.91119
 -70.21175,  49.88862
 -70.20986,  49.86613
 -70.20795,  49.85439
 -70.20636,  49.84352
 -70.21135,  49.82156
 -70.21536,  49.81393
 -70.22143,  49.79998
 -70.22868,  49.77818
 -70.25850,  49.76730
 -70.28555,  49.76015
 -70.29490,  49.75737
 -70.32979,  49.75576
 -70.36343,  49.76104
 -70.38601,  49.76773
END
 -15.00000, -67.14248,  49.57393
 -67.14765,  49.57703
 -67.15935,  49.59808
 -67.17439,  49.61044
 -67.17767,  49.62237
 -67.17430,  49.64450
 -67.16446,  49.66599
 -67.15961,  49.67278
 -67.14370,  49.68639
 -67.11853,  49.69950
 -67.08818,  49.68115
 -67.08775,  49.68080
 -67.06703,  49.65626
 -67.06053,  49.65162
 -67.05398,  49.63248
 -67.07004,  49.61183
 -67.07039,  49.61166
 -67.08054,  49.59021
 -67.09654,  49.56934
 -67.11613,  49.56385
 -67.14248,  49.57393
END
 -15.00000, -69.56112,  50.17278
 -69.58497,  50.19704
 -69.58619,  50.19865
 -69.59199,  50.21994
 -69.59423,  50.24246
 -69.58250,  50.26386
 -69.57726,  50.28577
 -69.57030,  50.30754
 -69.56334,  50.31497
 -69.53497,  50.32705
 -69.52334,  50.34844
 -69.52113,  50.35152
 -69.51411,  50.34770
 -69.48833,  50.34048
 -69.46535,  50.32142
 -69.45808,  50.31659
 -69.45002,  50.29784
 -69.44709,  50.27526
 -69.44193,  50.25251
 -69.44334,  50.23028
 -69.44483,  50.20805
 -69.44920,  50.18606
 -69.48259,  50.16643
 -69.48833,  50.16401
 -69.52430,  50.15849
 -69.55689,  50.17012
 -69.56112,  50.17278
END
 -15.00000, -69.47095,  50.52283
 -69.47442,  50.54543
 -69.46481,  50.56698
 -69.46301,  50.58915
 -69.46807,  50.61187
 -69.46001,  50.63354
 -69.45485,  50.65544
 -69.43978,  50.67653
 -69.42223,  50.69743
 -69.41640,  50.70049
 -69.37832,  50.71467
 -69.37394,  50.71584
 -69.34010,  50.72938
 -69.30490,  50.72913
 -69.27161,  50.71955
 -69.24137,  50.70503
 -69.23964,  50.70350
 -69.21183,  50.68029
 -69.21086,  50.67202
 -69.20580,  50.65747
 -69.19856,  50.63456
 -69.20571,  50.61282
 -69.21037,  50.59088
 -69.21709,  50.56911
 -69.23344,  50.54813
 -69.23672,  50.54546
 -69.25610,  50.52767
 -69.27746,  50.51786
 -69.31310,  50.51530
 -69.33964,  50.51218
 -69.34925,  50.51011
 -69.38548,  50.50455
 -69.42189,  50.49798
 -69.45555,  50.50517
 -69.47095,  50.52283
END
 -15.00000, -68.93680,  50.76901
 -68.94359,  50.77076
 -68.97617,  50.78366
 -68.98072,  50.79502
 -68.98845,  50.81798
 -68.99213,  50.84060
 -68.99670,  50.85425
 -68.99836,  50.86344
 -69.00944,  50.88667
 -69.02267,  50.89904
 -69.03141,  50.91081
 -69.04518,  50.93426
 -69.05000,  50.93758
 -69.08449,  50.94192
 -69.11812,  50.95042
 -69.15260,  50.95482
 -69.16744,  50.96665
 -69.18369,  50.97569
 -69.20012,  50.99163
 -69.21119,  51.01406
 -69.21188,  51.01488
 -69.21666,  51.03757
 -69.22328,  51.06040
 -69.23080,  51.08330
 -69.23116,  51.08913
 -69.24125,  51.10643
 -69.26129,  51.11515
 -69.29516,  51.12308
 -69.33099,  51.12147
 -69.36642,  51.12176
 -69.40054,  51.12859
 -69.42110,  51.14321
 -69.42261,  51.16560
 -69.42603,  51.17788
 -69.42733,  51.18826
 -69.43176,  51.21088
 -69.42161,  51.23235
 -69.42263,  51.25469
 -69.41273,  51.27617
 -69.40459,  51.28326
 -69.39336,  51.29690
 -69.36332,  51.31091
 -69.33614,  51.31458
 -69.32664,  51.31606
 -69.29123,  51.31504
 -69.27161,  51.30939
 -69.25760,  51.30537
 -69.22784,  51.28358
 -69.22680,  51.28211
 -69.19962,  51.25901
 -69.19749,  51.25180
 -69.18703,  51.23571
 -69.17760,  51.21266
 -69.17182,  51.20412
 -69.15270,  51.18834
 -69.14072,  51.18272
 -69.12180,  51.18581
 -69.10294,  51.19345
 -69.08308,  51.20492
 -69.06287,  51.21494
 -69.05016,  51.22449
 -69.04102,  51.24602
 -69.02451,  51.26694
 -69.01538,  51.27141
 -68.99897,  51.28711
 -68.97326,  51.30214
 -68.95443,  51.30569
 -68.93655,  51.30714
 -68.90114,  51.30610
 -68.86625,  51.30257
 -68.85445,  51.29736
 -68.83667,  51.27434
 -68.83535,  51.27347
 -68.81346,  51.24934
 -68.80893,  51.23769
 -68.80216,  51.22610
 -68.79504,  51.20321
 -68.79099,  51.18057
 -68.78696,  51.17435
 -68.76725,  51.15627
 -68.75734,  51.14676
 -68.74497,  51.13208
 -68.72710,  51.12214
 -68.69433,  51.10939
 -68.68479,  51.10465
 -68.66225,  51.09352
 -68.65134,  51.07949
 -68.64491,  51.05663
 -68.63964,  51.03411
 -68.63956,  51.03386
 -68.62767,  51.01053
 -68.61416,  50.98812
 -68.61365,  50.98701
 -68.61887,  50.96643
 -68.61917,  50.96517
 -68.61916,  50.96511
 -68.60994,  50.94205
 -68.60762,  50.91954
 -68.60815,  50.89726
 -68.60865,  50.87498
 -68.61040,  50.85281
 -68.60973,  50.84533
 -68.60883,  50.83035
 -68.61548,  50.81878
 -68.62077,  50.80905
 -68.62283,  50.78689
 -68.63613,  50.76572
 -68.66456,  50.75505
 -68.68849,  50.74789
 -68.70232,  50.74353
 -68.73747,  50.74420
 -68.77260,  50.74495
 -68.80672,  50.75039
 -68.84130,  50.75378
 -68.87511,  50.76074
 -68.90984,  50.76339
 -68.93680,  50.76901
END
 -15.00000, -68.36623,  50.83150
 -68.36374,  50.85361
 -68.35756,  50.87540
 -68.36264,  50.89818
 -68.37630,  50.92171
 -68.37967,  50.92620
 -68.38620,  50.94491
 -68.40637,  50.96569
 -68.41039,  50.96936
 -68.42397,  50.99287
 -68.42329,  51.01513
 -68.42412,  51.03753
 -68.42323,  51.04993
 -68.42397,  51.05983
 -68.42044,  51.06253
 -68.40608,  51.08057
 -68.39319,  51.10177
 -68.37424,  51.11070
 -68.33791,  51.11923
 -68.33669,  51.11969
 -68.30125,  51.11920
 -68.29070,  51.11508
 -68.26839,  51.10712
 -68.24895,  51.08907
 -68.24026,  51.07417
 -68.23368,  51.06539
 -68.22443,  51.04226
 -68.22776,  51.02022
 -68.23177,  50.99825
 -68.23352,  50.97608
 -68.25197,  50.95539
 -68.26728,  50.93441
 -68.27302,  50.91259
 -68.27827,  50.90433
 -68.28941,  50.89171
 -68.28754,  50.86921
 -68.28710,  50.86470
 -68.28690,  50.84681
 -68.29250,  50.84047
 -68.31943,  50.82736
 -68.33159,  50.82367
 -68.36555,  50.83001
 -68.36623,  50.83150
END
 -15.00000, -69.56929,  51.02132
 -69.57448,  51.04401
 -69.55769,  51.06496
 -69.55485,  51.06707
 -69.53440,  51.08540
 -69.51335,  51.09717
 -69.49361,  51.08216
 -69.48393,  51.06713
 -69.47826,  51.05865
 -69.47394,  51.03603
 -69.49334,  51.02039
 -69.50561,  51.01627
 -69.53252,  51.00166
 -69.56474,  51.01761
 -69.56929,  51.02132
END
 -15.00000, -69.34536,  51.78250
 -69.36885,  51.80535
 -69.36938,  51.80663
 -69.37729,  51.82949
 -69.37263,  51.85134
 -69.35638,  51.87228
 -69.35474,  51.87348
 -69.33006,  51.89241
 -69.31379,  51.89725
 -69.29813,  51.88988
 -69.28319,  51.87139
 -69.27900,  51.86613
 -69.25964,  51.84237
 -69.26418,  51.82050
 -69.28300,  51.79977
 -69.30094,  51.78624
 -69.32172,  51.78063
 -69.33831,  51.77934
 -69.34536,  51.78250
END
 -15.00000, -67.13486,  52.39155
 -67.13782,  52.41408
 -67.16066,  52.43285
 -67.16084,  52.43849
 -67.15794,  52.44364
 -67.13457,  52.45828
 -67.12281,  52.47942
 -67.11172,  52.48206
 -67.10611,  52.47785
 -67.08192,  52.45551
 -67.08031,  52.45318
 -67.08051,  52.43094
 -67.09116,  52.41906
 -67.11813,  52.41223
 -67.13351,  52.39142
 -67.13464,  52.39137
 -67.13486,  52.39155
END
 -15.00000, -66.17731,  55.77302
 -66.18703,  55.79587
 -66.19897,  55.81891
 -66.20026,  55.82556
 -66.20419,  55.84134
 -66.19048,  55.86200
 -66.18676,  55.87146
 -66.18156,  55.88311
 -66.13893,  55.90105
 -66.10136,  55.89580
 -66.07617,  55.87331
 -66.07024,  55.86883
 -66.05980,  55.84984
 -66.06140,  55.82805
 -66.06930,  55.80684
 -66.07686,  55.78561
 -66.09987,  55.76873
 -66.10838,  55.76660
 -66.14111,  55.76119
 -66.17677,  55.77260
 -66.17731,  55.77302
END
 -14.00000, -69.74207,  48.03633
 -69.72208,  48.04768
 -69.69944,  48.03280
 -69.72664,  48.02307
 -69.74207,  48.03633
END
END
