 -15.00000, -78.94505,  37.74615
 -78.96098,  37.75050
 -78.98908,  37.76364
 -78.99600,  37.76932
 -79.00823,  37.79194
 -79.01642,  37.81281
 -79.01678,  37.81451
 -79.01630,  37.81787
 -79.01286,  37.83691
 -79.01572,  37.84447
 -79.01989,  37.85946
 -79.01919,  37.88190
 -79.02414,  37.90443
 -79.02831,  37.92694
 -79.03162,  37.94944
 -79.03613,  37.97196
 -79.04031,  37.99448
 -79.03802,  38.01691
 -79.04027,  38.02614
 -79.04237,  38.03942
 -79.03967,  38.05431
 -79.03777,  38.06182
 -79.03938,  38.06752
 -79.04243,  38.08434
 -79.03862,  38.10305
 -79.03734,  38.10673
 -79.03844,  38.11139
 -79.04084,  38.12924
 -79.04366,  38.15174
 -79.06203,  38.17444
 -79.06538,  38.18713
 -79.07327,  38.19705
 -79.07469,  38.21953
 -79.06425,  38.24022
 -79.06399,  38.24186
 -79.06421,  38.24227
 -79.09246,  38.25922
 -79.10041,  38.26479
 -79.11674,  38.28746
 -79.12045,  38.28956
 -79.12868,  38.28761
 -79.14932,  38.27689
 -79.17101,  38.28813
 -79.17742,  38.30302
 -79.17800,  38.31068
 -79.18948,  38.33328
 -79.19426,  38.35580
 -79.19884,  38.37832
 -79.20252,  38.40083
 -79.20323,  38.42330
 -79.20308,  38.44576
 -79.20325,  38.44916
 -79.20506,  38.46825
 -79.20267,  38.47872
 -79.20092,  38.49067
 -79.20214,  38.50665
 -79.20306,  38.51316
 -79.20190,  38.51878
 -79.19933,  38.53558
 -79.20152,  38.53857
 -79.22999,  38.55254
 -79.25880,  38.54828
 -79.28756,  38.54590
 -79.31625,  38.54833
 -79.34506,  38.54290
 -79.37366,  38.55046
 -79.40245,  38.54682
 -79.43111,  38.55080
 -79.45107,  38.53828
 -79.46030,  38.52103
 -79.47216,  38.51601
 -79.48936,  38.49800
 -79.51793,  38.50714
 -79.54660,  38.51014
 -79.57526,  38.51402
 -79.58476,  38.51701
 -79.60387,  38.52115
 -79.63236,  38.53814
 -79.63320,  38.53987
 -79.66082,  38.55941
 -79.67570,  38.56266
 -79.68945,  38.56720
 -79.71819,  38.56694
 -79.74686,  38.57185
 -79.77564,  38.56827
 -79.80434,  38.57111
 -79.83305,  38.57417
 -79.85509,  38.58635
 -79.86149,  38.60469
 -79.86504,  38.60886
 -79.86135,  38.61883
 -79.85970,  38.63131
 -79.86120,  38.63495
 -79.88110,  38.65390
 -79.88965,  38.66853
 -79.89765,  38.67646
 -79.91575,  38.69902
 -79.91814,  38.70041
 -79.94688,  38.70584
 -79.97557,  38.71916
 -79.97902,  38.72181
 -80.00429,  38.72961
 -80.02624,  38.74450
 -80.03297,  38.74660
 -80.06166,  38.76347
 -80.07274,  38.76716
 -80.09037,  38.77966
 -80.11685,  38.78980
 -80.09019,  38.80716
 -80.08638,  38.81216
 -80.07073,  38.83456
 -80.08379,  38.85708
 -80.08985,  38.86217
 -80.11122,  38.87965
 -80.11856,  38.88688
 -80.13188,  38.90220
 -80.11844,  38.90721
 -80.11411,  38.92460
 -80.11826,  38.93624
 -80.14720,  38.92827
 -80.15672,  38.92475
 -80.16148,  38.90229
 -80.17627,  38.89130
 -80.20515,  38.88851
 -80.23401,  38.89111
 -80.25456,  38.90256
 -80.25905,  38.92504
 -80.26270,  38.93856
 -80.29158,  38.93920
 -80.31140,  38.94762
 -80.32044,  38.94883
 -80.34622,  38.94768
 -80.34934,  38.94701
 -80.35027,  38.94769
 -80.37276,  38.97019
 -80.37815,  38.98588
 -80.38975,  38.99268
 -80.40704,  38.99649
 -80.42995,  39.01519
 -80.43592,  39.02552
 -80.44364,  39.03767
 -80.43856,  39.06013
 -80.44136,  39.08261
 -80.46478,  39.10248
 -80.49374,  39.10080
 -80.52270,  39.10342
 -80.52791,  39.10511
 -80.55166,  39.12420
 -80.55344,  39.12758
 -80.56509,  39.15005
 -80.57421,  39.17252
 -80.58018,  39.19499
 -80.58069,  39.19548
 -80.59953,  39.21745
 -80.60236,  39.23992
 -80.60683,  39.26239
 -80.60320,  39.28487
 -80.59572,  39.30735
 -80.58080,  39.31621
 -80.55174,  39.31594
 -80.52650,  39.32985
 -80.55176,  39.35070
 -80.55264,  39.35232
 -80.56252,  39.37479
 -80.57216,  39.39726
 -80.57891,  39.41973
 -80.58089,  39.42757
 -80.60998,  39.42075
 -80.63908,  39.42738
 -80.65044,  39.44215
 -80.66787,  39.46461
 -80.66521,  39.48708
 -80.66833,  39.49600
 -80.68467,  39.50953
 -80.68491,  39.53201
 -80.69757,  39.54205
 -80.70764,  39.55445
 -80.71401,  39.57692
 -80.72191,  39.59938
 -80.72679,  39.62185
 -80.72697,  39.62465
 -80.73846,  39.64431
 -80.75439,  39.66675
 -80.75632,  39.67400
 -80.76634,  39.66673
 -80.78546,  39.65636
 -80.78767,  39.64420
 -80.78606,  39.62173
 -80.78672,  39.59925
 -80.78517,  39.58145
 -80.78401,  39.57678
 -80.76222,  39.55436
 -80.75710,  39.53189
 -80.76743,  39.50939
 -80.78483,  39.49456
 -80.79048,  39.48686
 -80.78829,  39.46439
 -80.79101,  39.44190
 -80.79436,  39.41942
 -80.81358,  39.40568
 -80.84268,  39.40984
 -80.85281,  39.41927
 -80.85901,  39.44172
 -80.86581,  39.46418
 -80.86451,  39.48666
 -80.87223,  39.49911
 -80.88317,  39.50908
 -80.87258,  39.53159
 -80.89895,  39.55399
 -80.90172,  39.56290
 -80.90662,  39.57643
 -80.91724,  39.59887
 -80.93117,  39.61085
 -80.94527,  39.62125
 -80.95169,  39.64370
 -80.95861,  39.66615
 -80.95560,  39.68864
 -80.95718,  39.71112
 -80.93188,  39.72856
 -80.90264,  39.72729
 -80.88789,  39.71136
 -80.88516,  39.68889
 -80.87312,  39.67092
 -80.86431,  39.68896
 -80.86889,  39.71142
 -80.86867,  39.73389
 -80.87355,  39.75358
 -80.88451,  39.75633
 -80.90153,  39.77875
 -80.90296,  39.78355
 -80.91322,  39.80119
 -80.91585,  39.82366
 -80.91061,  39.84616
 -80.90340,  39.86259
 -80.89989,  39.86868
 -80.88557,  39.89120
 -80.90361,  39.89836
 -80.91621,  39.91358
 -80.92533,  39.93602
 -80.93317,  39.94087
 -80.96256,  39.95131
 -80.99181,  39.94049
 -80.99245,  39.93576
 -80.99172,  39.92791
 -80.98867,  39.91330
 -80.99157,  39.90586
 -80.99535,  39.89080
 -80.99139,  39.88119
 -80.97749,  39.86839
 -80.96199,  39.86462
 -80.94185,  39.84605
 -80.94168,  39.82357
 -80.96159,  39.80329
 -80.99085,  39.80373
 -81.01126,  39.82329
 -81.01418,  39.84576
 -81.02047,  39.85181
 -81.04343,  39.86811
 -81.04996,  39.87764
 -81.05774,  39.89053
 -81.07953,  39.91120
 -81.08270,  39.91288
 -81.09825,  39.93528
 -81.10919,  39.95203
 -81.11505,  39.95768
 -81.10938,  39.97316
 -81.10880,  39.98019
 -81.10946,  39.98328
 -81.12512,  40.00259
 -81.13914,  40.02098
 -81.14307,  40.02497
 -81.14578,  40.04744
 -81.13951,  40.06071
 -81.13457,  40.06998
 -81.13965,  40.07532
 -81.15179,  40.09237
 -81.16924,  40.09778
 -81.19869,  40.10383
 -81.20763,  40.11453
 -81.21690,  40.13696
 -81.22857,  40.14995
 -81.24905,  40.15924
 -81.25548,  40.18167
 -81.25848,  40.19569
 -81.26432,  40.20410
 -81.25880,  40.22475
 -81.25853,  40.22662
 -81.25906,  40.24910
 -81.25907,  40.24912
 -81.28870,  40.26350
 -81.29597,  40.27133
 -81.29861,  40.29380
 -81.28917,  40.30486
 -81.25971,  40.30719
 -81.24711,  40.29414
 -81.23975,  40.27170
 -81.22981,  40.26763
 -81.22253,  40.27180
 -81.21011,  40.29436
 -81.20258,  40.31689
 -81.20088,  40.31997
 -81.18629,  40.33947
 -81.20128,  40.35909
 -81.20257,  40.36186
 -81.20498,  40.38432
 -81.22657,  40.40668
 -81.23132,  40.40950
 -81.25130,  40.42901
 -81.25816,  40.45145
 -81.25932,  40.47392
 -81.26022,  40.49640
 -81.26186,  40.50079
 -81.28300,  40.51873
 -81.29181,  40.53437
 -81.29540,  40.54113
 -81.29556,  40.56361
 -81.30126,  40.58606
 -81.30711,  40.60850
 -81.30855,  40.63098
 -81.31253,  40.65343
 -81.32305,  40.67234
 -81.32818,  40.67581
 -81.33350,  40.69825
 -81.34221,  40.72068
 -81.34585,  40.74313
 -81.35270,  40.76556
 -81.35391,  40.76997
 -81.36014,  40.78800
 -81.36362,  40.81045
 -81.35619,  40.83299
 -81.37774,  40.85532
 -81.38483,  40.86418
 -81.39831,  40.87765
 -81.40599,  40.90007
 -81.41061,  40.92252
 -81.41174,  40.94500
 -81.41586,  40.96128
 -81.42056,  40.96741
 -81.41602,  40.97268
 -81.41331,  40.98995
 -81.41632,  40.99504
 -81.44551,  41.01219
 -81.44638,  41.01447
 -81.45701,  41.03457
 -81.47304,  41.05693
 -81.47682,  41.05902
 -81.49794,  41.05672
 -81.50479,  41.03418
 -81.50381,  41.01171
 -81.49683,  40.98928
 -81.49686,  40.96680
 -81.49619,  40.94432
 -81.49493,  40.92185
 -81.49217,  40.89939
 -81.49002,  40.87692
 -81.48526,  40.85447
 -81.48499,  40.83199
 -81.47339,  40.82055
 -81.45222,  40.80977
 -81.44608,  40.78734
 -81.44318,  40.78434
 -81.42310,  40.76504
 -81.41542,  40.74261
 -81.41274,  40.72900
 -81.40836,  40.72019
 -81.39305,  40.69782
 -81.39198,  40.67535
 -81.39498,  40.65284
 -81.39757,  40.63034
 -81.39450,  40.60787
 -81.39403,  40.58540
 -81.38746,  40.56296
 -81.38085,  40.55725
 -81.36291,  40.54066
 -81.38036,  40.51953
 -81.41016,  40.53617
 -81.41878,  40.54024
 -81.43996,  40.55230
 -81.44478,  40.56252
 -81.45239,  40.58494
 -81.47031,  40.60553
 -81.47436,  40.60724
 -81.49607,  40.62955
 -81.50044,  40.64048
 -81.50626,  40.65194
 -81.50896,  40.67441
 -81.52055,  40.69679
 -81.53109,  40.70748
 -81.54829,  40.71903
 -81.55317,  40.74147
 -81.55756,  40.76392
 -81.55424,  40.78643
 -81.55910,  40.80887
 -81.55523,  40.83139
 -81.56125,  40.85382
 -81.56312,  40.85856
 -81.57858,  40.87614
 -81.58379,  40.89858
 -81.58345,  40.92107
 -81.58292,  40.94356
 -81.58307,  40.96604
 -81.58022,  40.98855
 -81.57105,  41.01112
 -81.56561,  41.01698
 -81.54983,  41.03379
 -81.53632,  41.05030
 -81.51737,  41.05656
 -81.50680,  41.06949
 -81.50600,  41.07914
 -81.50710,  41.09039
 -81.50935,  41.10159
 -81.50732,  41.10433
 -81.50169,  41.12414
 -81.49904,  41.14664
 -81.47838,  41.16657
 -81.47565,  41.16933
 -81.47222,  41.19184
 -81.47899,  41.20897
 -81.50863,  41.19261
 -81.53883,  41.21313
 -81.53896,  41.21376
 -81.54605,  41.23618
 -81.54663,  41.25866
 -81.55051,  41.28111
 -81.54020,  41.30198
 -81.53875,  41.30369
 -81.51057,  41.32183
 -81.50845,  41.32643
 -81.51066,  41.34890
 -81.51104,  41.35322
 -81.51468,  41.37135
 -81.51142,  41.37864
 -81.50991,  41.39387
 -81.51178,  41.40242
 -81.52424,  41.41623
 -81.51871,  41.43876
 -81.53321,  41.46112
 -81.54288,  41.47497
 -81.54585,  41.48349
 -81.55290,  41.50591
 -81.55894,  41.52834
 -81.56058,  41.55081
 -81.56190,  41.57328
 -81.56110,  41.59577
 -81.55672,  41.61829
 -81.54875,  41.64084
 -81.57584,  41.65926
 -81.58049,  41.66304
 -81.59409,  41.68539
 -81.60101,  41.70781
 -81.60152,  41.73029
 -81.60480,  41.75274
 -81.60331,  41.77524
 -81.60395,  41.79771
 -81.60591,  41.82018
 -81.60290,  41.84268
 -81.59893,  41.86520
 -81.59041,  41.88776
 -81.59339,  41.91021
 -81.59759,  41.93265
 -81.60390,  41.95508
 -81.61114,  41.97212
 -81.61552,  41.97744
 -81.61757,  41.99991
 -81.61172,  42.00721
 -81.60550,  42.02250
 -81.60371,  42.04499
 -81.60905,  42.06742
 -81.60597,  42.08993
 -81.60344,  42.11243
 -81.58341,  42.12614
 -81.57722,  42.13515
 -81.57296,  42.15767
 -81.56416,  42.18022
 -81.58459,  42.19819
 -81.59350,  42.20243
 -81.61139,  42.22475
 -81.61327,  42.24721
 -81.61594,  42.25782
 -81.62856,  42.26954
 -81.62135,  42.29208
 -81.63107,  42.31448
 -81.63699,  42.33689
 -81.64770,  42.33838
 -81.67839,  42.35445
 -81.68388,  42.33645
 -81.68892,  42.31392
 -81.70518,  42.29128
 -81.70756,  42.28616
 -81.73799,  42.28876
 -81.73919,  42.29094
 -81.74925,  42.31331
 -81.75401,  42.33574
 -81.75247,  42.35823
 -81.74744,  42.38076
 -81.75137,  42.40319
 -81.77081,  42.41539
 -81.78360,  42.42533
 -81.78895,  42.44775
 -81.79395,  42.47018
 -81.79665,  42.49262
 -81.80318,  42.51278
 -81.80424,  42.51501
 -81.81497,  42.53737
 -81.83434,  42.54565
 -81.86285,  42.55931
 -81.86517,  42.56129
 -81.88422,  42.58155
 -81.89037,  42.60395
 -81.88916,  42.62644
 -81.88525,  42.64897
 -81.86733,  42.66486
 -81.85227,  42.67181
 -81.83708,  42.68021
 -81.80641,  42.67500
 -81.80305,  42.67234
 -81.78880,  42.65003
 -81.78603,  42.62758
 -81.77454,  42.60836
 -81.76729,  42.60530
 -81.77325,  42.58276
 -81.75211,  42.56051
 -81.74873,  42.53807
 -81.74666,  42.51562
 -81.74976,  42.49311
 -81.74395,  42.47070
 -81.74135,  42.46749
 -81.71072,  42.45853
 -81.68037,  42.46519
 -81.67589,  42.47138
 -81.67422,  42.49387
 -81.68103,  42.50179
 -81.69874,  42.51611
 -81.70415,  42.53852
 -81.71259,  42.56013
 -81.71476,  42.56089
 -81.71262,  42.56173
 -81.70862,  42.58343
 -81.71334,  42.60094
 -81.72249,  42.60576
 -81.73683,  42.62809
 -81.74353,  42.65050
 -81.74487,  42.65347
 -81.75257,  42.67288
 -81.75656,  42.69531
 -81.75521,  42.71780
 -81.75513,  42.74026
 -81.75670,  42.76273
 -81.76981,  42.78506
 -81.77828,  42.80034
 -81.80874,  42.79186
 -81.83936,  42.79126
 -81.86076,  42.78408
 -81.86979,  42.78231
 -81.88911,  42.78376
 -81.90051,  42.78727
 -81.92425,  42.80582
 -81.93163,  42.81026
 -81.94083,  42.82809
 -81.93802,  42.85060
 -81.93270,  42.85898
 -81.90388,  42.87347
 -81.90239,  42.87474
 -81.88843,  42.89612
 -81.89285,  42.91854
 -81.87309,  42.93932
 -81.87262,  42.94124
 -81.86913,  42.96375
 -81.86874,  42.98622
 -81.86609,  43.00872
 -81.86552,  43.03119
 -81.86521,  43.05367
 -81.86753,  43.07611
 -81.86774,  43.09857
 -81.86788,  43.12104
 -81.86627,  43.14353
 -81.85527,  43.16611
 -81.84746,  43.18467
 -81.84561,  43.18868
 -81.84375,  43.21117
 -81.84084,  43.23367
 -81.84047,  43.25613
 -81.83918,  43.27861
 -81.83937,  43.30108
 -81.83823,  43.32355
 -81.83517,  43.34605
 -81.82038,  43.36831
 -81.81868,  43.36869
 -81.78969,  43.37884
 -81.75886,  43.38275
 -81.72794,  43.38153
 -81.71241,  43.39225
 -81.69912,  43.41484
 -81.69768,  43.41657
 -81.67509,  43.43753
 -81.69295,  43.45982
 -81.68588,  43.48235
 -81.69385,  43.50473
 -81.69051,  43.52722
 -81.68082,  43.54977
 -81.66928,  43.55713
 -81.65647,  43.57246
 -81.64409,  43.59504
 -81.63921,  43.60904
 -81.63348,  43.61759
 -81.62956,  43.64009
 -81.62265,  43.66261
 -81.62216,  43.68507
 -81.61619,  43.70758
 -81.61020,  43.72620
 -81.60635,  43.73012
 -81.57936,  43.74059
 -81.54833,  43.74343
 -81.52219,  43.75330
 -81.51742,  43.75425
 -81.48643,  43.76062
 -81.46263,  43.77623
 -81.45568,  43.78384
 -81.44718,  43.79880
 -81.44096,  43.82130
 -81.43910,  43.84377
 -81.43489,  43.86625
 -81.43697,  43.88869
 -81.42744,  43.91121
 -81.43019,  43.93364
 -81.42680,  43.93846
 -81.39577,  43.95013
 -81.36969,  43.95652
 -81.36469,  43.95745
 -81.33353,  43.95934
 -81.30244,  43.96764
 -81.27135,  43.97631
 -81.26656,  43.97964
 -81.26148,  44.00212
 -81.25007,  44.02464
 -81.24670,  44.04710
 -81.24447,  44.06957
 -81.24429,  44.09201
 -81.24159,  44.10138
 -81.23765,  44.11450
 -81.22426,  44.13702
 -81.21331,  44.15953
 -81.21099,  44.16136
 -81.19051,  44.18210
 -81.18214,  44.20459
 -81.18293,  44.22703
 -81.18052,  44.23923
 -81.17210,  44.24954
 -81.15385,  44.27207
 -81.14954,  44.27494
 -81.12293,  44.29467
 -81.11841,  44.29617
 -81.10500,  44.29476
 -81.08699,  44.28899
 -81.05568,  44.29380
 -81.05422,  44.29499
 -81.02441,  44.30440
 -80.99306,  44.30472
 -80.96172,  44.30733
 -80.93037,  44.30861
 -80.89899,  44.30710
 -80.86764,  44.30661
 -80.83624,  44.29937
 -80.81358,  44.29580
 -80.80486,  44.29330
 -80.79134,  44.29585
 -80.77352,  44.29735
 -80.76553,  44.29590
 -80.74213,  44.28577
 -80.71078,  44.28480
 -80.69067,  44.27358
 -80.67938,  44.26633
 -80.67133,  44.25117
 -80.66597,  44.22873
 -80.65938,  44.20630
 -80.64789,  44.18893
 -80.64523,  44.18386
 -80.63418,  44.16143
 -80.61723,  44.13901
 -80.61668,  44.11656
 -80.61649,  44.11611
 -80.60416,  44.09412
 -80.60362,  44.07168
 -80.60186,  44.04922
 -80.60091,  44.02678
 -80.59851,  44.00433
 -80.59639,  43.98189
 -80.58507,  43.96086
 -80.58364,  43.95946
 -80.58102,  43.93701
 -80.57579,  43.91456
 -80.58501,  43.90036
 -80.58782,  43.89211
 -80.58660,  43.86966
 -80.59193,  43.84720
 -80.59093,  43.82476
 -80.58492,  43.80862
 -80.58026,  43.80231
 -80.57430,  43.77986
 -80.55678,  43.75741
 -80.55378,  43.75219
 -80.54059,  43.73497
 -80.54950,  43.71251
 -80.55091,  43.69006
 -80.55374,  43.68240
 -80.55788,  43.66760
 -80.56490,  43.64514
 -80.56149,  43.62268
 -80.55392,  43.60023
 -80.55370,  43.59975
 -80.54301,  43.57777
 -80.52473,  43.55532
 -80.52270,  43.55231
 -80.49953,  43.53286
 -80.52046,  43.51041
 -80.52270,  43.50899
 -80.52813,  43.48795
 -80.53125,  43.46550
 -80.52945,  43.44304
 -80.52864,  43.42057
 -80.52410,  43.39812
 -80.52270,  43.39528
 -80.49178,  43.39369
 -80.47103,  43.37565
 -80.46090,  43.37020
 -80.44752,  43.35317
 -80.43981,  43.33071
 -80.43320,  43.30824
 -80.43676,  43.28579
 -80.43015,  43.26519
 -80.42885,  43.26331
 -80.43016,  43.25965
 -80.43385,  43.24086
 -80.43021,  43.23058
 -80.42239,  43.21839
 -80.41866,  43.19592
 -80.39947,  43.18373
 -80.38778,  43.17342
 -80.36871,  43.16459
 -80.33793,  43.15691
 -80.30715,  43.15158
 -80.27636,  43.15241
 -80.26755,  43.15077
 -80.24561,  43.14162
 -80.21487,  43.13314
 -80.21277,  43.12817
 -80.21498,  43.10897
 -80.21629,  43.10572
 -80.21500,  43.10469
 -80.20863,  43.08324
 -80.21262,  43.06078
 -80.20617,  43.03830
 -80.20337,  43.01583
 -80.19622,  42.99334
 -80.18492,  42.97512
 -80.17869,  42.97082
 -80.15435,  42.95079
 -80.12736,  42.94820
 -80.12368,  42.94696
 -80.09311,  42.92930
 -80.08781,  42.92559
 -80.07865,  42.90309
 -80.06274,  42.88440
 -80.06186,  42.88056
 -80.06278,  42.87865
 -80.09351,  42.86818
 -80.11411,  42.85828
 -80.12425,  42.85456
 -80.15141,  42.83593
 -80.14815,  42.81346
 -80.14069,  42.79096
 -80.13158,  42.76846
 -80.13486,  42.74600
 -80.12560,  42.72351
 -80.12507,  42.72324
 -80.09454,  42.71519
 -80.06406,  42.70085
 -80.03338,  42.71436
 -80.00285,  42.70664
 -79.99738,  42.70054
 -79.98989,  42.67803
 -79.98761,  42.65556
 -79.99123,  42.63309
 -80.00307,  42.61067
 -80.00363,  42.60987
 -80.03423,  42.60163
 -80.04195,  42.61083
 -80.05204,  42.63335
 -80.06002,  42.65586
 -80.06427,  42.67083
 -80.06857,  42.65589
 -80.07710,  42.63345
 -80.07416,  42.61096
 -80.07851,  42.58851
 -80.08230,  42.56605
 -80.09087,  42.54361
 -80.09578,  42.52115
 -80.09264,  42.49867
 -80.08330,  42.47617
 -80.06648,  42.45362
 -80.06583,  42.45138
 -80.04185,  42.43106
 -80.06604,  42.42096
 -80.07330,  42.40870
 -80.08310,  42.38627
 -80.06639,  42.37100
 -80.05419,  42.36369
 -80.04200,  42.34116
 -80.04369,  42.31869
 -80.06686,  42.30430
 -80.08015,  42.29635
 -80.08229,  42.27389
 -80.06862,  42.25136
 -80.06726,  42.24768
 -80.05552,  42.22883
 -80.03911,  42.20629
 -80.03980,  42.18382
 -80.03748,  42.17031
 -80.03235,  42.16132
 -80.03761,  42.15318
 -80.04155,  42.13887
 -80.03778,  42.12917
 -80.02783,  42.11634
 -80.02779,  42.09386
 -80.02017,  42.07135
 -80.01772,  42.04887
 -80.01592,  42.02638
 -80.00842,  42.01036
 -80.00382,  42.00385
 -79.99611,  41.98133
 -79.99442,  41.95885
 -79.99399,  41.93637
 -79.99628,  41.91390
 -80.00174,  41.89145
 -80.00944,  41.88093
 -80.02047,  41.86905
 -80.03985,  41.85104
 -80.04184,  41.84666
 -80.04366,  41.82419
 -80.04229,  41.80170
 -80.04599,  41.77924
 -80.07068,  41.75687
 -80.07069,  41.75686
 -80.07632,  41.73440
 -80.07832,  41.71193
 -80.07939,  41.68945
 -80.08131,  41.66698
 -80.08226,  41.64450
 -80.08092,  41.62201
 -80.07169,  41.61027
 -80.05441,  41.59943
 -80.04237,  41.57690
 -80.04188,  41.57600
 -80.03241,  41.55438
 -80.03545,  41.53191
 -80.04002,  41.50945
 -80.04239,  41.50608
 -80.07250,  41.49223
 -80.07506,  41.48711
 -80.07443,  41.46463
 -80.07274,  41.45742
 -80.04729,  41.44204
 -80.05352,  41.41958
 -80.07304,  41.41393
 -80.10310,  41.39986
 -80.13308,  41.39869
 -80.13866,  41.39740
 -80.14935,  41.37496
 -80.13333,  41.35650
 -80.12796,  41.35241
 -80.10672,  41.32985
 -80.10356,  41.32872
 -80.08770,  41.30730
 -80.08619,  41.28482
 -80.09459,  41.26237
 -80.10403,  41.25528
 -80.13396,  41.25127
 -80.15723,  41.26258
 -80.15617,  41.28506
 -80.16360,  41.29851
 -80.17980,  41.28513
 -80.16730,  41.26262
 -80.16461,  41.24012
 -80.16393,  41.23731
 -80.15276,  41.21761
 -80.14151,  41.19508
 -80.13867,  41.17259
 -80.13852,  41.15011
 -80.13593,  41.12762
 -80.13470,  41.12542
 -80.11815,  41.10508
 -80.11793,  41.08259
 -80.10898,  41.06008
 -80.10540,  41.03873
 -80.10484,  41.03758
 -80.09985,  41.01508
 -80.09409,  40.99258
 -80.09605,  40.97010
 -80.10413,  40.94765
 -80.10600,  40.94325
 -80.11022,  40.92519
 -80.12021,  40.90274
 -80.13611,  40.88439
 -80.13802,  40.88032
 -80.13615,  40.87589
 -80.12119,  40.85778
 -80.11871,  40.83529
 -80.11349,  40.81278
 -80.11671,  40.79031
 -80.10705,  40.77693
 -80.09329,  40.76775
 -80.08110,  40.74522
 -80.07762,  40.73727
 -80.06257,  40.72266
 -80.05327,  40.70015
 -80.04828,  40.69152
 -80.03741,  40.67760
 -80.02552,  40.65506
 -80.02195,  40.63257
 -80.01917,  40.62059
 -80.00037,  40.63247
 -79.98940,  40.63914
 -79.98026,  40.65486
 -79.95944,  40.67685
 -79.95923,  40.67724
 -79.95253,  40.69969
 -79.92944,  40.71642
 -79.89980,  40.71527
 -79.87745,  40.69930
 -79.87048,  40.67991
 -79.86832,  40.67676
 -79.84295,  40.65413
 -79.84128,  40.63656
 -79.84039,  40.63163
 -79.81190,  40.61368
 -79.79826,  40.60889
 -79.78263,  40.58632
 -79.78259,  40.58625
 -79.76150,  40.56369
 -79.75346,  40.54411
 -79.75243,  40.54115
 -79.75367,  40.52674
 -79.75439,  40.51868
 -79.75980,  40.49623
 -79.76740,  40.47380
 -79.78403,  40.45614
 -79.78566,  40.45144
 -79.78649,  40.42896
 -79.78435,  40.42735
 -79.75484,  40.42437
 -79.72531,  40.42434
 -79.71803,  40.42850
 -79.71073,  40.45093
 -79.69529,  40.46392
 -79.66572,  40.46515
 -79.63636,  40.45093
 -79.63541,  40.45037
 -79.60709,  40.43063
 -79.60480,  40.42765
 -79.57827,  40.40496
 -79.57803,  40.39679
 -79.57713,  40.38246
 -79.57342,  40.35995
 -79.57862,  40.35564
 -79.58713,  40.33758
 -79.57913,  40.31921
 -79.57255,  40.31498
 -79.55225,  40.29232
 -79.55011,  40.28747
 -79.54447,  40.26977
 -79.54033,  40.24726
 -79.53199,  40.22470
 -79.52168,  40.21809
 -79.49361,  40.20189
 -79.49250,  40.20057
 -79.47286,  40.17921
 -79.46346,  40.17575
 -79.43429,  40.15998
 -79.43105,  40.15634
 -79.42815,  40.13383
 -79.40544,  40.12577
 -79.38541,  40.11093
 -79.38338,  40.08843
 -79.37692,  40.07423
 -79.34747,  40.07861
 -79.34311,  40.08802
 -79.33565,  40.11043
 -79.31730,  40.12218
 -79.28777,  40.12934
 -79.25836,  40.12902
 -79.22961,  40.13176
 -79.22890,  40.13218
 -79.22793,  40.13174
 -79.19979,  40.11703
 -79.17034,  40.11960
 -79.15713,  40.13092
 -79.16344,  40.15348
 -79.16955,  40.15881
 -79.19292,  40.17631
 -79.19842,  40.18643
 -79.20402,  40.19892
 -79.21014,  40.22147
 -79.21289,  40.24399
 -79.22641,  40.26065
 -79.23715,  40.26674
 -79.24678,  40.28933
 -79.22544,  40.31091
 -79.19616,  40.30066
 -79.17407,  40.28851
 -79.16697,  40.28595
 -79.14199,  40.26564
 -79.13810,  40.25699
 -79.13114,  40.24303
 -79.11229,  40.22031
 -79.10945,  40.21825
 -79.08023,  40.20798
 -79.06210,  40.19720
 -79.05630,  40.17464
 -79.06541,  40.15227
 -79.07851,  40.12996
 -79.08209,  40.12154
 -79.08498,  40.10756
 -79.09254,  40.08517
 -79.08324,  40.06818
 -79.07613,  40.06248
 -79.07240,  40.03995
 -79.05467,  40.03098
 -79.03814,  40.01702
 -79.03141,  39.99445
 -79.02976,  39.97195
 -79.02705,  39.95287
 -79.02479,  39.94940
 -79.02730,  39.94190
 -79.05665,  39.94070
 -79.08616,  39.93193
 -79.08815,  39.92773
 -79.11603,  39.90570
 -79.11669,  39.90561
 -79.14555,  39.89515
 -79.16561,  39.88372
 -79.17528,  39.87388
 -79.20454,  39.87535
 -79.23392,  39.87106
 -79.24097,  39.88459
 -79.25308,  39.90720
 -79.25595,  39.92971
 -79.26191,  39.94092
 -79.27906,  39.95245
 -79.29082,  39.96292
 -79.30598,  39.97522
 -79.31636,  39.99781
 -79.31773,  40.02031
 -79.31550,  40.04277
 -79.31860,  40.04968
 -79.33513,  40.04298
 -79.33019,  40.02044
 -79.34871,  40.00755
 -79.37820,  39.99883
 -79.37883,  39.99846
 -79.38147,  39.97600
 -79.37874,  39.96784
 -79.36858,  39.95339
 -79.37932,  39.93372
 -79.37965,  39.93102
 -79.37938,  39.92993
 -79.36032,  39.90834
 -79.35066,  39.89563
 -79.32124,  39.90271
 -79.29861,  39.88522
 -79.29234,  39.88058
 -79.26939,  39.86242
 -79.26346,  39.85818
 -79.24944,  39.83972
 -79.23492,  39.81908
 -79.23226,  39.81704
 -79.23525,  39.80168
 -79.23557,  39.79460
 -79.23540,  39.79359
 -79.20648,  39.77658
 -79.19233,  39.79410
 -79.17662,  39.80696
 -79.15533,  39.79366
 -79.14774,  39.78815
 -79.13173,  39.77090
 -79.11909,  39.75925
 -79.09166,  39.74792
 -79.09011,  39.74644
 -79.07248,  39.72519
 -79.07701,  39.70277
 -79.07719,  39.68029
 -79.06255,  39.66889
 -79.04478,  39.65739
 -79.04075,  39.63486
 -79.04704,  39.61246
 -79.06398,  39.60313
 -79.09308,  39.60678
 -79.10068,  39.61315
 -79.10876,  39.63573
 -79.12145,  39.64557
 -79.13213,  39.63601
 -79.13068,  39.61352
 -79.13229,  39.59106
 -79.12738,  39.56852
 -79.13045,  39.54608
 -79.12569,  39.52354
 -79.12409,  39.51811
 -79.11054,  39.50087
 -79.11806,  39.47849
 -79.10269,  39.45582
 -79.09666,  39.43684
 -79.09418,  39.43323
 -79.06802,  39.41557
 -79.05027,  39.43266
 -79.03818,  39.44948
 -79.03198,  39.45491
 -79.03780,  39.46700
 -79.04216,  39.47752
 -79.05464,  39.50016
 -79.06157,  39.52274
 -79.06015,  39.54520
 -79.04620,  39.56749
 -79.03546,  39.57317
 -79.00624,  39.57581
 -78.97726,  39.56781
 -78.97008,  39.56648
 -78.94825,  39.56124
 -78.91927,  39.55331
 -78.90762,  39.54313
 -78.89078,  39.52580
 -78.88513,  39.52032
 -78.87750,  39.49773
 -78.87095,  39.47516
 -78.86301,  39.46961
 -78.84648,  39.47480
 -78.83801,  39.49715
 -78.83311,  39.50133
 -78.81753,  39.49685
 -78.81293,  39.47430
 -78.83414,  39.46003
 -78.83776,  39.45219
 -78.84042,  39.42975
 -78.84358,  39.40732
 -78.85697,  39.38503
 -78.86535,  39.37459
 -78.88198,  39.38540
 -78.89399,  39.39268
 -78.90905,  39.40827
 -78.91436,  39.43082
 -78.92199,  39.43862
 -78.93816,  39.43116
 -78.93656,  39.40866
 -78.93919,  39.38621
 -78.92375,  39.36424
 -78.92215,  39.36349
 -78.92378,  39.36269
 -78.92864,  39.34111
 -78.92455,  39.33002
 -78.90306,  39.31827
 -78.89601,  39.30859
 -78.88792,  39.29557
 -78.88863,  39.27311
 -78.89714,  39.26157
 -78.92526,  39.25115
 -78.89755,  39.24414
 -78.88161,  39.22805
 -78.86903,  39.22389
 -78.84001,  39.22367
 -78.81122,  39.21487
 -78.78198,  39.22377
 -78.75312,  39.21780
 -78.74214,  39.20346
 -78.73989,  39.18094
 -78.75459,  39.16128
 -78.76148,  39.15881
 -78.78384,  39.15142
 -78.81315,  39.13848
 -78.81401,  39.13713
 -78.82366,  39.11480
 -78.82828,  39.09240
 -78.82744,  39.06991
 -78.82919,  39.04746
 -78.82816,  39.02497
 -78.82599,  39.00246
 -78.82746,  38.98001
 -78.83488,  38.95765
 -78.84687,  38.94608
 -78.87587,  38.94171
 -78.87962,  38.93584
 -78.87621,  38.92794
 -78.84766,  38.91414
 -78.84614,  38.91286
 -78.82202,  38.89003
 -78.82192,  38.86756
 -78.82010,  38.86113
 -78.81126,  38.84492
 -78.80686,  38.82238
 -78.79311,  38.79970
 -78.79281,  38.79913
 -78.77571,  38.77695
 -78.76485,  38.76525
 -78.74228,  38.75396
 -78.73643,  38.74981
 -78.70785,  38.74104
 -78.67923,  38.73365
 -78.67525,  38.73040
 -78.65815,  38.70765
 -78.65136,  38.69958
 -78.64296,  38.68492
 -78.63537,  38.66232
 -78.63170,  38.63979
 -78.62455,  38.62811
 -78.61669,  38.61707
 -78.60738,  38.59443
 -78.59707,  38.58235
 -78.58903,  38.57165
 -78.56925,  38.54975
 -78.56809,  38.54881
 -78.56402,  38.52628
 -78.57020,  38.51659
 -78.57368,  38.50397
 -78.57310,  38.48149
 -78.57956,  38.45914
 -78.58031,  38.43668
 -78.57298,  38.41906
 -78.56775,  38.41400
 -78.56946,  38.39156
 -78.55340,  38.36881
 -78.54607,  38.35768
 -78.52305,  38.34580
 -78.51801,  38.33730
 -78.50808,  38.32307
 -78.49033,  38.30481
 -78.48879,  38.30025
 -78.48258,  38.27767
 -78.48325,  38.25521
 -78.46952,  38.23250
 -78.48675,  38.21035
 -78.48442,  38.18784
 -78.49383,  38.18617
 -78.52256,  38.18093
 -78.55119,  38.17924
 -78.57993,  38.17356
 -78.60864,  38.16824
 -78.60979,  38.16760
 -78.63755,  38.15614
 -78.64487,  38.14573
 -78.64600,  38.12329
 -78.64351,  38.10078
 -78.64319,  38.07832
 -78.64017,  38.05990
 -78.63889,  38.05578
 -78.64046,  38.04977
 -78.64264,  38.03338
 -78.64122,  38.02169
 -78.63824,  38.01085
 -78.64186,  37.99826
 -78.64369,  37.98848
 -78.64229,  37.98249
 -78.63306,  37.96584
 -78.61469,  37.94986
 -78.59626,  37.94275
 -78.58682,  37.92804
 -78.57161,  37.91986
 -78.55914,  37.90041
 -78.54774,  37.89698
 -78.53110,  37.88582
 -78.52412,  37.87409
 -78.52254,  37.85161
 -78.52934,  37.82927
 -78.53284,  37.82497
 -78.56162,  37.81287
 -78.57701,  37.80766
 -78.59023,  37.80637
 -78.61899,  37.79409
 -78.62240,  37.78600
 -78.64781,  37.77901
 -78.67639,  37.77275
 -78.70482,  37.77199
 -78.73328,  37.77032
 -78.76167,  37.77053
 -78.79005,  37.77148
 -78.81855,  37.76790
 -78.82659,  37.76686
 -78.84707,  37.76344
 -78.87591,  37.74520
 -78.87617,  37.74515
 -78.90467,  37.72939
 -78.93292,  37.73537
 -78.94505,  37.74615
END
 -15.00000, -80.17988,  38.79001
 -80.17677,  38.79342
 -80.16328,  38.78996
 -80.17681,  38.78464
 -80.17988,  38.79001
END
 -15.00000, -79.91049,  38.83381
 -79.91689,  38.84158
 -79.93869,  38.83395
 -79.91703,  38.82614
 -79.91049,  38.83381
END
 -15.00000, -79.97811,  38.92403
 -80.00273,  38.93369
 -80.02077,  38.94670
 -80.03143,  38.96014
 -80.03288,  38.94675
 -80.03293,  38.92428
 -80.03172,  38.92009
 -80.00287,  38.91613
 -79.97811,  38.92403
END
 -15.00000, -79.21378,  38.94022
 -79.22223,  38.96124
 -79.23083,  38.94041
 -79.22285,  38.92851
 -79.21378,  38.94022
END
 -15.00000, -79.09674,  38.93880
 -79.10699,  38.94344
 -79.13587,  38.94418
 -79.13744,  38.93930
 -79.13606,  38.93481
 -79.10730,  38.92866
 -79.09674,  38.93880
END
 -15.00000, -79.01784,  38.93777
 -79.02033,  38.94233
 -79.03632,  38.93801
 -79.02060,  38.93021
 -79.01784,  38.93777
END
 -15.00000, -80.02569,  38.99166
 -80.03110,  39.00599
 -80.03544,  38.99170
 -80.03133,  38.97334
 -80.02569,  38.99166
END
 -15.00000, -79.42160,  38.98738
 -79.42401,  38.99377
 -79.43061,  38.98746
 -79.42418,  38.98348
 -79.42160,  38.98738
END
 -15.00000, -79.22020,  38.98523
 -79.22176,  38.98559
 -79.25065,  38.98703
 -79.27955,  38.98755
 -79.27997,  38.98590
 -79.27960,  38.98499
 -79.25075,  38.98189
 -79.22196,  38.97524
 -79.22020,  38.98523
END
 -15.00000, -80.31804,  39.03751
 -80.32018,  39.03965
 -80.32386,  39.03753
 -80.32019,  39.03344
 -80.31804,  39.03751
END
 -15.00000, -79.47614,  39.03284
 -79.48119,  39.03609
 -79.48319,  39.03291
 -79.48127,  39.03067
 -79.47614,  39.03284
END
 -15.00000, -78.92611,  39.02640
 -78.91852,  39.04876
 -78.92141,  39.07128
 -78.92729,  39.09384
 -78.93008,  39.09517
 -78.95882,  39.10488
 -78.96828,  39.11689
 -78.97016,  39.13939
 -78.97803,  39.16198
 -78.97517,  39.18441
 -78.97943,  39.20695
 -78.98521,  39.21838
 -78.99352,  39.22962
 -79.00585,  39.25226
 -79.00976,  39.27479
 -79.01262,  39.29058
 -79.01693,  39.29736
 -79.02966,  39.32001
 -79.04075,  39.33223
 -79.05284,  39.34278
 -79.06918,  39.36157
 -79.07585,  39.34308
 -79.07749,  39.32063
 -79.07935,  39.29818
 -79.08086,  39.27571
 -79.08141,  39.25325
 -79.08280,  39.23079
 -79.09208,  39.20843
 -79.10175,  39.19480
 -79.13084,  39.19073
 -79.15980,  39.19239
 -79.17018,  39.18691
 -79.16011,  39.17687
 -79.13489,  39.16401
 -79.13406,  39.14152
 -79.13200,  39.13382
 -79.12097,  39.11889
 -79.13276,  39.09680
 -79.13280,  39.09656
 -79.13277,  39.09616
 -79.11853,  39.07391
 -79.10438,  39.06893
 -79.07558,  39.06172
 -79.06242,  39.07320
 -79.04615,  39.08416
 -79.01726,  39.08168
 -78.98837,  39.07835
 -78.97836,  39.07207
 -78.95995,  39.05521
 -78.95349,  39.04926
 -78.93517,  39.02653
 -78.93179,  39.02193
 -78.92611,  39.02640
END
 -15.00000, -80.70103,  39.06002
 -80.71169,  39.08248
 -80.71932,  39.10494
 -80.72543,  39.11046
 -80.74692,  39.12737
 -80.75451,  39.14610
 -80.75690,  39.14981
 -80.76151,  39.17228
 -80.76238,  39.19475
 -80.76482,  39.21722
 -80.75481,  39.23445
 -80.75333,  39.23972
 -80.74447,  39.26221
 -80.72590,  39.26994
 -80.69989,  39.26229
 -80.69685,  39.26008
 -80.68654,  39.23983
 -80.68169,  39.21737
 -80.68118,  39.19489
 -80.67723,  39.17243
 -80.66762,  39.16408
 -80.64729,  39.14999
 -80.64120,  39.12753
 -80.63855,  39.11794
 -80.63305,  39.10506
 -80.63851,  39.09439
 -80.64048,  39.08258
 -80.64560,  39.06010
 -80.66737,  39.05005
 -80.69632,  39.05442
 -80.70103,  39.06002
END
 -15.00000, -80.50613,  39.23995
 -80.51685,  39.26242
 -80.51397,  39.28490
 -80.52270,  39.30202
 -80.53732,  39.28490
 -80.53184,  39.26242
 -80.53837,  39.23995
 -80.52270,  39.22041
 -80.50613,  39.23995
END
 -15.00000, -78.91544,  39.22853
 -78.92643,  39.25060
 -78.93842,  39.22886
 -78.92700,  39.22631
 -78.91544,  39.22853
END
 -15.00000, -79.32182,  39.39091
 -79.33014,  39.40079
 -79.33347,  39.39103
 -79.33038,  39.38669
 -79.32182,  39.39091
END
 -15.00000, -79.21141,  39.38969
 -79.21381,  39.39968
 -79.22338,  39.38982
 -79.21426,  39.37589
 -79.21141,  39.38969
END
 -15.00000, -79.06550,  39.38791
 -79.06824,  39.40524
 -79.07872,  39.38808
 -79.06902,  39.36916
 -79.06550,  39.38791
END
 -15.00000, -79.32901,  39.43594
 -79.32951,  39.43629
 -79.32973,  39.43595
 -79.32954,  39.43493
 -79.32901,  39.43594
END
 -15.00000, -79.21053,  39.43463
 -79.21301,  39.44106
 -79.22281,  39.43478
 -79.21332,  39.42488
 -79.21053,  39.43463
END
 -15.00000, -80.77118,  39.68920
 -80.78561,  39.69436
 -80.78730,  39.68916
 -80.78555,  39.67753
 -80.77118,  39.68920
END
 -15.00000, -79.17014,  39.68143
 -79.17894,  39.69094
 -79.18291,  39.68158
 -79.17924,  39.67584
 -79.17014,  39.68143
END
 -15.00000, -80.78399,  39.73412
 -80.78577,  39.73506
 -80.78603,  39.73412
 -80.78576,  39.73255
 -80.78399,  39.73412
END
 -15.00000, -79.04163,  39.79224
 -79.05326,  39.81487
 -79.05225,  39.83735
 -79.04872,  39.85978
 -79.02865,  39.88110
 -78.99964,  39.86823
 -78.99501,  39.85908
 -78.98841,  39.83651
 -78.99355,  39.81409
 -79.00135,  39.79284
 -79.00310,  39.79173
 -79.03101,  39.77484
 -79.04163,  39.79224
END
 -15.00000, -78.83653,  39.78939
 -78.85483,  39.80159
 -78.88402,  39.80470
 -78.89654,  39.81275
 -78.90435,  39.83535
 -78.91212,  39.85347
 -78.91957,  39.85804
 -78.94037,  39.88082
 -78.93961,  39.90329
 -78.93443,  39.92569
 -78.91007,  39.93861
 -78.90282,  39.92525
 -78.88135,  39.91424
 -78.85446,  39.90207
 -78.85238,  39.90025
 -78.84127,  39.87940
 -78.83552,  39.85683
 -78.83746,  39.83437
 -78.83474,  39.81185
 -78.82555,  39.80219
 -78.81622,  39.78909
 -78.82626,  39.77425
 -78.83653,  39.78939
END
 -15.00000, -80.78172,  39.82404
 -80.77646,  39.84653
 -80.77859,  39.86901
 -80.78635,  39.89148
 -80.78638,  39.89149
 -80.81573,  39.90342
 -80.84499,  39.89402
 -80.85600,  39.89129
 -80.84490,  39.87577
 -80.84367,  39.86885
 -80.83471,  39.84639
 -80.81615,  39.82396
 -80.81538,  39.82373
 -80.78608,  39.81437
 -80.78172,  39.82404
END
 -15.00000, -79.36135,  39.88588
 -79.37997,  39.89539
 -79.38256,  39.88609
 -79.38019,  39.88256
 -79.36135,  39.88588
END
 -15.00000, -81.00053,  39.98069
 -81.01835,  40.00310
 -81.02164,  40.00838
 -81.02362,  40.00308
 -81.02859,  39.98058
 -81.02134,  39.96894
 -81.00053,  39.98069
END
 -15.00000, -80.87343,  39.98116
 -80.87476,  39.98377
 -80.87647,  39.98114
 -80.87473,  39.97925
 -80.87343,  39.98116
END
 -15.00000, -79.52097,  40.04475
 -79.52419,  40.04905
 -79.52969,  40.04483
 -79.52448,  40.02979
 -79.52097,  40.04475
END
 -15.00000, -79.16341,  40.04107
 -79.17171,  40.05149
 -79.18749,  40.04135
 -79.17228,  40.02311
 -79.16341,  40.04107
END
 -15.00000, -79.21951,  40.08668
 -79.22964,  40.09390
 -79.23086,  40.08681
 -79.22982,  40.08466
 -79.21951,  40.08668
END
 -15.00000, -79.34826,  40.29042
 -79.35854,  40.31300
 -79.36282,  40.33554
 -79.36673,  40.35806
 -79.35860,  40.38046
 -79.35070,  40.40286
 -79.34158,  40.41238
 -79.31194,  40.41853
 -79.28263,  40.40656
 -79.27446,  40.40206
 -79.26054,  40.37943
 -79.26220,  40.35696
 -79.26939,  40.33456
 -79.27065,  40.31208
 -79.28450,  40.30596
 -79.30376,  40.28995
 -79.31454,  40.27525
 -79.34385,  40.28397
 -79.34826,  40.29042
END
 -15.00000, -79.86637,  40.38448
 -79.86600,  40.40696
 -79.86684,  40.42944
 -79.87279,  40.44436
 -79.90066,  40.45211
 -79.90225,  40.45242
 -79.91706,  40.45220
 -79.93180,  40.45141
 -79.93391,  40.42981
 -79.93202,  40.42640
 -79.90982,  40.40720
 -79.90277,  40.39676
 -79.89214,  40.38462
 -79.87348,  40.37268
 -79.86637,  40.38448
END
 -15.00000, -79.65778,  40.38310
 -79.66653,  40.40200
 -79.68326,  40.38329
 -79.66695,  40.36960
 -79.65778,  40.38310
END
 -15.00000, -79.43831,  40.38124
 -79.43049,  40.39293
 -79.41743,  40.38104
 -79.43092,  40.36689
 -79.43831,  40.38124
END
 -15.00000, -79.93061,  40.51971
 -79.92463,  40.54217
 -79.93086,  40.55710
 -79.94187,  40.54226
 -79.93304,  40.51973
 -79.93121,  40.51792
 -79.93061,  40.51971
END
 -15.00000, -79.92416,  40.58713
 -79.93060,  40.58780
 -79.93133,  40.58717
 -79.93067,  40.57880
 -79.92416,  40.58713
END
 -15.00000, -79.85520,  40.58675
 -79.87125,  40.60182
 -79.89498,  40.58698
 -79.87151,  40.57566
 -79.85520,  40.58675
END
 -15.00000, -79.73209,  40.63095
 -79.72841,  40.65340
 -79.73101,  40.67590
 -79.72484,  40.69835
 -79.72201,  40.70005
 -79.71934,  40.69830
 -79.71389,  40.67578
 -79.71680,  40.65332
 -79.71447,  40.63082
 -79.72293,  40.62317
 -79.73209,  40.63095
END
 -15.00000, -79.99741,  40.81231
 -80.00665,  40.83484
 -80.01738,  40.85498
 -80.02284,  40.85740
 -80.04574,  40.87997
 -80.03904,  40.90243
 -80.01694,  40.91223
 -79.99147,  40.90223
 -79.98732,  40.89686
 -79.95815,  40.87958
 -79.95773,  40.87944
 -79.94056,  40.85701
 -79.93896,  40.83452
 -79.94836,  40.81208
 -79.95835,  40.80547
 -79.98805,  40.80573
 -79.99741,  40.81231
END
 -15.00000, -81.41080,  41.39466
 -81.42189,  41.40455
 -81.42665,  41.39454
 -81.42148,  41.37436
 -81.41080,  41.39466
END
 -15.00000, -81.45166,  41.48428
 -81.44460,  41.50681
 -81.44495,  41.52929
 -81.44532,  41.55177
 -81.45418,  41.56766
 -81.47670,  41.55152
 -81.48395,  41.54897
 -81.49007,  41.52893
 -81.48708,  41.50647
 -81.49309,  41.48394
 -81.48282,  41.47187
 -81.45297,  41.48322
 -81.45166,  41.48428
END
 -15.00000, -81.42134,  41.57444
 -81.42365,  41.59690
 -81.42454,  41.59772
 -81.42866,  41.59687
 -81.44819,  41.57423
 -81.42410,  41.56557
 -81.42134,  41.57444
END
 -15.00000, -81.73420,  41.81892
 -81.73881,  41.84136
 -81.72988,  41.85353
 -81.71275,  41.84163
 -81.72013,  41.81907
 -81.72898,  41.80456
 -81.73420,  41.81892
END
 -15.00000, -81.78290,  41.97577
 -81.78331,  41.99825
 -81.77390,  42.02083
 -81.77415,  42.04331
 -81.76376,  42.04802
 -81.75988,  42.04346
 -81.75964,  42.02098
 -81.75612,  41.99854
 -81.75526,  41.97607
 -81.76206,  41.95847
 -81.78290,  41.97577
END
 -15.00000, -79.89629,  42.02580
 -79.89807,  42.04829
 -79.89497,  42.07076
 -79.89243,  42.09322
 -79.88652,  42.10088
 -79.85626,  42.09744
 -79.85319,  42.09301
 -79.85001,  42.07051
 -79.84705,  42.04801
 -79.84781,  42.02554
 -79.85716,  42.00979
 -79.88738,  42.01254
 -79.89629,  42.02580
END
 -15.00000, -81.49095,  42.04597
 -81.49131,  42.04709
 -81.52184,  42.06395
 -81.53013,  42.04565
 -81.52123,  42.02439
 -81.49128,  42.04544
 -81.49095,  42.04597
END
 -15.00000, -81.83459,  42.13257
 -81.83089,  42.15509
 -81.83481,  42.17753
 -81.83173,  42.20004
 -81.82761,  42.21266
 -81.82075,  42.20016
 -81.81519,  42.17775
 -81.82018,  42.15521
 -81.81420,  42.13279
 -81.82574,  42.11957
 -81.83459,  42.13257
END
 -15.00000, -81.68969,  42.13409
 -81.68909,  42.15657
 -81.69083,  42.17904
 -81.68652,  42.20155
 -81.67587,  42.21301
 -81.66296,  42.20178
 -81.65390,  42.17940
 -81.64899,  42.15696
 -81.64773,  42.13450
 -81.67413,  42.11444
 -81.68969,  42.13409
END
 -15.00000, -80.01851,  42.43096
 -80.00535,  42.45338
 -80.00489,  42.45351
 -79.97437,  42.46124
 -79.95952,  42.45317
 -79.95293,  42.43066
 -79.97479,  42.41053
 -80.00510,  42.42778
 -80.01851,  42.43096
END
 -15.00000, -81.67825,  42.67362
 -81.67547,  42.69612
 -81.68493,  42.71841
 -81.69389,  42.69595
 -81.69299,  42.67348
 -81.68394,  42.66361
 -81.67825,  42.67362
END
 -15.00000, -81.94060,  42.73820
 -81.93274,  42.76078
 -81.93089,  42.77586
 -81.92109,  42.76091
 -81.90606,  42.73861
 -81.92963,  42.71862
 -81.94060,  42.73820
END
 -15.00000, -81.77188,  42.82998
 -81.77888,  42.83098
 -81.78083,  42.82988
 -81.77863,  42.81764
 -81.77188,  42.82998
END
 -14.00000, -79.57330,  38.80899
 -79.59144,  38.83162
 -79.59948,  38.84742
 -79.60397,  38.85418
 -79.62798,  38.87410
 -79.63260,  38.87689
 -79.65660,  38.89269
 -79.68545,  38.89497
 -79.71442,  38.88668
 -79.74332,  38.88313
 -79.77223,  38.87963
 -79.80090,  38.89749
 -79.80333,  38.90057
 -79.80964,  38.92309
 -79.82038,  38.94563
 -79.82924,  38.95042
 -79.85801,  38.96359
 -79.87019,  38.96840
 -79.88046,  38.99092
 -79.88661,  38.99540
 -79.88995,  38.99098
 -79.89137,  38.96852
 -79.89634,  38.94608
 -79.90668,  38.92366
 -79.91620,  38.91941
 -79.92399,  38.92375
 -79.93905,  38.94631
 -79.94477,  38.95539
 -79.95251,  38.96885
 -79.97339,  38.99023
 -79.97405,  38.99142
 -79.97337,  38.99274
 -79.95670,  39.01381
 -79.96020,  39.03630
 -79.97291,  39.04966
 -79.99979,  39.05896
 -80.00177,  39.05946
 -80.03065,  39.06741
 -80.04998,  39.08165
 -80.05936,  39.10223
 -80.06168,  39.10417
 -80.08819,  39.12298
 -80.09093,  39.12676
 -80.09555,  39.14925
 -80.09790,  39.17173
 -80.10668,  39.19424
 -80.11670,  39.19922
 -80.14115,  39.19436
 -80.14574,  39.19079
 -80.16911,  39.17198
 -80.17485,  39.16925
 -80.18983,  39.17204
 -80.20380,  39.17866
 -80.23264,  39.19463
 -80.23272,  39.19466
 -80.25681,  39.21716
 -80.26160,  39.22627
 -80.29057,  39.23596
 -80.31959,  39.23516
 -80.32381,  39.23978
 -80.33704,  39.26228
 -80.34323,  39.28476
 -80.34847,  39.28554
 -80.37751,  39.28610
 -80.40652,  39.29844
 -80.42744,  39.30733
 -80.43555,  39.31076
 -80.45636,  39.32983
 -80.46457,  39.34943
 -80.46729,  39.35231
 -80.49326,  39.37479
 -80.49362,  39.37537
 -80.50483,  39.39727
 -80.52270,  39.41375
 -80.52798,  39.41975
 -80.53635,  39.44222
 -80.55180,  39.45540
 -80.56006,  39.46469
 -80.57414,  39.48716
 -80.57936,  39.50964
 -80.58096,  39.51233
 -80.59273,  39.53211
 -80.61014,  39.54802
 -80.62340,  39.55456
 -80.63931,  39.56163
 -80.65553,  39.57700
 -80.66741,  39.59947
 -80.66856,  39.60038
 -80.69420,  39.62191
 -80.69780,  39.62962
 -80.70476,  39.64437
 -80.71018,  39.66683
 -80.71441,  39.68930
 -80.71719,  39.71178
 -80.72703,  39.73424
 -80.72243,  39.75673
 -80.72436,  39.77920
 -80.72323,  39.80168
 -80.72613,  39.82416
 -80.72758,  39.84663
 -80.72765,  39.84700
 -80.73254,  39.86911
 -80.74086,  39.89157
 -80.75713,  39.90734
 -80.76643,  39.91399
 -80.78654,  39.93127
 -80.79041,  39.93642
 -80.79043,  39.95890
 -80.81606,  39.97797
 -80.81992,  39.98130
 -80.82725,  40.00377
 -80.83100,  40.02624
 -80.84566,  40.03609
 -80.85854,  40.04865
 -80.87516,  40.06126
 -80.90017,  40.07100
 -80.90469,  40.08881
 -80.90701,  40.09345
 -80.90475,  40.09790
 -80.89040,  40.11599
 -80.87550,  40.12561
 -80.87385,  40.13852
 -80.87559,  40.14236
 -80.90501,  40.14545
 -80.93451,  40.15972
 -80.94987,  40.16074
 -80.96394,  40.16221
 -80.99335,  40.16162
 -81.02280,  40.16564
 -81.03897,  40.18285
 -81.04546,  40.20531
 -81.05219,  40.22776
 -81.05274,  40.23058
 -81.05820,  40.25021
 -81.05544,  40.27270
 -81.05992,  40.29516
 -81.07569,  40.31757
 -81.08299,  40.32680
 -81.09074,  40.33998
 -81.10004,  40.36242
 -81.10284,  40.38488
 -81.10754,  40.40734
 -81.10484,  40.42984
 -81.10686,  40.45231
 -81.10726,  40.47479
 -81.10569,  40.49728
 -81.10238,  40.51978
 -81.09928,  40.54228
 -81.09040,  40.56480
 -81.08518,  40.58717
 -81.08507,  40.58732
 -81.08507,  40.60979
 -81.08538,  40.61031
 -81.09633,  40.63223
 -81.10507,  40.65466
 -81.11551,  40.66777
 -81.12988,  40.67702
 -81.13396,  40.69948
 -81.13033,  40.72198
 -81.12460,  40.74450
 -81.12384,  40.76698
 -81.11645,  40.77299
 -81.11211,  40.78952
 -81.11668,  40.79888
 -81.14400,  40.81184
 -81.14654,  40.81572
 -81.17632,  40.82418
 -81.18402,  40.81162
 -81.19926,  40.78905
 -81.20129,  40.76655
 -81.19592,  40.74410
 -81.18543,  40.72168
 -81.17950,  40.69923
 -81.17975,  40.67675
 -81.17475,  40.66377
 -81.15948,  40.65438
 -81.16367,  40.63187
 -81.16109,  40.60940
 -81.15841,  40.58694
 -81.16915,  40.56439
 -81.16912,  40.54191
 -81.17351,  40.53721
 -81.17662,  40.54187
 -81.17753,  40.56434
 -81.19076,  40.58675
 -81.20281,  40.60916
 -81.20383,  40.60976
 -81.23361,  40.62523
 -81.23795,  40.63144
 -81.24677,  40.65386
 -81.25509,  40.67630
 -81.25586,  40.69877
 -81.25066,  40.72129
 -81.24496,  40.74380
 -81.24638,  40.76628
 -81.25287,  40.78872
 -81.26527,  40.80661
 -81.26701,  40.81111
 -81.26813,  40.83359
 -81.28879,  40.85594
 -81.29562,  40.86264
 -81.30576,  40.87831
 -81.30383,  40.90081
 -81.29623,  40.91504
 -81.27692,  40.92347
 -81.26665,  40.92973
 -81.25998,  40.92358
 -81.23663,  40.90539
 -81.22311,  40.90132
 -81.20661,  40.87990
 -81.19107,  40.90151
 -81.19960,  40.92395
 -81.20074,  40.94643
 -81.20455,  40.96888
 -81.20496,  40.99136
 -81.20786,  41.00011
 -81.21252,  41.01380
 -81.20811,  41.02467
 -81.20634,  41.03632
 -81.20841,  41.05369
 -81.21025,  41.05878
 -81.20848,  41.06019
 -81.20175,  41.08131
 -81.20890,  41.10113
 -81.21222,  41.10373
 -81.22257,  41.12616
 -81.22724,  41.14861
 -81.23060,  41.17107
 -81.23504,  41.19353
 -81.23988,  41.20664
 -81.24535,  41.21595
 -81.25957,  41.23834
 -81.27035,  41.25753
 -81.27152,  41.26075
 -81.27047,  41.26856
 -81.26841,  41.28325
 -81.26678,  41.30574
 -81.25365,  41.32830
 -81.25724,  41.35077
 -81.27157,  41.36518
 -81.27963,  41.37311
 -81.28400,  41.39556
 -81.29155,  41.41799
 -81.29191,  41.44047
 -81.28898,  41.46297
 -81.27721,  41.48553
 -81.27309,  41.49799
 -81.26920,  41.50806
 -81.27335,  41.52135
 -81.27599,  41.53050
 -81.27438,  41.55299
 -81.30402,  41.57501
 -81.30619,  41.57527
 -81.33424,  41.58910
 -81.33625,  41.59754
 -81.33443,  41.60454
 -81.32497,  41.62010
 -81.31915,  41.64262
 -81.30501,  41.65795
 -81.29836,  41.66525
 -81.28477,  41.68781
 -81.27840,  41.71033
 -81.28360,  41.73278
 -81.28659,  41.75524
 -81.29758,  41.77765
 -81.29745,  41.80013
 -81.29198,  41.82265
 -81.29735,  41.84509
 -81.30729,  41.86751
 -81.30546,  41.89000
 -81.30796,  41.90360
 -81.31247,  41.91243
 -81.30817,  41.92086
 -81.30438,  41.93496
 -81.30848,  41.94686
 -81.31526,  41.95737
 -81.31380,  41.97986
 -81.33118,  42.00222
 -81.33950,  42.01030
 -81.35091,  42.02456
 -81.35544,  42.04701
 -81.36184,  42.06944
 -81.36092,  42.09193
 -81.35596,  42.11444
 -81.35431,  42.13693
 -81.36324,  42.15934
 -81.36680,  42.18179
 -81.37223,  42.20031
 -81.37443,  42.20422
 -81.37234,  42.20889
 -81.36860,  42.22673
 -81.36733,  42.24922
 -81.37011,  42.27167
 -81.37255,  42.29413
 -81.37347,  42.29539
 -81.40398,  42.30414
 -81.41438,  42.31631
 -81.42656,  42.33869
 -81.43507,  42.35354
 -81.44103,  42.36106
 -81.45914,  42.38339
 -81.46606,  42.39309
 -81.47527,  42.40573
 -81.48160,  42.42816
 -81.48821,  42.45058
 -81.49080,  42.47303
 -81.49546,  42.49547
 -81.49812,  42.50113
 -81.51020,  42.51782
 -81.52913,  42.53506
 -81.53280,  42.54010
 -81.53638,  42.56254
 -81.54603,  42.58494
 -81.55159,  42.60736
 -81.55376,  42.62982
 -81.55657,  42.65227
 -81.55484,  42.67476
 -81.55732,  42.69721
 -81.56232,  42.70282
 -81.57800,  42.71950
 -81.58623,  42.74189
 -81.58561,  42.76437
 -81.59430,  42.78620
 -81.59461,  42.78676
 -81.59568,  42.80923
 -81.60316,  42.83163
 -81.61857,  42.85395
 -81.62616,  42.85859
 -81.64127,  42.87622
 -81.64462,  42.89865
 -81.64780,  42.92109
 -81.64805,  42.94356
 -81.64735,  42.96603
 -81.64555,  42.98852
 -81.64393,  43.01101
 -81.64370,  43.03347
 -81.64260,  43.05595
 -81.64413,  43.07841
 -81.64316,  43.10088
 -81.64208,  43.12336
 -81.64024,  43.14584
 -81.63138,  43.16115
 -81.62269,  43.16847
 -81.61133,  43.19104
 -81.60408,  43.21357
 -81.60159,  43.22088
 -81.59426,  43.23612
 -81.59362,  43.25859
 -81.58528,  43.28112
 -81.57853,  43.30365
 -81.57222,  43.30978
 -81.54213,  43.32642
 -81.54163,  43.32664
 -81.51090,  43.33680
 -81.49588,  43.34927
 -81.48029,  43.35429
 -81.45557,  43.37205
 -81.44974,  43.37822
 -81.43382,  43.39468
 -81.42677,  43.41719
 -81.41966,  43.43654
 -81.41759,  43.43972
 -81.41281,  43.46221
 -81.40114,  43.48476
 -81.38956,  43.49714
 -81.36863,  43.50745
 -81.35880,  43.51234
 -81.32791,  43.51924
 -81.30105,  43.53036
 -81.29709,  43.53146
 -81.26613,  43.53288
 -81.23529,  43.54519
 -81.20439,  43.55317
 -81.20381,  43.55341
 -81.17349,  43.56171
 -81.14253,  43.56474
 -81.11154,  43.56433
 -81.08054,  43.56324
 -81.05067,  43.55417
 -81.04947,  43.55364
 -81.01835,  43.53719
 -81.00948,  43.53188
 -80.99000,  43.50951
 -80.98707,  43.49609
 -80.98390,  43.48707
 -80.96667,  43.46468
 -80.96391,  43.44223
 -80.95568,  43.43245
 -80.94270,  43.41984
 -80.92455,  43.40003
 -80.92197,  43.39746
 -80.89359,  43.39210
 -80.86694,  43.37516
 -80.86258,  43.37358
 -80.83710,  43.35279
 -80.83147,  43.33080
 -80.83120,  43.33034
 -80.81286,  43.30793
 -80.80939,  43.28547
 -80.80506,  43.26302
 -80.80215,  43.24057
 -80.80019,  43.23641
 -80.79338,  43.21812
 -80.77614,  43.19570
 -80.76917,  43.18806
 -80.73831,  43.17536
 -80.72876,  43.17332
 -80.70750,  43.17075
 -80.67669,  43.16826
 -80.64587,  43.15349
 -80.64188,  43.15098
 -80.62009,  43.12854
 -80.61501,  43.11547
 -80.60851,  43.10608
 -80.59849,  43.08363
 -80.59425,  43.06116
 -80.59434,  43.03869
 -80.58415,  43.01912
 -80.58035,  43.01624
 -80.56343,  42.99378
 -80.55341,  42.98958
 -80.52789,  42.97132
 -80.52270,  42.96957
 -80.50742,  42.97132
 -80.49199,  42.97551
 -80.48187,  42.97131
 -80.46129,  42.96558
 -80.43887,  42.94883
 -80.43148,  42.92635
 -80.43065,  42.92487
 -80.41171,  42.90387
 -80.40382,  42.88139
 -80.40007,  42.86797
 -80.39846,  42.85892
 -80.39183,  42.83644
 -80.38828,  42.81397
 -80.37654,  42.79148
 -80.37001,  42.76900
 -80.36965,  42.76876
 -80.34628,  42.74650
 -80.34538,  42.72404
 -80.35636,  42.70158
 -80.35759,  42.67911
 -80.35034,  42.65663
 -80.33942,  42.63759
 -80.33719,  42.63414
 -80.32415,  42.61164
 -80.31416,  42.58915
 -80.30906,  42.58053
 -80.30235,  42.56666
 -80.28883,  42.54416
 -80.28481,  42.52168
 -80.27884,  42.50188
 -80.27686,  42.49920
 -80.27695,  42.47672
 -80.26711,  42.45423
 -80.24860,  42.44319
 -80.21818,  42.43778
 -80.21178,  42.43162
 -80.18786,  42.41233
 -80.18397,  42.40907
 -80.16174,  42.38653
 -80.17593,  42.36411
 -80.18819,  42.34695
 -80.19207,  42.34167
 -80.19140,  42.31920
 -80.19178,  42.29672
 -80.19224,  42.27425
 -80.19442,  42.25178
 -80.21913,  42.23506
 -80.22031,  42.22937
 -80.22567,  42.20691
 -80.22793,  42.18444
 -80.21945,  42.16661
 -80.20017,  42.16189
 -80.19254,  42.13939
 -80.19027,  42.11691
 -80.19695,  42.09445
 -80.19814,  42.07198
 -80.19915,  42.04950
 -80.19740,  42.02702
 -80.19073,  42.00453
 -80.19174,  41.98204
 -80.19011,  41.97424
 -80.18285,  41.95955
 -80.18049,  41.93706
 -80.18227,  41.91459
 -80.18934,  41.89213
 -80.17089,  41.86960
 -80.16049,  41.86279
 -80.14558,  41.84704
 -80.14243,  41.82455
 -80.14644,  41.80208
 -80.14825,  41.77961
 -80.15486,  41.75715
 -80.15840,  41.73468
 -80.16126,  41.72399
 -80.16463,  41.71222
 -80.16139,  41.70143
 -80.15868,  41.68972
 -80.16150,  41.68103
 -80.17244,  41.66729
 -80.17532,  41.64481
 -80.18773,  41.62237
 -80.19198,  41.60573
 -80.22198,  41.61811
 -80.24636,  41.60004
 -80.25146,  41.57758
 -80.25161,  41.55510
 -80.24816,  41.53260
 -80.24998,  41.51012
 -80.24463,  41.48764
 -80.24714,  41.46516
 -80.24423,  41.44267
 -80.24214,  41.42019
 -80.22298,  41.40127
 -80.22047,  41.39765
 -80.22155,  41.37517
 -80.22311,  41.37357
 -80.25308,  41.37010
 -80.25932,  41.35278
 -80.26311,  41.33031
 -80.25328,  41.32203
 -80.24495,  41.30779
 -80.23941,  41.28529
 -80.23854,  41.26281
 -80.24306,  41.24034
 -80.24872,  41.21787
 -80.24976,  41.19539
 -80.24178,  41.17289
 -80.22405,  41.16569
 -80.20629,  41.15031
 -80.20231,  41.12782
 -80.21764,  41.10538
 -80.22433,  41.10270
 -80.23455,  41.08294
 -80.22451,  41.06370
 -80.21152,  41.06040
 -80.22459,  41.04531
 -80.22548,  41.03795
 -80.22465,  41.03305
 -80.21329,  41.01544
 -80.22475,  41.01147
 -80.23309,  40.99301
 -80.23051,  40.97052
 -80.22501,  40.95194
 -80.21734,  40.94800
 -80.21194,  40.92551
 -80.20722,  40.90301
 -80.21046,  40.88054
 -80.20477,  40.85804
 -80.20041,  40.83554
 -80.19586,  40.82755
 -80.18929,  40.81303
 -80.16631,  40.79906
 -80.16091,  40.79046
 -80.16594,  40.76799
 -80.16649,  40.76509
 -80.18486,  40.74557
 -80.19630,  40.73750
 -80.20627,  40.72315
 -80.20554,  40.70066
 -80.20599,  40.67818
 -80.19670,  40.65695
 -80.19608,  40.65567
 -80.18678,  40.63317
 -80.16727,  40.61768
 -80.14941,  40.61056
 -80.14219,  40.58806
 -80.13792,  40.57245
 -80.12976,  40.56553
 -80.10843,  40.55476
 -80.09943,  40.54294
 -80.09757,  40.52045
 -80.09704,  40.49797
 -80.10723,  40.47553
 -80.10893,  40.47475
 -80.13849,  40.47332
 -80.14391,  40.47565
 -80.15199,  40.49817
 -80.14927,  40.52063
 -80.15038,  40.54312
 -80.16762,  40.55394
 -80.19522,  40.54325
 -80.19730,  40.53601
 -80.20205,  40.52079
 -80.19746,  40.50074
 -80.19612,  40.49829
 -80.19173,  40.47580
 -80.19056,  40.45331
 -80.16824,  40.43639
 -80.16742,  40.43077
 -80.16828,  40.42902
 -80.19127,  40.40835
 -80.17593,  40.38583
 -80.16856,  40.37567
 -80.16020,  40.36329
 -80.14731,  40.34077
 -80.13934,  40.32621
 -80.12842,  40.31823
 -80.11001,  40.30040
 -80.09848,  40.29564
 -80.08064,  40.28312
 -80.05113,  40.28952
 -80.04435,  40.29542
 -80.02147,  40.31439
 -80.01014,  40.29528
 -80.01508,  40.27282
 -80.02180,  40.26937
 -80.03545,  40.25043
 -80.03203,  40.22793
 -80.02218,  40.22020
 -79.99917,  40.22778
 -79.99260,  40.23748
 -79.96307,  40.24646
 -79.94834,  40.22754
 -79.93383,  40.22211
 -79.92088,  40.22740
 -79.92046,  40.24988
 -79.93352,  40.25795
 -79.94587,  40.27249
 -79.94635,  40.29497
 -79.93302,  40.31350
 -79.90359,  40.30843
 -79.87417,  40.30173
 -79.86491,  40.29454
 -79.85530,  40.27200
 -79.84521,  40.25007
 -79.84495,  40.24946
 -79.84129,  40.22696
 -79.84512,  40.20450
 -79.84127,  40.18200
 -79.81666,  40.16493
 -79.80919,  40.15931
 -79.79699,  40.13676
 -79.79691,  40.11428
 -79.80125,  40.09182
 -79.79481,  40.06930
 -79.78842,  40.05758
 -79.77747,  40.04671
 -79.76355,  40.02414
 -79.75947,  40.02034
 -79.74721,  40.00155
 -79.74266,  39.97903
 -79.73083,  39.95929
 -79.71516,  39.95636
 -79.70158,  39.95259
 -79.68317,  39.95613
 -79.67220,  39.95796
 -79.66936,  39.95603
 -79.65282,  39.93342
 -79.64339,  39.91829
 -79.63326,  39.91079
 -79.61431,  39.90044
 -79.59082,  39.88798
 -79.58524,  39.88427
 -79.55613,  39.87121
 -79.54878,  39.86515
 -79.54007,  39.84259
 -79.53726,  39.82008
 -79.54072,  39.79763
 -79.53930,  39.77514
 -79.53166,  39.75260
 -79.53231,  39.73012
 -79.52906,  39.72075
 -79.50957,  39.72992
 -79.51859,  39.75248
 -79.50797,  39.77486
 -79.50225,  39.79729
 -79.49857,  39.80393
 -79.46908,  39.81841
 -79.46436,  39.81943
 -79.44590,  39.84174
 -79.43927,  39.85210
 -79.40996,  39.85379
 -79.40118,  39.84131
 -79.39740,  39.81879
 -79.38155,  39.80219
 -79.37402,  39.79607
 -79.35275,  39.77557
 -79.35110,  39.77336
 -79.32378,  39.75980
 -79.30952,  39.75045
 -79.30732,  39.72794
 -79.32466,  39.71053
 -79.35204,  39.70593
 -79.35397,  39.70541
 -79.38324,  39.70258
 -79.38943,  39.68383
 -79.39137,  39.66137
 -79.39536,  39.63892
 -79.39435,  39.61644
 -79.38496,  39.60044
 -79.36762,  39.59369
 -79.36968,  39.57123
 -79.38571,  39.55576
 -79.38744,  39.54893
 -79.38647,  39.52645
 -79.38622,  39.52571
 -79.36774,  39.50378
 -79.36282,  39.48125
 -79.38437,  39.45900
 -79.38739,  39.45596
 -79.41671,  39.44325
 -79.44587,  39.44014
 -79.45621,  39.43721
 -79.44596,  39.43439
 -79.43823,  39.41456
 -79.43708,  39.39207
 -79.43453,  39.36958
 -79.43580,  39.34711
 -79.43300,  39.32461
 -79.42768,  39.30208
 -79.42487,  39.27958
 -79.41949,  39.27309
 -79.39248,  39.25678
 -79.39082,  39.25112
 -79.38222,  39.23420
 -79.38631,  39.21177
 -79.39159,  39.20479
 -79.42077,  39.19389
 -79.44974,  39.19621
 -79.47856,  39.20732
 -79.49374,  39.19032
 -79.49171,  39.16783
 -79.47976,  39.14524
 -79.48540,  39.12282
 -79.50891,  39.11724
 -79.53793,  39.11424
 -79.56068,  39.10101
 -79.56546,  39.07858
 -79.56741,  39.07695
 -79.58888,  39.05630
 -79.58693,  39.03382
 -79.56830,  39.01385
 -79.55608,  39.01109
 -79.54007,  38.98847
 -79.53975,  38.98774
 -79.52404,  38.96586
 -79.52684,  38.94342
 -79.52209,  38.92090
 -79.51204,  38.90695
 -79.48328,  38.89906
 -79.45432,  38.90503
 -79.45052,  38.92024
 -79.44520,  38.94267
 -79.42464,  38.95466
 -79.39937,  38.96469
 -79.39842,  38.98715
 -79.40215,  39.00966
 -79.41336,  39.03225
 -79.40960,  39.05468
 -79.40607,  39.07711
 -79.39865,  39.09952
 -79.39301,  39.12193
 -79.39296,  39.12236
 -79.38847,  39.14436
 -79.36340,  39.15699
 -79.35463,  39.14402
 -79.35460,  39.12154
 -79.35426,  39.09907
 -79.35178,  39.07656
 -79.34303,  39.05400
 -79.33892,  39.03149
 -79.33666,  39.02850
 -79.30805,  39.01051
 -79.30661,  39.00867
 -79.29633,  38.98608
 -79.29371,  38.96359
 -79.29179,  38.94110
 -79.29326,  38.91863
 -79.30963,  38.89634
 -79.31010,  38.89532
 -79.33930,  38.87648
 -79.34330,  38.87423
 -79.36844,  38.86057
 -79.38882,  38.87469
 -79.39697,  38.88084
 -79.41644,  38.89744
 -79.42554,  38.89899
 -79.44028,  38.89767
 -79.44573,  38.87526
 -79.44548,  38.85278
 -79.45116,  38.83036
 -79.45554,  38.82689
 -79.48459,  38.81336
 -79.51237,  38.80846
 -79.51350,  38.80819
 -79.54240,  38.80340
 -79.57118,  38.80753
 -79.57330,  38.80899
END
 -14.00000, -79.36478,  38.91939
 -79.36359,  38.94186
 -79.36701,  38.94487
 -79.37873,  38.94201
 -79.37321,  38.91948
 -79.36756,  38.91249
 -79.36478,  38.91939
END
 -14.00000, -78.99200,  38.93742
 -78.99124,  38.95095
 -78.98965,  38.95986
 -78.99101,  38.96113
 -78.99831,  38.98245
 -78.99018,  38.99837
 -78.96129,  38.99704
 -78.95304,  38.98183
 -78.94751,  38.95928
 -78.93369,  38.94059
 -78.92966,  38.93656
 -78.93393,  38.93023
 -78.96318,  38.91463
 -78.99158,  38.93629
 -78.99200,  38.93742
END
 -14.00000, -80.13428,  38.99208
 -80.14676,  39.00822
 -80.15509,  39.01463
 -80.17561,  39.01975
 -80.18896,  39.03720
 -80.17542,  39.05796
 -80.14655,  39.04628
 -80.11764,  39.04231
 -80.11362,  39.03696
 -80.11737,  39.01450
 -80.10779,  38.99199
 -80.11803,  38.97715
 -80.13428,  38.99208
END
 -14.00000, -80.26817,  39.03741
 -80.26231,  39.04058
 -80.26095,  39.03740
 -80.26233,  39.03437
 -80.26817,  39.03741
END
 -14.00000, -79.22929,  39.03028
 -79.22094,  39.05266
 -79.24911,  39.06935
 -79.27815,  39.06424
 -79.29128,  39.07592
 -79.29115,  39.09840
 -79.27718,  39.11744
 -79.24852,  39.10076
 -79.24714,  39.09791
 -79.24564,  39.07541
 -79.22048,  39.05279
 -79.22032,  39.05265
 -79.21371,  39.03010
 -79.22102,  39.02447
 -79.22929,  39.03028
END
 -14.00000, -80.33729,  39.08249
 -80.32343,  39.10494
 -80.31998,  39.10649
 -80.31734,  39.10493
 -80.30668,  39.08243
 -80.32008,  39.07109
 -80.33729,  39.08249
END
 -14.00000, -80.24358,  39.08229
 -80.23789,  39.10476
 -80.23308,  39.11018
 -80.22163,  39.10471
 -80.20419,  39.09370
 -80.19869,  39.08218
 -80.20429,  39.07333
 -80.23325,  39.07053
 -80.24358,  39.08229
END
 -14.00000, -79.75826,  39.08005
 -79.76157,  39.10255
 -79.76971,  39.10762
 -79.77582,  39.10264
 -79.77713,  39.08018
 -79.77010,  39.07316
 -79.75826,  39.08005
END
 -14.00000, -79.61588,  39.07900
 -79.62520,  39.08549
 -79.62589,  39.07907
 -79.62529,  39.07842
 -79.61588,  39.07900
END
 -14.00000, -79.60514,  39.12386
 -79.61691,  39.14642
 -79.62436,  39.14896
 -79.62702,  39.14651
 -79.62608,  39.12403
 -79.62479,  39.11593
 -79.60514,  39.12386
END
 -14.00000, -79.81049,  39.14781
 -79.80680,  39.17027
 -79.81086,  39.19276
 -79.82668,  39.20155
 -79.84152,  39.19295
 -79.83556,  39.17044
 -79.82928,  39.14793
 -79.82738,  39.13257
 -79.81049,  39.14781
END
 -14.00000, -80.41222,  39.19495
 -80.40667,  39.21351
 -80.40173,  39.19494
 -80.40671,  39.19129
 -80.41222,  39.19495
END
 -14.00000, -79.96868,  39.23859
 -79.97136,  39.24084
 -79.97427,  39.23862
 -79.97140,  39.23633
 -79.96868,  39.23859
END
 -14.00000, -79.87416,  39.28304
 -79.88390,  39.28474
 -79.88497,  39.28310
 -79.88393,  39.28025
 -79.87416,  39.28304
END
 -14.00000, -79.28052,  39.32304
 -79.28241,  39.34553
 -79.27290,  39.34995
 -79.26885,  39.34538
 -79.27147,  39.32294
 -79.27342,  39.32164
 -79.28052,  39.32304
END
 -14.00000, -79.01517,  39.38725
 -79.01043,  39.38873
 -79.00916,  39.38717
 -79.01051,  39.38485
 -79.01517,  39.38725
END
 -14.00000, -79.45507,  39.45968
 -79.45393,  39.48214
 -79.46479,  39.50472
 -79.47386,  39.51146
 -79.49532,  39.52748
 -79.50251,  39.54383
 -79.50787,  39.55008
 -79.53143,  39.55951
 -79.56048,  39.56745
 -79.57165,  39.55063
 -79.57091,  39.52814
 -79.56124,  39.51362
 -79.54456,  39.50544
 -79.53241,  39.49261
 -79.51870,  39.48273
 -79.50365,  39.46864
 -79.49699,  39.46007
 -79.47497,  39.44011
 -79.45507,  39.45968
END
 -14.00000, -79.18599,  39.47931
 -79.18283,  39.49480
 -79.17179,  39.47914
 -79.18324,  39.47417
 -79.18599,  39.47931
END
 -14.00000, -79.39588,  39.59398
 -79.41415,  39.59995
 -79.43497,  39.59436
 -79.41460,  39.57214
 -79.39588,  39.59398
END
 -14.00000, -79.46075,  39.61708
 -79.45666,  39.63951
 -79.46696,  39.66209
 -79.47137,  39.67235
 -79.47816,  39.66220
 -79.48639,  39.63979
 -79.47884,  39.61724
 -79.47234,  39.60980
 -79.46075,  39.61708
END
 -14.00000, -79.49409,  39.68482
 -79.49899,  39.70735
 -79.50000,  39.70972
 -79.50123,  39.70737
 -79.52943,  39.69566
 -79.53168,  39.68515
 -79.52964,  39.68123
 -79.50041,  39.68289
 -79.49409,  39.68482
END
 -14.00000, -79.39500,  39.72884
 -79.39507,  39.75133
 -79.41129,  39.77369
 -79.43519,  39.75172
 -79.44102,  39.74280
 -79.44489,  39.72932
 -79.44137,  39.72180
 -79.41230,  39.71191
 -79.39500,  39.72884
END
 -14.00000, -79.86566,  40.02477
 -79.86457,  40.04725
 -79.87643,  40.06754
 -79.88307,  40.06983
 -79.90566,  40.08346
 -79.93499,  40.08989
 -79.93818,  40.09261
 -79.96429,  40.09945
 -79.96844,  40.09275
 -79.96520,  40.07026
 -79.96455,  40.06964
 -79.94791,  40.04769
 -79.94169,  40.02518
 -79.93561,  40.01902
 -79.90635,  40.00889
 -79.87699,  40.01000
 -79.86566,  40.02477
END
 -14.00000, -80.94006,  40.31814
 -80.93554,  40.32604
 -80.93274,  40.34066
 -80.93565,  40.34472
 -80.96524,  40.35779
 -80.98226,  40.34047
 -80.97464,  40.31801
 -80.96489,  40.30532
 -80.94006,  40.31814
END
 -14.00000, -79.99165,  40.38512
 -79.99142,  40.38539
 -79.96188,  40.38913
 -79.95954,  40.38497
 -79.96199,  40.37496
 -79.99143,  40.38374
 -79.99165,  40.38512
END
 -14.00000, -80.20692,  40.43088
 -80.22727,  40.44558
 -80.24096,  40.43097
 -80.22736,  40.42823
 -80.20692,  40.43088
END
 -14.00000, -81.02430,  40.56511
 -81.02215,  40.58760
 -81.02602,  40.59389
 -81.04598,  40.58750
 -81.03386,  40.56507
 -81.02573,  40.55494
 -81.02430,  40.56511
END
 -14.00000, -80.14745,  40.67801
 -80.14524,  40.70048
 -80.13714,  40.70784
 -80.11302,  40.70037
 -80.10754,  40.69710
 -80.10197,  40.67785
 -80.10774,  40.66550
 -80.13740,  40.66321
 -80.14745,  40.67801
END
 -14.00000, -81.17603,  40.87911
 -81.17692,  40.88438
 -81.20240,  40.87896
 -81.17683,  40.87523
 -81.17603,  40.87911
END
 -14.00000, -80.19107,  41.03786
 -80.16501,  41.04008
 -80.16418,  41.03778
 -80.16503,  41.03572
 -80.19107,  41.03786
END
 -14.00000, -81.28036,  41.08083
 -81.27158,  41.10337
 -81.26863,  41.10621
 -81.26505,  41.10341
 -81.25812,  41.08097
 -81.26821,  41.06861
 -81.28036,  41.08083
END
 -14.00000, -80.25960,  41.73495
 -80.28164,  41.75258
 -80.28815,  41.73501
 -80.28176,  41.71957
 -80.25960,  41.73495
END
 -14.00000, -80.27782,  41.77995
 -80.28152,  41.78302
 -80.28244,  41.77996
 -80.28156,  41.77171
 -80.27782,  41.77995
END
 -14.00000, -80.26664,  41.89232
 -80.28110,  41.89783
 -80.28466,  41.89236
 -80.28116,  41.88239
 -80.26664,  41.89232
END
 -14.00000, -80.27447,  42.43177
 -80.27908,  42.43686
 -80.27993,  42.43178
 -80.27911,  42.43096
 -80.27447,  42.43177
END
 -14.00000, -81.46911,  42.67547
 -81.47043,  42.69164
 -81.47726,  42.67540
 -81.47015,  42.67230
 -81.46911,  42.67547
END
 -13.00000, -80.99216,  42.54347
 -81.00341,  42.56589
 -81.00677,  42.58835
 -81.01112,  42.59613
 -81.02218,  42.61076
 -81.03118,  42.63319
 -81.04201,  42.64167
 -81.05449,  42.65557
 -81.06726,  42.67798
 -81.07014,  42.70044
 -81.07308,  42.70324
 -81.09042,  42.72282
 -81.09198,  42.74527
 -81.07363,  42.76733
 -81.04292,  42.75512
 -81.03735,  42.74552
 -81.01209,  42.72496
 -81.00961,  42.72317
 -80.98138,  42.70771
 -80.97726,  42.70083
 -80.97130,  42.67838
 -80.95689,  42.65597
 -80.95036,  42.64059
 -80.94800,  42.63352
 -80.95024,  42.62325
 -80.95429,  42.61102
 -80.95542,  42.58855
 -80.96418,  42.56604
 -80.96864,  42.54356
 -80.98008,  42.52460
 -80.99216,  42.54347
END
 -13.00000, -81.17390,  42.67744
 -81.17902,  42.69989
 -81.19557,  42.72036
 -81.20013,  42.72224
 -81.22631,  42.73412
 -81.22826,  42.74454
 -81.22645,  42.74678
 -81.19585,  42.74730
 -81.16525,  42.74664
 -81.16471,  42.74490
 -81.16509,  42.73126
 -81.17849,  42.72236
 -81.16499,  42.72070
 -81.15930,  42.70000
 -81.15710,  42.67754
 -81.16446,  42.66773
 -81.17390,  42.67744
END
 -13.00000, -80.83315,  42.67882
 -80.82840,  42.68996
 -80.82147,  42.67885
 -80.82832,  42.67319
 -80.83315,  42.67882
END
END
