 -15.00000, -78.95861,  37.63408
 -78.96352,  37.63752
 -78.96928,  37.65668
 -78.97512,  37.67921
 -78.99056,  37.69681
 -78.99311,  37.70192
 -79.01060,  37.72461
 -79.01801,  37.73975
 -79.01947,  37.74718
 -79.03094,  37.76980
 -79.03424,  37.79229
 -79.03618,  37.81477
 -79.03733,  37.83724
 -79.03686,  37.85969
 -79.03835,  37.88216
 -79.03604,  37.90459
 -79.03667,  37.92706
 -79.03786,  37.94953
 -79.04080,  37.97202
 -79.04137,  37.97483
 -79.04456,  37.99453
 -79.04054,  38.01364
 -79.03960,  38.01693
 -79.04036,  38.02193
 -79.04180,  38.03941
 -79.03971,  38.05205
 -79.03718,  38.06181
 -79.03936,  38.06842
 -79.04253,  38.08434
 -79.03857,  38.10530
 -79.03811,  38.10674
 -79.03851,  38.10830
 -79.04156,  38.12925
 -79.03764,  38.14843
 -79.03664,  38.15164
 -79.03745,  38.15692
 -79.03831,  38.17413
 -79.03775,  38.19658
 -79.03635,  38.20848
 -79.03393,  38.21899
 -79.03601,  38.22386
 -79.03889,  38.24152
 -79.03618,  38.26395
 -79.04234,  38.28650
 -79.04121,  38.30894
 -79.04550,  38.33147
 -79.05386,  38.35404
 -79.06166,  38.36255
 -79.09010,  38.37241
 -79.11879,  38.37078
 -79.14507,  38.37767
 -79.14728,  38.37912
 -79.15239,  38.37776
 -79.17601,  38.37535
 -79.17923,  38.37809
 -79.17907,  38.40054
 -79.18285,  38.42306
 -79.18472,  38.44555
 -79.18488,  38.46801
 -79.18899,  38.49052
 -79.19161,  38.51302
 -79.19464,  38.53553
 -79.20143,  38.54321
 -79.22881,  38.55839
 -79.22987,  38.55882
 -79.25729,  38.55872
 -79.25860,  38.55871
 -79.28561,  38.55904
 -79.28732,  38.55906
 -79.31605,  38.55949
 -79.32378,  38.55945
 -79.34479,  38.55913
 -79.35053,  38.55973
 -79.37348,  38.56126
 -79.40218,  38.56288
 -79.43089,  38.56491
 -79.45952,  38.57140
 -79.48820,  38.57495
 -79.51695,  38.57405
 -79.54557,  38.58242
 -79.57438,  38.57726
 -79.58975,  38.58445
 -79.60283,  38.59882
 -79.61047,  38.60709
 -79.62668,  38.62969
 -79.62527,  38.65215
 -79.63080,  38.65828
 -79.63628,  38.67469
 -79.63866,  38.69718
 -79.64389,  38.71969
 -79.65073,  38.74221
 -79.65843,  38.74871
 -79.68713,  38.75803
 -79.71590,  38.76128
 -79.74471,  38.76223
 -79.77354,  38.75989
 -79.80237,  38.75910
 -79.83118,  38.75963
 -79.85995,  38.76366
 -79.88268,  38.76624
 -79.88873,  38.76715
 -79.90652,  38.76637
 -79.91756,  38.76606
 -79.92162,  38.76645
 -79.94634,  38.77011
 -79.97228,  38.76671
 -79.97519,  38.76647
 -79.97742,  38.76674
 -80.00397,  38.77196
 -80.03277,  38.77378
 -80.06053,  38.78959
 -80.06148,  38.79024
 -80.09025,  38.79913
 -80.10166,  38.81221
 -80.10608,  38.83469
 -80.11179,  38.85718
 -80.11040,  38.87965
 -80.11437,  38.90213
 -80.10831,  38.92458
 -80.10555,  38.94705
 -80.08920,  38.96402
 -80.06030,  38.96507
 -80.04118,  38.94679
 -80.03754,  38.92430
 -80.03176,  38.91405
 -80.00426,  38.90168
 -80.00298,  38.90063
 -79.97440,  38.87907
 -79.97429,  38.87891
 -79.97413,  38.87907
 -79.94527,  38.89597
 -79.93911,  38.90136
 -79.91628,  38.91101
 -79.90572,  38.92365
 -79.90874,  38.94615
 -79.91591,  38.95227
 -79.94365,  38.96880
 -79.94465,  38.97008
 -79.95728,  38.99134
 -79.96323,  39.01384
 -79.96590,  39.03632
 -79.97292,  39.04797
 -79.98250,  39.03640
 -79.99152,  39.01398
 -80.00219,  39.00522
 -80.03113,  39.00207
 -80.05151,  39.01424
 -80.05722,  39.03674
 -80.05977,  39.04197
 -80.07841,  39.05929
 -80.08848,  39.07789
 -80.09141,  39.08181
 -80.11729,  39.10095
 -80.12557,  39.08194
 -80.12954,  39.05948
 -80.14659,  39.03862
 -80.17551,  39.04167
 -80.20442,  39.04421
 -80.21668,  39.05975
 -80.21931,  39.08223
 -80.23315,  39.09337
 -80.25897,  39.10480
 -80.26108,  39.12728
 -80.26196,  39.13017
 -80.29094,  39.12754
 -80.29106,  39.12735
 -80.30775,  39.10491
 -80.31999,  39.09972
 -80.34897,  39.09290
 -80.37792,  39.09416
 -80.38499,  39.08255
 -80.38965,  39.06009
 -80.40695,  39.04817
 -80.43589,  39.04565
 -80.46482,  39.05321
 -80.47928,  39.06016
 -80.49374,  39.07538
 -80.49831,  39.08264
 -80.51984,  39.10511
 -80.52270,  39.10762
 -80.54160,  39.12758
 -80.55167,  39.14977
 -80.55185,  39.15005
 -80.55779,  39.17253
 -80.55697,  39.19500
 -80.55196,  39.21747
 -80.55170,  39.21785
 -80.53762,  39.23995
 -80.52270,  39.25310
 -80.50777,  39.23995
 -80.49368,  39.21783
 -80.49334,  39.21747
 -80.48798,  39.19500
 -80.47476,  39.17252
 -80.46472,  39.16799
 -80.44086,  39.15002
 -80.43578,  39.13285
 -80.42520,  39.15001
 -80.42233,  39.17249
 -80.42271,  39.19496
 -80.43568,  39.20885
 -80.44719,  39.21745
 -80.45718,  39.23993
 -80.46465,  39.25115
 -80.48016,  39.26242
 -80.46463,  39.27812
 -80.46359,  39.28488
 -80.46462,  39.28725
 -80.49365,  39.29368
 -80.52270,  39.29686
 -80.55173,  39.29407
 -80.58078,  39.29995
 -80.59366,  39.30735
 -80.60494,  39.32982
 -80.60989,  39.34797
 -80.61317,  39.35228
 -80.60992,  39.37213
 -80.60978,  39.37476
 -80.60992,  39.37699
 -80.61382,  39.39724
 -80.61958,  39.41971
 -80.61024,  39.44218
 -80.62267,  39.46466
 -80.61149,  39.48714
 -80.63501,  39.50960
 -80.63924,  39.51831
 -80.64936,  39.53206
 -80.65732,  39.55453
 -80.65887,  39.57700
 -80.66317,  39.59947
 -80.66684,  39.62194
 -80.66703,  39.64442
 -80.66866,  39.64606
 -80.69784,  39.64518
 -80.72707,  39.65685
 -80.74463,  39.66677
 -80.75246,  39.68924
 -80.75642,  39.70312
 -80.76180,  39.71169
 -80.75649,  39.72306
 -80.75499,  39.73419
 -80.75655,  39.74053
 -80.77061,  39.75664
 -80.76044,  39.77913
 -80.78600,  39.79628
 -80.79203,  39.77906
 -80.80425,  39.75656
 -80.81505,  39.74714
 -80.84428,  39.74739
 -80.85674,  39.75642
 -80.87361,  39.76486
 -80.89138,  39.77879
 -80.89822,  39.80124
 -80.90163,  39.82371
 -80.90321,  39.82757
 -80.91386,  39.84615
 -80.93266,  39.85786
 -80.94787,  39.86851
 -80.95300,  39.89097
 -80.95509,  39.91344
 -80.95164,  39.93592
 -80.96259,  39.95690
 -80.96413,  39.95836
 -80.96262,  39.96057
 -80.95977,  39.98086
 -80.96285,  39.99646
 -80.96824,  40.00331
 -80.96297,  40.01394
 -80.96107,  40.02581
 -80.96158,  40.04830
 -80.96313,  40.07077
 -80.96008,  40.09326
 -80.96361,  40.11114
 -80.96684,  40.11572
 -80.96366,  40.11901
 -80.95839,  40.13823
 -80.96342,  40.16069
 -80.95645,  40.18320
 -80.95956,  40.20567
 -80.95594,  40.22816
 -80.96449,  40.24474
 -80.97701,  40.25056
 -80.99403,  40.25752
 -81.01516,  40.27288
 -81.02097,  40.29534
 -81.02381,  40.30016
 -81.02616,  40.29532
 -81.03118,  40.27281
 -81.05295,  40.25666
 -81.08236,  40.25178
 -81.08612,  40.25008
 -81.09286,  40.22756
 -81.08465,  40.20512
 -81.08707,  40.18263
 -81.08270,  40.16017
 -81.08995,  40.13766
 -81.08124,  40.11678
 -81.07802,  40.11523
 -81.05169,  40.09815
 -81.04789,  40.09289
 -81.04768,  40.07042
 -81.05137,  40.05711
 -81.06011,  40.04787
 -81.07926,  40.02530
 -81.08047,  40.02479
 -81.08108,  40.02529
 -81.08904,  40.04774
 -81.10432,  40.07014
 -81.10943,  40.09259
 -81.11043,  40.09345
 -81.13988,  40.10138
 -81.15161,  40.11485
 -81.15807,  40.13730
 -81.16526,  40.15973
 -81.16164,  40.18224
 -81.16365,  40.20471
 -81.15585,  40.22723
 -81.15152,  40.24974
 -81.14986,  40.27222
 -81.14964,  40.29471
 -81.15149,  40.31718
 -81.15347,  40.33966
 -81.16003,  40.36210
 -81.15993,  40.38458
 -81.17218,  40.40082
 -81.18365,  40.40693
 -81.19936,  40.42933
 -81.20208,  40.43808
 -81.21018,  40.45174
 -81.21078,  40.47422
 -81.20769,  40.49672
 -81.20322,  40.51923
 -81.20291,  40.51969
 -81.19228,  40.54178
 -81.17373,  40.55950
 -81.17183,  40.56438
 -81.16892,  40.58688
 -81.17171,  40.60934
 -81.17429,  40.61653
 -81.18874,  40.63173
 -81.19243,  40.65419
 -81.19759,  40.67664
 -81.20462,  40.68660
 -81.21645,  40.69902
 -81.23453,  40.71040
 -81.24592,  40.72132
 -81.25123,  40.74377
 -81.25531,  40.76622
 -81.25430,  40.78872
 -81.25777,  40.81117
 -81.25453,  40.83368
 -81.26172,  40.85612
 -81.26003,  40.87861
 -81.26319,  40.90108
 -81.26200,  40.92356
 -81.26263,  40.94604
 -81.26690,  40.95275
 -81.29033,  40.96835
 -81.29707,  40.98639
 -81.29913,  40.99077
 -81.30206,  41.01323
 -81.30358,  41.03571
 -81.30136,  41.05820
 -81.29802,  41.06760
 -81.27555,  41.08086
 -81.29831,  41.09255
 -81.31348,  41.10309
 -81.32832,  41.10639
 -81.33897,  41.10292
 -81.34967,  41.08036
 -81.35757,  41.06048
 -81.36726,  41.05774
 -81.37080,  41.03524
 -81.38702,  41.03186
 -81.38863,  41.03510
 -81.38949,  41.05758
 -81.41150,  41.07990
 -81.41753,  41.08451
 -81.42739,  41.10226
 -81.44273,  41.12463
 -81.44811,  41.13814
 -81.45119,  41.14704
 -81.45618,  41.16948
 -81.45884,  41.19194
 -81.45946,  41.21442
 -81.46024,  41.23690
 -81.46443,  41.25935
 -81.46732,  41.28181
 -81.47794,  41.30420
 -81.48040,  41.30590
 -81.50750,  41.32644
 -81.51082,  41.33846
 -81.51652,  41.34885
 -81.51124,  41.36659
 -81.51089,  41.37138
 -81.50834,  41.39388
 -81.51183,  41.40574
 -81.52444,  41.41623
 -81.53770,  41.43859
 -81.54131,  41.46104
 -81.54269,  41.46321
 -81.54856,  41.48347
 -81.55000,  41.50593
 -81.55333,  41.52839
 -81.55058,  41.55089
 -81.54440,  41.57302
 -81.54417,  41.57343
 -81.54442,  41.57385
 -81.55155,  41.59585
 -81.57507,  41.61126
 -81.60522,  41.61643
 -81.60844,  41.61782
 -81.63558,  41.63298
 -81.63895,  41.64001
 -81.63594,  41.65394
 -81.62775,  41.66261
 -81.63624,  41.67152
 -81.63943,  41.68497
 -81.63736,  41.70747
 -81.64442,  41.72989
 -81.63749,  41.74514
 -81.63124,  41.75250
 -81.60777,  41.76951
 -81.60499,  41.77522
 -81.60395,  41.79771
 -81.60591,  41.82018
 -81.60279,  41.84268
 -81.59748,  41.86522
 -81.58772,  41.88779
 -81.59415,  41.91020
 -81.61027,  41.92000
 -81.62842,  41.93237
 -81.63703,  41.95477
 -81.64128,  41.96655
 -81.64384,  41.97718
 -81.64950,  41.99961
 -81.65639,  42.02202
 -81.65574,  42.04451
 -81.64944,  42.06705
 -81.64415,  42.08958
 -81.64346,  42.09287
 -81.63931,  42.11210
 -81.63641,  42.13461
 -81.64441,  42.14833
 -81.64778,  42.15698
 -81.66147,  42.17933
 -81.66328,  42.20178
 -81.66169,  42.22427
 -81.66489,  42.24672
 -81.67275,  42.26912
 -81.67690,  42.29156
 -81.67614,  42.31405
 -81.67806,  42.33594
 -81.70846,  42.33540
 -81.70930,  42.33619
 -81.70856,  42.34114
 -81.70689,  42.35870
 -81.70222,  42.38122
 -81.70375,  42.40368
 -81.70012,  42.42619
 -81.69937,  42.44867
 -81.69785,  42.47116
 -81.69759,  42.49364
 -81.70210,  42.51607
 -81.70142,  42.53855
 -81.69965,  42.56104
 -81.69471,  42.58356
 -81.69427,  42.60604
 -81.69766,  42.62849
 -81.69992,  42.65094
 -81.71423,  42.67327
 -81.71471,  42.67498
 -81.72123,  42.69567
 -81.73560,  42.71800
 -81.74402,  42.74038
 -81.74599,  42.76284
 -81.74702,  42.76652
 -81.77133,  42.78504
 -81.77061,  42.80753
 -81.77863,  42.81820
 -81.78364,  42.82986
 -81.80985,  42.84724
 -81.82427,  42.85189
 -81.84068,  42.85599
 -81.86512,  42.87391
 -81.87004,  42.89633
 -81.87231,  42.90231
 -81.88750,  42.91860
 -81.87615,  42.94120
 -81.89281,  42.96348
 -81.89874,  42.98588
 -81.90170,  43.00832
 -81.89651,  43.03084
 -81.90612,  43.04810
 -81.90919,  43.05316
 -81.91459,  43.07558
 -81.93387,  43.09782
 -81.93804,  43.10121
 -81.96915,  43.11578
 -81.97291,  43.11982
 -81.97939,  43.14221
 -81.99541,  43.16447
 -82.00142,  43.18058
 -82.00431,  43.18683
 -82.00210,  43.20933
 -82.00209,  43.20942
 -81.98486,  43.23201
 -82.00297,  43.24734
 -82.00469,  43.25422
 -82.01345,  43.27658
 -82.02053,  43.29896
 -82.02759,  43.32133
 -82.03597,  43.33848
 -82.03708,  43.34368
 -82.03626,  43.35072
 -82.03156,  43.36621
 -82.03687,  43.37601
 -82.04018,  43.38857
 -82.03745,  43.40060
 -82.03080,  43.41115
 -82.03811,  43.42832
 -82.03917,  43.43351
 -82.03834,  43.43799
 -82.03028,  43.45608
 -82.03777,  43.47845
 -82.03220,  43.50098
 -82.03170,  43.52345
 -82.02773,  43.54596
 -82.01746,  43.56854
 -82.01086,  43.58566
 -82.00460,  43.59116
 -81.98041,  43.60979
 -81.97149,  43.61402
 -81.95215,  43.63671
 -81.96241,  43.65905
 -81.98183,  43.67173
 -81.99008,  43.68117
 -81.99556,  43.70356
 -82.00330,  43.72593
 -81.99592,  43.74847
 -81.98380,  43.75700
 -81.95544,  43.77141
 -81.95307,  43.77308
 -81.92231,  43.78819
 -81.91925,  43.79429
 -81.91212,  43.81683
 -81.91077,  43.83929
 -81.90734,  43.86179
 -81.91016,  43.88421
 -81.90585,  43.90671
 -81.90502,  43.92917
 -81.89445,  43.93814
 -81.88711,  43.95182
 -81.86400,  43.97221
 -81.86276,  43.97454
 -81.85877,  43.99703
 -81.85538,  44.01952
 -81.85217,  44.04200
 -81.85551,  44.06442
 -81.85401,  44.08688
 -81.85716,  44.10930
 -81.85494,  44.13177
 -81.85100,  44.15426
 -81.84148,  44.17681
 -81.83739,  44.19219
 -81.83311,  44.19935
 -81.82633,  44.22187
 -81.82468,  44.24433
 -81.82211,  44.26680
 -81.81963,  44.28927
 -81.81029,  44.31181
 -81.80860,  44.31520
 -81.79052,  44.33445
 -81.77804,  44.35501
 -81.77605,  44.35704
 -81.76579,  44.37960
 -81.74757,  44.40205
 -81.74744,  44.40223
 -81.73703,  44.42476
 -81.72720,  44.44730
 -81.71741,  44.46730
 -81.71655,  44.46984
 -81.70867,  44.49236
 -81.68848,  44.51499
 -81.68688,  44.51641
 -81.67942,  44.53751
 -81.66843,  44.56005
 -81.65642,  44.57176
 -81.64912,  44.58266
 -81.64369,  44.60514
 -81.63907,  44.62762
 -81.63694,  44.65007
 -81.63632,  44.67251
 -81.63703,  44.69494
 -81.63223,  44.71742
 -81.63483,  44.73982
 -81.62806,  44.74892
 -81.59805,  44.76258
 -81.59673,  44.76394
 -81.56528,  44.77209
 -81.53377,  44.77686
 -81.51792,  44.78568
 -81.50251,  44.79878
 -81.49694,  44.80828
 -81.47135,  44.82793
 -81.46988,  44.83092
 -81.47150,  44.83830
 -81.48387,  44.85324
 -81.47681,  44.87572
 -81.47743,  44.89814
 -81.47250,  44.90340
 -81.46709,  44.92065
 -81.46516,  44.94308
 -81.44468,  44.96566
 -81.44182,  44.96930
 -81.41036,  44.98568
 -81.39579,  44.98845
 -81.37884,  44.99867
 -81.34709,  44.99631
 -81.33104,  45.01130
 -81.31568,  45.01937
 -81.29929,  45.03393
 -81.29093,  45.05640
 -81.29325,  45.07880
 -81.28687,  45.10126
 -81.28501,  45.10518
 -81.27796,  45.12374
 -81.25366,  45.13997
 -81.24802,  45.14634
 -81.22210,  45.15965
 -81.19104,  45.16908
 -81.19041,  45.16934
 -81.15867,  45.17426
 -81.13109,  45.16938
 -81.12682,  45.16905
 -81.12460,  45.16941
 -81.09511,  45.17804
 -81.06333,  45.18065
 -81.03279,  45.19224
 -81.03162,  45.19309
 -81.02990,  45.19225
 -80.99977,  45.18698
 -80.96790,  45.17776
 -80.93607,  45.17358
 -80.90430,  45.17804
 -80.87257,  45.18991
 -80.86944,  45.19280
 -80.85365,  45.21526
 -80.84958,  45.23768
 -80.84534,  45.26011
 -80.84792,  45.28252
 -80.84129,  45.29185
 -80.82639,  45.30499
 -80.80953,  45.31491
 -80.77770,  45.32348
 -80.76551,  45.32753
 -80.74587,  45.33681
 -80.71399,  45.33792
 -80.68212,  45.34214
 -80.65025,  45.34795
 -80.64250,  45.35012
 -80.61838,  45.35817
 -80.58648,  45.35707
 -80.55459,  45.35501
 -80.52269,  45.35640
 -80.49080,  45.35476
 -80.45891,  45.35538
 -80.42702,  45.35221
 -80.41898,  45.35014
 -80.39515,  45.34520
 -80.36327,  45.34037
 -80.33141,  45.33550
 -80.29952,  45.33591
 -80.28159,  45.32753
 -80.26769,  45.32346
 -80.23584,  45.31802
 -80.20857,  45.30496
 -80.20405,  45.30199
 -80.18710,  45.28249
 -80.18822,  45.26007
 -80.18455,  45.23765
 -80.18019,  45.21522
 -80.17274,  45.20267
 -80.15980,  45.19276
 -80.14105,  45.18342
 -80.10931,  45.17430
 -80.08823,  45.17011
 -80.07755,  45.16896
 -80.05268,  45.14756
 -80.04600,  45.13740
 -80.03606,  45.12508
 -80.02957,  45.10264
 -80.02370,  45.08020
 -80.02383,  45.05778
 -80.01675,  45.03533
 -80.01992,  45.01292
 -80.01536,  44.99853
 -80.01188,  44.99047
 -80.00716,  44.96802
 -79.99025,  44.94553
 -79.98455,  44.92308
 -79.98482,  44.90066
 -79.98739,  44.87824
 -79.98611,  44.85581
 -79.99122,  44.83341
 -79.98522,  44.81731
 -79.97955,  44.81093
 -79.98257,  44.78851
 -79.95996,  44.76598
 -79.95415,  44.75823
 -79.93651,  44.74344
 -79.93394,  44.72100
 -79.94759,  44.69864
 -79.95403,  44.67624
 -79.95491,  44.67435
 -79.96119,  44.65384
 -79.96390,  44.63142
 -79.95550,  44.60975
 -79.95502,  44.60894
 -79.94399,  44.58646
 -79.92440,  44.56651
 -79.91663,  44.56390
 -79.89314,  44.54376
 -79.89060,  44.54133
 -79.88747,  44.51888
 -79.88957,  44.49645
 -79.89382,  44.47599
 -79.89469,  44.47404
 -79.89836,  44.45162
 -79.90105,  44.42920
 -79.89449,  44.40900
 -79.89421,  44.40673
 -79.88387,  44.38423
 -79.88678,  44.36180
 -79.87045,  44.33928
 -79.89034,  44.31695
 -79.89550,  44.30876
 -79.92695,  44.29918
 -79.93147,  44.29471
 -79.93514,  44.27229
 -79.94520,  44.24990
 -79.95025,  44.22747
 -79.94324,  44.20499
 -79.94188,  44.18254
 -79.93999,  44.16009
 -79.94237,  44.13766
 -79.95521,  44.11528
 -79.96004,  44.10659
 -79.96488,  44.09288
 -79.97338,  44.07047
 -79.98241,  44.04805
 -79.98601,  44.02563
 -79.98145,  44.00315
 -79.98470,  43.98072
 -79.98843,  43.95830
 -79.99260,  43.95205
 -80.00278,  43.93591
 -80.00052,  43.91345
 -80.01541,  43.89107
 -80.01141,  43.86860
 -80.02048,  43.84618
 -80.02023,  43.82373
 -80.01971,  43.80128
 -80.02508,  43.78709
 -80.02669,  43.77886
 -80.02524,  43.76710
 -80.02240,  43.75639
 -80.02535,  43.75238
 -80.03233,  43.73397
 -80.02567,  43.71261
 -80.02499,  43.71149
 -80.02569,  43.71025
 -80.03207,  43.68906
 -80.02602,  43.66679
 -80.02592,  43.66659
 -80.02603,  43.66625
 -80.03053,  43.64415
 -80.02776,  43.62168
 -80.02773,  43.59922
 -80.02924,  43.57677
 -80.02681,  43.56672
 -80.02155,  43.55428
 -80.02701,  43.54133
 -80.02899,  43.53186
 -80.02712,  43.52669
 -80.01591,  43.50935
 -80.02619,  43.48693
 -80.01428,  43.46442
 -80.02161,  43.44199
 -80.01578,  43.41951
 -80.02019,  43.39707
 -80.01434,  43.37458
 -79.99757,  43.35429
 -79.99335,  43.35204
 -79.96684,  43.33681
 -79.95088,  43.32938
 -79.93608,  43.32248
 -79.90531,  43.31179
 -79.89096,  43.30662
 -79.87459,  43.29749
 -79.87128,  43.28405
 -79.86461,  43.26155
 -79.86205,  43.23908
 -79.85645,  43.21659
 -79.85326,  43.19410
 -79.84493,  43.18381
 -79.83641,  43.17154
 -79.81869,  43.14898
 -79.81465,  43.13623
 -79.81080,  43.12646
 -79.80536,  43.10397
 -79.80164,  43.08149
 -79.80238,  43.05902
 -79.80090,  43.03654
 -79.79715,  43.01405
 -79.79361,  42.99157
 -79.78568,  42.97861
 -79.77335,  42.96897
 -79.75526,  42.95539
 -79.73468,  42.94626
 -79.72693,  42.92373
 -79.73727,  42.90134
 -79.74726,  42.87894
 -79.75623,  42.87371
 -79.78586,  42.85670
 -79.78709,  42.85612
 -79.80729,  42.83437
 -79.78854,  42.81179
 -79.78762,  42.81021
 -79.75719,  42.79333
 -79.72639,  42.80741
 -79.70206,  42.78875
 -79.69604,  42.78547
 -79.67928,  42.76612
 -79.67729,  42.74363
 -79.67123,  42.72113
 -79.66640,  42.71265
 -79.65230,  42.69852
 -79.64994,  42.67603
 -79.65314,  42.65358
 -79.65351,  42.63111
 -79.66770,  42.61424
 -79.67622,  42.60880
 -79.68626,  42.58640
 -79.69878,  42.57164
 -79.70826,  42.56407
 -79.72950,  42.55547
 -79.74523,  42.54185
 -79.73522,  42.51931
 -79.72999,  42.51618
 -79.69966,  42.50335
 -79.68549,  42.49650
 -79.66943,  42.48342
 -79.66450,  42.49635
 -79.65763,  42.51877
 -79.65160,  42.54120
 -79.64362,  42.56361
 -79.63771,  42.57470
 -79.61341,  42.58586
 -79.60702,  42.58740
 -79.58156,  42.58562
 -79.59165,  42.56322
 -79.59350,  42.54076
 -79.59035,  42.51826
 -79.58962,  42.49579
 -79.58775,  42.47330
 -79.57845,  42.45329
 -79.57513,  42.45072
 -79.57658,  42.42826
 -79.57877,  42.40580
 -79.54894,  42.39051
 -79.51842,  42.39573
 -79.50980,  42.38276
 -79.51545,  42.36034
 -79.51013,  42.33781
 -79.51951,  42.32582
 -79.53377,  42.33801
 -79.53040,  42.36046
 -79.54915,  42.37659
 -79.56196,  42.38319
 -79.57915,  42.40538
 -79.57942,  42.40580
 -79.60954,  42.40915
 -79.61299,  42.40607
 -79.63426,  42.38375
 -79.62654,  42.36123
 -79.63260,  42.33879
 -79.62228,  42.31624
 -79.62054,  42.29374
 -79.61438,  42.27122
 -79.61155,  42.26617
 -79.58112,  42.27031
 -79.55089,  42.26082
 -79.53867,  42.24814
 -79.53294,  42.22562
 -79.53307,  42.20314
 -79.52668,  42.18061
 -79.55230,  42.16656
 -79.55825,  42.15839
 -79.58288,  42.14917
 -79.59087,  42.13618
 -79.59893,  42.11376
 -79.61398,  42.09260
 -79.61476,  42.09141
 -79.61404,  42.08871
 -79.60646,  42.06887
 -79.58804,  42.04624
 -79.58717,  42.02376
 -79.59789,  42.00137
 -79.60177,  41.97891
 -79.58565,  41.95674
 -79.58485,  41.95630
 -79.55573,  41.93572
 -79.55436,  41.93357
 -79.55300,  41.91108
 -79.54649,  41.88855
 -79.54317,  41.86605
 -79.54147,  41.84355
 -79.53706,  41.82103
 -79.53486,  41.79853
 -79.53579,  41.77607
 -79.53921,  41.75361
 -79.54594,  41.73118
 -79.54247,  41.70868
 -79.54236,  41.68619
 -79.55066,  41.66378
 -79.55986,  41.65667
 -79.59014,  41.64318
 -79.60927,  41.64177
 -79.62029,  41.63798
 -79.62384,  41.64188
 -79.65013,  41.65590
 -79.65825,  41.66462
 -79.66316,  41.68714
 -79.67117,  41.70968
 -79.66444,  41.73211
 -79.67906,  41.74625
 -79.68837,  41.73228
 -79.68626,  41.70979
 -79.69193,  41.68734
 -79.69257,  41.66487
 -79.69663,  41.64242
 -79.69543,  41.61993
 -79.69287,  41.59743
 -79.69198,  41.57494
 -79.68715,  41.55243
 -79.69048,  41.52996
 -79.70705,  41.50760
 -79.71239,  41.48872
 -79.71322,  41.48517
 -79.71244,  41.48436
 -79.69756,  41.46257
 -79.69163,  41.44005
 -79.68947,  41.41755
 -79.69453,  41.39510
 -79.69521,  41.37263
 -79.69533,  41.35014
 -79.69643,  41.32767
 -79.70163,  41.30523
 -79.70709,  41.28278
 -79.71500,  41.27559
 -79.72628,  41.28291
 -79.74457,  41.30530
 -79.74470,  41.30552
 -79.75473,  41.32807
 -79.75866,  41.35058
 -79.75878,  41.37306
 -79.76160,  41.39556
 -79.77330,  41.41070
 -79.78253,  41.39569
 -79.78439,  41.37323
 -79.79741,  41.35082
 -79.80401,  41.34352
 -79.82837,  41.32853
 -79.82785,  41.30605
 -79.82644,  41.28356
 -79.80618,  41.26095
 -79.80494,  41.25857
 -79.79440,  41.23840
 -79.77827,  41.21581
 -79.77755,  41.19332
 -79.77584,  41.18714
 -79.75684,  41.17070
 -79.74633,  41.15619
 -79.74120,  41.14812
 -79.73256,  41.12558
 -79.72915,  41.10307
 -79.72787,  41.08058
 -79.72382,  41.05807
 -79.72145,  41.03556
 -79.71801,  41.02993
 -79.70430,  41.03545
 -79.68797,  41.04824
 -79.65826,  41.04094
 -79.65479,  41.03509
 -79.65205,  41.01259
 -79.64419,  40.99004
 -79.65562,  40.96765
 -79.65924,  40.96566
 -79.67506,  40.94531
 -79.67661,  40.92284
 -79.67745,  40.90036
 -79.68818,  40.87795
 -79.68283,  40.85543
 -79.69052,  40.84580
 -79.69614,  40.83304
 -79.71354,  40.81068
 -79.72070,  40.80775
 -79.74117,  40.78839
 -79.74146,  40.76591
 -79.73371,  40.74337
 -79.72369,  40.72082
 -79.72177,  40.71926
 -79.69559,  40.69814
 -79.69601,  40.67566
 -79.70117,  40.65321
 -79.69315,  40.63565
 -79.69122,  40.63066
 -79.66717,  40.60800
 -79.66394,  40.60330
 -79.64545,  40.58535
 -79.66440,  40.56790
 -79.66646,  40.56303
 -79.67593,  40.54061
 -79.66496,  40.52458
 -79.63523,  40.53541
 -79.60565,  40.53572
 -79.57612,  40.53182
 -79.57280,  40.53981
 -79.57353,  40.56230
 -79.57382,  40.58479
 -79.57519,  40.59733
 -79.59841,  40.60746
 -79.60336,  40.62999
 -79.60431,  40.63279
 -79.61546,  40.65257
 -79.61985,  40.67509
 -79.62477,  40.69761
 -79.63299,  40.70348
 -79.65956,  40.72036
 -79.66189,  40.74286
 -79.63222,  40.76073
 -79.60268,  40.75037
 -79.59675,  40.74235
 -79.57948,  40.71973
 -79.57346,  40.71825
 -79.56329,  40.71960
 -79.54367,  40.72668
 -79.52063,  40.71924
 -79.51414,  40.71753
 -79.49300,  40.69651
 -79.48503,  40.68213
 -79.45987,  40.69621
 -79.45670,  40.71867
 -79.45544,  40.74114
 -79.48379,  40.76187
 -79.48763,  40.76391
 -79.49936,  40.78650
 -79.49261,  40.80892
 -79.48276,  40.82744
 -79.48163,  40.83131
 -79.47662,  40.85375
 -79.47063,  40.87618
 -79.46885,  40.89865
 -79.46776,  40.92112
 -79.46205,  40.94356
 -79.45988,  40.96602
 -79.45070,  40.97241
 -79.42094,  40.97091
 -79.40385,  40.96549
 -79.39151,  40.95102
 -79.38831,  40.94286
 -79.37720,  40.92027
 -79.37653,  40.89777
 -79.37273,  40.87525
 -79.36333,  40.86021
 -79.35284,  40.85257
 -79.34352,  40.82999
 -79.33439,  40.81612
 -79.32387,  40.80730
 -79.32165,  40.78479
 -79.32456,  40.76234
 -79.33553,  40.75245
 -79.34281,  40.74004
 -79.34077,  40.71754
 -79.34164,  40.69506
 -79.34125,  40.67258
 -79.34419,  40.65012
 -79.34344,  40.62763
 -79.33788,  40.62076
 -79.30819,  40.62471
 -79.30631,  40.62724
 -79.30328,  40.64970
 -79.30223,  40.67217
 -79.29795,  40.69461
 -79.27694,  40.71165
 -79.24778,  40.69407
 -79.24762,  40.69360
 -79.24021,  40.67150
 -79.23914,  40.64900
 -79.23109,  40.62643
 -79.21942,  40.61937
 -79.19244,  40.60350
 -79.19029,  40.59483
 -79.18404,  40.58092
 -79.16135,  40.56214
 -79.15406,  40.55809
 -79.13951,  40.53542
 -79.13253,  40.52470
 -79.10307,  40.51896
 -79.07359,  40.51472
 -79.04370,  40.52859
 -79.01406,  40.53129
 -79.01146,  40.53382
 -79.01392,  40.53772
 -79.03976,  40.55667
 -79.04301,  40.55994
 -79.05297,  40.57933
 -79.05618,  40.60185
 -79.05536,  40.62433
 -79.05371,  40.64679
 -79.04810,  40.66920
 -79.04101,  40.69160
 -79.04005,  40.69279
 -79.01025,  40.69912
 -79.00354,  40.69111
 -78.98119,  40.67324
 -78.96270,  40.66808
 -78.95174,  40.66520
 -78.93660,  40.64524
 -78.93182,  40.62269
 -78.93288,  40.60022
 -78.93600,  40.57778
 -78.93610,  40.55529
 -78.93969,  40.53285
 -78.93297,  40.51027
 -78.93572,  40.48783
 -78.92805,  40.46524
 -78.93165,  40.44280
 -78.92780,  40.42749
 -78.90250,  40.41991
 -78.89846,  40.41899
 -78.86902,  40.41520
 -78.83949,  40.41495
 -78.81008,  40.41010
 -78.78314,  40.39568
 -78.78097,  40.39422
 -78.77760,  40.39560
 -78.75491,  40.41774
 -78.75068,  40.42286
 -78.73964,  40.43999
 -78.73942,  40.46247
 -78.73986,  40.48496
 -78.72592,  40.50723
 -78.71874,  40.51163
 -78.68906,  40.51574
 -78.66364,  40.52873
 -78.65893,  40.53524
 -78.65586,  40.55109
 -78.62849,  40.56511
 -78.59904,  40.55962
 -78.58971,  40.55000
 -78.58416,  40.52742
 -78.59106,  40.50505
 -78.60111,  40.48807
 -78.60853,  40.48286
 -78.63137,  40.46386
 -78.66096,  40.46253
 -78.66459,  40.46129
 -78.69086,  40.45013
 -78.69855,  40.43934
 -78.69456,  40.41679
 -78.69391,  40.39429
 -78.69259,  40.38717
 -78.68236,  40.37163
 -78.66366,  40.36598
 -78.64400,  40.37101
 -78.63367,  40.38254
 -78.60448,  40.37092
 -78.60407,  40.37035
 -78.59017,  40.34763
 -78.59172,  40.32517
 -78.60619,  40.31154
 -78.62828,  40.30328
 -78.63602,  40.29966
 -78.65631,  40.28126
 -78.65321,  40.25872
 -78.64941,  40.23618
 -78.64183,  40.21356
 -78.64213,  40.19109
 -78.63934,  40.18198
 -78.62449,  40.16830
 -78.61051,  40.16058
 -78.58831,  40.14521
 -78.58311,  40.12264
 -78.58253,  40.11058
 -78.58125,  40.10012
 -78.58313,  40.09021
 -78.58437,  40.07769
 -78.58366,  40.07187
 -78.57972,  40.05513
 -78.58435,  40.04798
 -78.58857,  40.03279
 -78.59224,  40.01037
 -78.61539,  39.98949
 -78.61626,  39.98829
 -78.62481,  39.96594
 -78.63261,  39.94358
 -78.62897,  39.92104
 -78.61777,  39.90548
 -78.60256,  39.89812
 -78.58913,  39.88215
 -78.58322,  39.87531
 -78.57515,  39.85268
 -78.57655,  39.83022
 -78.58327,  39.80785
 -78.59145,  39.80154
 -78.62095,  39.79305
 -78.64558,  39.78641
 -78.65048,  39.78350
 -78.65815,  39.76413
 -78.68050,  39.74201
 -78.67257,  39.71940
 -78.68181,  39.70770
 -78.68841,  39.69717
 -78.69692,  39.67483
 -78.68726,  39.65219
 -78.68700,  39.62970
 -78.68407,  39.62484
 -78.65514,  39.61529
 -78.64461,  39.60653
 -78.63643,  39.58391
 -78.62711,  39.57423
 -78.60157,  39.58333
 -78.59752,  39.58913
 -78.57956,  39.60544
 -78.56755,  39.61664
 -78.53842,  39.62720
 -78.53805,  39.62750
 -78.53686,  39.62718
 -78.50912,  39.61874
 -78.50060,  39.60406
 -78.49523,  39.58148
 -78.49380,  39.55897
 -78.49488,  39.53651
 -78.49992,  39.51412
 -78.50877,  39.49179
 -78.51313,  39.48381
 -78.54256,  39.47377
 -78.55274,  39.47008
 -78.57189,  39.46648
 -78.57864,  39.47053
 -78.60057,  39.48195
 -78.61982,  39.49371
 -78.62931,  39.49576
 -78.65833,  39.49997
 -78.67694,  39.49465
 -78.68517,  39.47230
 -78.68846,  39.46331
 -78.69323,  39.44995
 -78.70753,  39.42770
 -78.71877,  39.41867
 -78.72780,  39.40554
 -78.72782,  39.38306
 -78.72916,  39.36061
 -78.72988,  39.33813
 -78.73576,  39.31575
 -78.74918,  39.29348
 -78.74034,  39.27086
 -78.73081,  39.24824
 -78.73165,  39.22577
 -78.74615,  39.20352
 -78.75359,  39.19961
 -78.78265,  39.19779
 -78.80765,  39.20447
 -78.80878,  39.22697
 -78.81045,  39.24569
 -78.81976,  39.22713
 -78.81318,  39.20456
 -78.83702,  39.18243
 -78.84117,  39.17703
 -78.85434,  39.16022
 -78.87070,  39.15528
 -78.87596,  39.13805
 -78.87441,  39.11556
 -78.87181,  39.10948
 -78.85110,  39.09274
 -78.84605,  39.07019
 -78.84663,  39.04772
 -78.85229,  39.02533
 -78.87420,  39.01079
 -78.89627,  39.02597
 -78.90254,  39.03527
 -78.93153,  39.03282
 -78.93220,  39.02649
 -78.93169,  39.02602
 -78.90540,  39.00363
 -78.90335,  39.00139
 -78.88515,  38.98086
 -78.87501,  38.97758
 -78.84605,  38.97909
 -78.82917,  38.95756
 -78.82401,  38.93501
 -78.81850,  38.92471
 -78.78978,  38.91832
 -78.78086,  38.91187
 -78.76716,  38.88919
 -78.76210,  38.87169
 -78.74831,  38.88889
 -78.73260,  38.89602
 -78.72100,  38.91093
 -78.71215,  38.93327
 -78.71552,  38.95580
 -78.71364,  38.97824
 -78.70654,  39.00060
 -78.70071,  39.00868
 -78.67152,  39.01855
 -78.64296,  39.00490
 -78.63944,  38.99950
 -78.62672,  38.97681
 -78.61514,  38.96593
 -78.58656,  38.95441
 -78.58545,  38.95364
 -78.57156,  38.93092
 -78.57309,  38.90847
 -78.57514,  38.88603
 -78.58393,  38.86370
 -78.58684,  38.84128
 -78.58979,  38.84034
 -78.61383,  38.84174
 -78.61859,  38.84214
 -78.61902,  38.84182
 -78.63942,  38.81970
 -78.64545,  38.79733
 -78.63997,  38.77477
 -78.62096,  38.75700
 -78.60320,  38.75166
 -78.59254,  38.74326
 -78.56556,  38.72854
 -78.57121,  38.70617
 -78.56976,  38.68367
 -78.57599,  38.66131
 -78.57845,  38.63888
 -78.57459,  38.61634
 -78.56776,  38.60233
 -78.56026,  38.59362
 -78.54610,  38.57090
 -78.54004,  38.56636
 -78.51170,  38.55264
 -78.49429,  38.54750
 -78.48356,  38.53302
 -78.48183,  38.52481
 -78.48137,  38.50233
 -78.48235,  38.47987
 -78.48434,  38.45745
 -78.48619,  38.44437
 -78.48936,  38.43507
 -78.48671,  38.42686
 -78.48524,  38.41252
 -78.48353,  38.39002
 -78.48209,  38.36753
 -78.47659,  38.34496
 -78.48484,  38.32264
 -78.49001,  38.31559
 -78.51881,  38.30949
 -78.52893,  38.30097
 -78.54150,  38.27873
 -78.54891,  38.25842
 -78.54942,  38.25640
 -78.56116,  38.23415
 -78.55001,  38.22033
 -78.54703,  38.21143
 -78.53923,  38.18883
 -78.52294,  38.16782
 -78.51766,  38.16597
 -78.49498,  38.14684
 -78.49109,  38.14303
 -78.48599,  38.12048
 -78.47890,  38.09788
 -78.47636,  38.07537
 -78.48367,  38.05305
 -78.46986,  38.03124
 -78.46970,  38.03033
 -78.46991,  38.02967
 -78.48837,  38.00821
 -78.47120,  37.98639
 -78.47094,  37.98542
 -78.47124,  37.98481
 -78.50017,  37.97020
 -78.50411,  37.96357
 -78.52934,  37.94663
 -78.53333,  37.94164
 -78.55109,  37.91950
 -78.55872,  37.91488
 -78.57944,  37.89753
 -78.58796,  37.88763
 -78.59381,  37.87533
 -78.60483,  37.85306
 -78.60845,  37.83067
 -78.61856,  37.80956
 -78.61922,  37.80840
 -78.61880,  37.80092
 -78.61800,  37.78592
 -78.61924,  37.78505
 -78.64815,  37.76654
 -78.65126,  37.76403
 -78.67715,  37.74416
 -78.68320,  37.74212
 -78.70596,  37.72845
 -78.73450,  37.72277
 -78.74138,  37.72061
 -78.76308,  37.71517
 -78.79175,  37.70376
 -78.80309,  37.69913
 -78.82020,  37.67694
 -78.82080,  37.67635
 -78.84828,  37.65491
 -78.84975,  37.65267
 -78.86710,  37.63274
 -78.87886,  37.62061
 -78.90728,  37.61729
 -78.93552,  37.62192
 -78.95861,  37.63408
END
 -15.00000, -79.68054,  38.92220
 -79.68065,  38.94468
 -79.68475,  38.95116
 -79.71368,  38.94927
 -79.72490,  38.94500
 -79.72916,  38.92255
 -79.71419,  38.90608
 -79.68522,  38.91378
 -79.68054,  38.92220
END
 -15.00000, -79.19255,  38.91749
 -79.16506,  38.92926
 -79.16267,  38.93961
 -79.16476,  38.94401
 -79.19363,  38.94569
 -79.22244,  38.95006
 -79.23801,  38.94049
 -79.22301,  38.91998
 -79.20148,  38.91759
 -79.19419,  38.91677
 -79.19255,  38.91749
END
 -15.00000, -79.06539,  38.93839
 -79.07787,  38.95407
 -79.08202,  38.93861
 -79.07849,  38.92490
 -79.06539,  38.93839
END
 -15.00000, -79.26553,  38.98574
 -79.27946,  38.99216
 -79.28091,  38.98592
 -79.27966,  38.98179
 -79.26553,  38.98574
END
 -15.00000, -79.06286,  38.98330
 -79.07236,  39.00590
 -79.07137,  39.02836
 -79.07587,  39.04831
 -79.10481,  39.04826
 -79.10714,  39.05129
 -79.12675,  39.07401
 -79.13309,  39.08059
 -79.14252,  39.07420
 -79.16241,  39.06227
 -79.17033,  39.05206
 -79.17252,  39.02962
 -79.16320,  39.02260
 -79.13422,  39.02526
 -79.10532,  39.02346
 -79.08428,  39.00605
 -79.08298,  38.98356
 -79.07758,  38.96757
 -79.06286,  38.98330
END
 -15.00000, -79.27148,  39.03076
 -79.27856,  39.04145
 -79.28113,  39.03086
 -79.27888,  39.02441
 -79.27148,  39.03076
END
 -15.00000, -79.21428,  39.14248
 -79.21849,  39.15674
 -79.22625,  39.14262
 -79.21905,  39.12770
 -79.21428,  39.14248
END
 -15.00000, -79.52068,  39.19056
 -79.53666,  39.20121
 -79.55715,  39.21336
 -79.55939,  39.23585
 -79.56512,  39.23999
 -79.56750,  39.23592
 -79.56654,  39.21344
 -79.56817,  39.19098
 -79.56586,  39.18705
 -79.53691,  39.18432
 -79.52068,  39.19056
END
 -15.00000, -79.21428,  39.18743
 -79.21767,  39.19889
 -79.22327,  39.18753
 -79.21819,  39.17241
 -79.21428,  39.18743
END
 -15.00000, -79.12302,  39.23129
 -79.12988,  39.23761
 -79.13158,  39.23140
 -79.13005,  39.22913
 -79.12302,  39.23129
END
 -15.00000, -78.69420,  39.22517
 -78.69417,  39.24765
 -78.66494,  39.25958
 -78.65021,  39.24693
 -78.65037,  39.22446
 -78.66623,  39.21232
 -78.69420,  39.22517
END
 -15.00000, -80.75488,  39.26219
 -80.75491,  39.26298
 -80.75578,  39.28466
 -80.76829,  39.30711
 -80.76414,  39.32959
 -80.76714,  39.35206
 -80.76479,  39.37453
 -80.76183,  39.39702
 -80.76210,  39.41949
 -80.75549,  39.43006
 -80.75179,  39.44199
 -80.72887,  39.46451
 -80.72649,  39.46540
 -80.72253,  39.46453
 -80.69735,  39.45481
 -80.68991,  39.44210
 -80.68337,  39.41964
 -80.68169,  39.39716
 -80.68029,  39.37469
 -80.67963,  39.35221
 -80.67943,  39.32974
 -80.67947,  39.30727
 -80.68251,  39.28478
 -80.68929,  39.26231
 -80.69682,  39.25197
 -80.72583,  39.24688
 -80.75488,  39.26219
END
 -15.00000, -79.06622,  39.27553
 -79.06652,  39.29801
 -79.06675,  39.32049
 -79.06196,  39.34291
 -79.06576,  39.36543
 -79.06277,  39.38787
 -79.06851,  39.39273
 -79.09743,  39.40020
 -79.12641,  39.40599
 -79.13591,  39.38879
 -79.14595,  39.36644
 -79.15646,  39.35837
 -79.16802,  39.34422
 -79.16809,  39.32175
 -79.16620,  39.29925
 -79.15791,  39.28680
 -79.15406,  39.29910
 -79.12823,  39.31758
 -79.09926,  39.31348
 -79.08304,  39.29822
 -79.08035,  39.27571
 -79.07116,  39.26903
 -79.06622,  39.27553
END
 -15.00000, -80.37112,  39.32975
 -80.37740,  39.33747
 -80.38032,  39.32976
 -80.37743,  39.32308
 -80.37112,  39.32975
END
 -15.00000, -78.95921,  39.34153
 -78.98190,  39.36393
 -78.98687,  39.34191
 -78.98254,  39.33594
 -78.95921,  39.34153
END
 -15.00000, -78.95921,  39.38649
 -78.98127,  39.39204
 -78.98542,  39.38685
 -78.98189,  39.36475
 -78.95921,  39.38649
END
 -15.00000, -79.11484,  39.43348
 -79.12552,  39.44906
 -79.12964,  39.43367
 -79.12620,  39.41629
 -79.11484,  39.43348
END
 -15.00000, -78.86297,  39.43008
 -78.86380,  39.43763
 -78.87343,  39.45272
 -78.86294,  39.47279
 -78.86238,  39.47503
 -78.86277,  39.47960
 -78.86899,  39.49761
 -78.88718,  39.52036
 -78.89039,  39.54196
 -78.89069,  39.54288
 -78.89036,  39.54337
 -78.88541,  39.56529
 -78.87560,  39.58763
 -78.88661,  39.61027
 -78.88862,  39.61526
 -78.89972,  39.63293
 -78.90775,  39.65553
 -78.90957,  39.67804
 -78.91586,  39.69716
 -78.92280,  39.70071
 -78.94481,  39.70850
 -78.96998,  39.70136
 -78.97423,  39.69977
 -78.97749,  39.67898
 -78.97482,  39.67379
 -78.94800,  39.65610
 -78.94611,  39.65268
 -78.93291,  39.63340
 -78.92635,  39.61083
 -78.92590,  39.58834
 -78.92651,  39.56587
 -78.93108,  39.54346
 -78.94170,  39.52113
 -78.94938,  39.51258
 -78.97272,  39.49907
 -78.97920,  39.48246
 -78.97959,  39.47669
 -78.97935,  39.47622
 -78.95547,  39.45388
 -78.95113,  39.43723
 -78.94736,  39.43129
 -78.92242,  39.42019
 -78.89339,  39.41776
 -78.86408,  39.42614
 -78.86297,  39.43008
END
 -15.00000, -78.76169,  39.42855
 -78.77635,  39.44254
 -78.77847,  39.42881
 -78.77676,  39.42672
 -78.76169,  39.42855
END
 -15.00000, -78.72374,  39.58533
 -78.74332,  39.59185
 -78.75602,  39.60831
 -78.76076,  39.63087
 -78.76192,  39.65337
 -78.75137,  39.67569
 -78.76054,  39.69831
 -78.76765,  39.72090
 -78.76602,  39.74337
 -78.76826,  39.75453
 -78.79301,  39.76626
 -78.76772,  39.77534
 -78.76377,  39.78830
 -78.76708,  39.79991
 -78.78703,  39.81113
 -78.76649,  39.82257
 -78.76334,  39.83326
 -78.76596,  39.84281
 -78.79125,  39.85617
 -78.79480,  39.86016
 -78.80637,  39.87888
 -78.80414,  39.90133
 -78.79352,  39.91002
 -78.76394,  39.92024
 -78.75961,  39.92313
 -78.75459,  39.94554
 -78.75869,  39.96809
 -78.75919,  39.99058
 -78.76201,  39.99388
 -78.78052,  39.99091
 -78.79156,  39.98606
 -78.80835,  39.96884
 -78.82150,  39.96279
 -78.83512,  39.94675
 -78.83767,  39.92431
 -78.83427,  39.90178
 -78.83614,  39.87933
 -78.83105,  39.85677
 -78.83709,  39.83437
 -78.82505,  39.82217
 -78.81126,  39.81150
 -78.79909,  39.78883
 -78.80077,  39.76638
 -78.81186,  39.74406
 -78.81454,  39.72161
 -78.81993,  39.69922
 -78.80806,  39.67656
 -78.79961,  39.67240
 -78.78557,  39.65373
 -78.78041,  39.63117
 -78.77573,  39.60862
 -78.77660,  39.58615
 -78.77285,  39.57792
 -78.74383,  39.57254
 -78.72374,  39.58533
END
 -15.00000, -79.11720,  39.68079
 -79.11742,  39.70328
 -79.10894,  39.72565
 -79.11168,  39.74817
 -79.11559,  39.77070
 -79.11388,  39.79316
 -79.11824,  39.79959
 -79.12566,  39.79330
 -79.12587,  39.77082
 -79.13976,  39.74852
 -79.13039,  39.72591
 -79.12111,  39.70332
 -79.12170,  39.68085
 -79.12075,  39.67910
 -79.11720,  39.68079
END
 -15.00000, -78.96333,  39.72375
 -78.96317,  39.74623
 -78.96671,  39.76876
 -78.96332,  39.79120
 -78.96629,  39.81372
 -78.95879,  39.83610
 -78.97070,  39.85308
 -78.98499,  39.85894
 -78.99949,  39.87500
 -79.02422,  39.85947
 -79.02917,  39.85789
 -79.04504,  39.83725
 -79.03003,  39.81881
 -79.02345,  39.81449
 -79.01369,  39.79188
 -79.00151,  39.78572
 -78.98180,  39.76897
 -78.97869,  39.74644
 -78.97573,  39.72392
 -78.97412,  39.70441
 -78.96333,  39.72375
END
 -15.00000, -78.84987,  39.76711
 -78.84838,  39.78957
 -78.85474,  39.80533
 -78.88422,  39.79669
 -78.88692,  39.79013
 -78.88466,  39.77836
 -78.86597,  39.76734
 -78.85623,  39.74513
 -78.84987,  39.76711
END
 -15.00000, -78.67619,  39.83188
 -78.67838,  39.83324
 -78.67876,  39.83192
 -78.67844,  39.83078
 -78.67619,  39.83188
END
 -15.00000, -79.26111,  39.88481
 -79.26281,  39.89275
 -79.26635,  39.88487
 -79.26305,  39.88007
 -79.26111,  39.88481
END
 -15.00000, -79.26096,  39.92976
 -79.26102,  39.95225
 -79.23965,  39.97449
 -79.24577,  39.99705
 -79.26079,  40.00031
 -79.27541,  39.99738
 -79.27547,  39.97489
 -79.26352,  39.95228
 -79.26534,  39.92981
 -79.26221,  39.92484
 -79.26096,  39.92976
END
 -15.00000, -79.16315,  39.92865
 -79.17138,  39.95123
 -79.17370,  39.95275
 -79.17504,  39.95127
 -79.17844,  39.92883
 -79.17429,  39.92347
 -79.16315,  39.92865
END
 -15.00000, -79.02029,  39.92686
 -79.02631,  39.94942
 -79.02705,  39.95293
 -79.02754,  39.94943
 -79.03032,  39.92699
 -79.02782,  39.91840
 -79.02029,  39.92686
END
 -15.00000, -80.81330,  39.98132
 -80.81611,  39.99065
 -80.83813,  40.00374
 -80.84554,  40.01021
 -80.86036,  40.02616
 -80.86938,  40.04861
 -80.87514,  40.05782
 -80.87898,  40.04858
 -80.88080,  40.02610
 -80.87653,  40.00363
 -80.88108,  39.98113
 -80.87467,  39.96713
 -80.84531,  39.96070
 -80.81604,  39.97557
 -80.81330,  39.98132
END
 -15.00000, -78.67201,  40.03417
 -78.66897,  40.05661
 -78.65400,  40.07885
 -78.65945,  40.10143
 -78.67077,  40.10970
 -78.67723,  40.10171
 -78.67870,  40.07925
 -78.67302,  40.05668
 -78.67308,  40.03419
 -78.67286,  40.03377
 -78.67201,  40.03417
END
 -15.00000, -78.83025,  40.08159
 -78.82914,  40.10406
 -78.83114,  40.12658
 -78.82076,  40.14890
 -78.81671,  40.15099
 -78.79041,  40.14845
 -78.78737,  40.14801
 -78.75809,  40.14281
 -78.73738,  40.12515
 -78.72919,  40.12335
 -78.71798,  40.12485
 -78.70150,  40.14707
 -78.70782,  40.16965
 -78.71059,  40.19218
 -78.72289,  40.21486
 -78.72659,  40.22059
 -78.73802,  40.21510
 -78.75629,  40.21109
 -78.78565,  40.21434
 -78.78771,  40.21586
 -78.80158,  40.23856
 -78.81414,  40.25187
 -78.84341,  40.25907
 -78.87294,  40.25664
 -78.87707,  40.23967
 -78.87801,  40.21719
 -78.90382,  40.19817
 -78.90995,  40.19516
 -78.92041,  40.17282
 -78.92272,  40.15037
 -78.92474,  40.12791
 -78.90945,  40.10522
 -78.90623,  40.09870
 -78.89337,  40.08250
 -78.87761,  40.06693
 -78.84793,  40.07877
 -78.83025,  40.08159
END
 -15.00000, -80.81505,  40.22860
 -80.81718,  40.23670
 -80.82273,  40.22858
 -80.81714,  40.22516
 -80.81505,  40.22860
END
 -15.00000, -81.28996,  40.27137
 -81.29921,  40.29379
 -81.30105,  40.31627
 -81.30224,  40.33875
 -81.30470,  40.36121
 -81.30416,  40.38370
 -81.30357,  40.40618
 -81.30016,  40.42869
 -81.29234,  40.45122
 -81.29088,  40.45356
 -81.26143,  40.46221
 -81.25294,  40.45148
 -81.24729,  40.42904
 -81.24332,  40.40657
 -81.24318,  40.38409
 -81.24207,  40.36162
 -81.24464,  40.33912
 -81.24529,  40.31663
 -81.24707,  40.29414
 -81.25471,  40.27160
 -81.25928,  40.26765
 -81.28877,  40.27032
 -81.28996,  40.27137
END
 -15.00000, -78.85871,  40.28437
 -78.87176,  40.30458
 -78.88077,  40.28469
 -78.87273,  40.26512
 -78.85871,  40.28437
END
 -15.00000, -78.71622,  40.32719
 -78.72155,  40.34976
 -78.72310,  40.35030
 -78.72353,  40.34979
 -78.72659,  40.32735
 -78.72379,  40.32463
 -78.71622,  40.32719
END
 -15.00000, -81.10889,  40.42982
 -81.11353,  40.44626
 -81.13818,  40.42967
 -81.11333,  40.42343
 -81.10889,  40.42982
END
 -15.00000, -79.16288,  40.44576
 -79.16368,  40.44777
 -79.16523,  40.44579
 -79.16377,  40.44343
 -79.16288,  40.44576
END
 -15.00000, -78.84412,  40.48653
 -78.83724,  40.50388
 -78.80769,  40.50329
 -78.80135,  40.48590
 -78.80840,  40.47581
 -78.83793,  40.47684
 -78.84412,  40.48653
END
 -15.00000, -79.13818,  40.62535
 -79.14062,  40.64786
 -79.13460,  40.67028
 -79.13727,  40.69279
 -79.14760,  40.71540
 -79.14964,  40.73791
 -79.14798,  40.76038
 -79.14183,  40.78279
 -79.12668,  40.80388
 -79.10236,  40.78231
 -79.09774,  40.76809
 -79.09601,  40.75975
 -79.09215,  40.73721
 -79.09675,  40.71479
 -79.09904,  40.70786
 -79.11015,  40.69247
 -79.11868,  40.67008
 -79.10756,  40.64746
 -79.11543,  40.62508
 -79.13056,  40.61877
 -79.13818,  40.62535
END
 -15.00000, -78.69181,  40.64162
 -78.68539,  40.64872
 -78.65589,  40.64365
 -78.65393,  40.64101
 -78.65616,  40.63396
 -78.68607,  40.62387
 -78.69181,  40.64162
END
 -15.00000, -81.34647,  40.67568
 -81.35154,  40.69813
 -81.35217,  40.72060
 -81.35326,  40.74308
 -81.35358,  40.74356
 -81.38342,  40.75597
 -81.39796,  40.76523
 -81.40479,  40.78766
 -81.41248,  40.81009
 -81.41403,  40.82545
 -81.41563,  40.83255
 -81.43766,  40.85486
 -81.44423,  40.86002
 -81.45262,  40.87722
 -81.45397,  40.89970
 -81.45072,  40.92221
 -81.44909,  40.94471
 -81.45305,  40.96716
 -81.44603,  40.98915
 -81.44569,  40.98970
 -81.41636,  40.99799
 -81.40941,  40.98998
 -81.40834,  40.96751
 -81.40021,  40.94509
 -81.39783,  40.92262
 -81.39423,  40.90017
 -81.39321,  40.87769
 -81.38484,  40.86535
 -81.36457,  40.85541
 -81.35491,  40.84957
 -81.34416,  40.83308
 -81.33569,  40.81065
 -81.33471,  40.78818
 -81.32423,  40.76986
 -81.31690,  40.76582
 -81.29787,  40.74346
 -81.29403,  40.72585
 -81.29189,  40.72102
 -81.29305,  40.69853
 -81.29369,  40.69716
 -81.29903,  40.67601
 -81.32290,  40.65974
 -81.34647,  40.67568
END
 -15.00000, -79.80901,  40.76634
 -79.79492,  40.78874
 -79.80988,  40.80127
 -79.82419,  40.78892
 -79.81091,  40.76635
 -79.81027,  40.76560
 -79.80901,  40.76634
END
 -15.00000, -78.69730,  40.77663
 -78.69540,  40.79908
 -78.68092,  40.80994
 -78.65151,  40.79927
 -78.65079,  40.79837
 -78.64799,  40.77584
 -78.65234,  40.76958
 -78.68230,  40.76041
 -78.69730,  40.77663
END
 -15.00000, -81.54570,  40.83147
 -81.54549,  40.85396
 -81.54377,  40.87646
 -81.54159,  40.89896
 -81.53691,  40.92149
 -81.53689,  40.94397
 -81.53474,  40.94688
 -81.52544,  40.94407
 -81.52076,  40.92163
 -81.50433,  40.90396
 -81.50351,  40.89929
 -81.50014,  40.87683
 -81.49871,  40.85436
 -81.49855,  40.83188
 -81.50314,  40.82372
 -81.53276,  40.81711
 -81.54570,  40.83147
END
 -15.00000, -81.15971,  40.87921
 -81.17429,  40.90161
 -81.17714,  40.90685
 -81.17881,  40.90158
 -81.18375,  40.87907
 -81.17672,  40.86395
 -81.15971,  40.87921
END
 -15.00000, -79.92329,  40.87941
 -79.92789,  40.88960
 -79.93222,  40.87945
 -79.92805,  40.87263
 -79.92329,  40.87941
END
 -15.00000, -79.76915,  40.87851
 -79.76960,  40.90099
 -79.77296,  40.92350
 -79.77612,  40.94601
 -79.77853,  40.94893
 -79.80247,  40.96865
 -79.80733,  40.99116
 -79.80783,  40.99201
 -79.83223,  41.01380
 -79.83732,  41.02097
 -79.85544,  41.03641
 -79.86404,  41.05894
 -79.86075,  41.08141
 -79.86645,  41.08847
 -79.88488,  41.08155
 -79.87814,  41.05902
 -79.89638,  41.03664
 -79.88777,  41.01411
 -79.88789,  40.99163
 -79.87829,  40.96909
 -79.86771,  40.96025
 -79.85019,  40.94646
 -79.83891,  40.92390
 -79.83833,  40.92252
 -79.82874,  40.90136
 -79.82331,  40.87885
 -79.80917,  40.86731
 -79.77944,  40.86776
 -79.76915,  40.87851
END
 -15.00000, -79.64061,  40.87760
 -79.63659,  40.90005
 -79.63027,  40.90588
 -79.60264,  40.89979
 -79.61076,  40.87737
 -79.63080,  40.86644
 -79.64061,  40.87760
END
 -15.00000, -79.27721,  40.87426
 -79.27802,  40.89676
 -79.27340,  40.89983
 -79.26802,  40.89665
 -79.27026,  40.87419
 -79.27392,  40.87201
 -79.27721,  40.87426
END
 -15.00000, -79.59821,  40.92224
 -79.60024,  40.92589
 -79.60695,  40.94479
 -79.61428,  40.96733
 -79.61165,  40.98979
 -79.59906,  41.01052
 -79.59704,  41.01216
 -79.56911,  41.02148
 -79.55183,  41.01180
 -79.54320,  40.98923
 -79.54027,  40.96673
 -79.54790,  40.94431
 -79.55669,  40.92190
 -79.57067,  40.91323
 -79.59821,  40.92224
END
 -15.00000, -79.24667,  40.96387
 -79.27045,  40.98661
 -79.27174,  40.98755
 -79.29462,  41.00936
 -79.30068,  41.03190
 -79.29465,  41.05433
 -79.27026,  41.06550
 -79.24974,  41.05384
 -79.24281,  41.03128
 -79.24120,  41.02611
 -79.22028,  41.00854
 -79.21183,  41.00454
 -79.19878,  40.98582
 -79.21010,  40.96346
 -79.21271,  40.96005
 -79.24246,  40.96130
 -79.24667,  40.96387
END
 -15.00000, -81.59148,  40.98845
 -81.57771,  41.01106
 -81.58134,  41.03351
 -81.56604,  41.04404
 -81.55869,  41.03371
 -81.55975,  41.01122
 -81.55320,  40.98879
 -81.56481,  40.96640
 -81.59148,  40.98845
END
 -15.00000, -79.94370,  41.03689
 -79.95633,  41.04273
 -79.97104,  41.03702
 -79.95642,  41.03167
 -79.94370,  41.03689
END
 -15.00000, -81.56859,  41.12356
 -81.57542,  41.14598
 -81.56776,  41.15310
 -81.56264,  41.14610
 -81.56644,  41.12358
 -81.56728,  41.12293
 -81.56859,  41.12356
END
 -15.00000, -79.69002,  41.12528
 -79.69561,  41.14780
 -79.69994,  41.17031
 -79.69943,  41.19280
 -79.68593,  41.20949
 -79.65607,  41.20723
 -79.64552,  41.19241
 -79.64487,  41.16991
 -79.64939,  41.14746
 -79.65573,  41.12503
 -79.65717,  41.12324
 -79.68704,  41.12157
 -79.69002,  41.12528
END
 -15.00000, -81.34845,  41.17030
 -81.34682,  41.19279
 -81.35948,  41.21110
 -81.38914,  41.19397
 -81.38983,  41.19248
 -81.38889,  41.17463
 -81.38772,  41.17001
 -81.35869,  41.14893
 -81.34845,  41.17030
END
 -15.00000, -80.01270,  41.17211
 -80.00823,  41.19457
 -80.00735,  41.21705
 -80.00183,  41.23951
 -80.01059,  41.26203
 -80.00787,  41.28450
 -80.01400,  41.29538
 -80.02605,  41.28458
 -80.01817,  41.26207
 -80.02674,  41.23962
 -80.02308,  41.21712
 -80.03225,  41.19468
 -80.02345,  41.17215
 -80.01498,  41.16833
 -80.01270,  41.17211
END
 -15.00000, -79.47912,  41.21352
 -79.49406,  41.23613
 -79.48315,  41.25852
 -79.47584,  41.26592
 -79.46637,  41.25837
 -79.45268,  41.23576
 -79.47326,  41.21346
 -79.47669,  41.21177
 -79.47912,  41.21352
END
 -15.00000, -81.58808,  41.23580
 -81.59917,  41.24782
 -81.62915,  41.25260
 -81.63441,  41.25785
 -81.64975,  41.28019
 -81.65353,  41.30264
 -81.65342,  41.32512
 -81.65244,  41.34761
 -81.64658,  41.37015
 -81.64168,  41.39268
 -81.63176,  41.40744
 -81.60726,  41.39300
 -81.60141,  41.38482
 -81.59662,  41.37062
 -81.59034,  41.34819
 -81.58849,  41.32573
 -81.58981,  41.30323
 -81.59114,  41.28074
 -81.59103,  41.25826
 -81.56924,  41.24585
 -81.56109,  41.23605
 -81.56885,  41.22144
 -81.58808,  41.23580
END
 -15.00000, -81.32990,  41.23788
 -81.32977,  41.26036
 -81.32085,  41.28290
 -81.32648,  41.30535
 -81.32256,  41.32785
 -81.32696,  41.35031
 -81.33096,  41.37276
 -81.33179,  41.39524
 -81.33186,  41.39540
 -81.33192,  41.39523
 -81.33267,  41.37275
 -81.33919,  41.35022
 -81.34222,  41.32772
 -81.33752,  41.30527
 -81.33953,  41.28278
 -81.33105,  41.26035
 -81.32998,  41.23788
 -81.32992,  41.23776
 -81.32990,  41.23788
END
 -15.00000, -79.55235,  41.32656
 -79.55967,  41.34911
 -79.56429,  41.35387
 -79.59347,  41.37186
 -79.59396,  41.37362
 -79.59911,  41.39439
 -79.59352,  41.40466
 -79.57588,  41.41668
 -79.56327,  41.42354
 -79.53338,  41.41753
 -79.52911,  41.41629
 -79.50353,  41.40885
 -79.49125,  41.39349
 -79.48679,  41.37096
 -79.48756,  41.34849
 -79.49088,  41.32603
 -79.50507,  41.30951
 -79.53500,  41.30943
 -79.55235,  41.32656
END
 -15.00000, -79.85612,  41.37366
 -79.85545,  41.39613
 -79.85813,  41.41863
 -79.85114,  41.44107
 -79.83394,  41.46346
 -79.83263,  41.46936
 -79.82970,  41.48592
 -79.83243,  41.48907
 -79.84441,  41.50848
 -79.85241,  41.53101
 -79.86182,  41.55080
 -79.89201,  41.53496
 -79.89462,  41.53124
 -79.89211,  41.52494
 -79.88122,  41.50869
 -79.88609,  41.48623
 -79.87582,  41.46370
 -79.87457,  41.44120
 -79.87420,  41.41872
 -79.89326,  41.40539
 -79.89716,  41.39636
 -79.89354,  41.37589
 -79.89262,  41.37386
 -79.86376,  41.35766
 -79.85612,  41.37366
END
 -15.00000, -81.63741,  41.48265
 -81.63329,  41.49755
 -81.61901,  41.48283
 -81.63290,  41.47457
 -81.63741,  41.48265
END
 -15.00000, -81.46342,  41.52914
 -81.47657,  41.55152
 -81.48403,  41.55437
 -81.48786,  41.55143
 -81.49386,  41.52890
 -81.48335,  41.50846
 -81.46342,  41.52914
END
 -15.00000, -79.76231,  41.53045
 -79.77085,  41.55299
 -79.77166,  41.55425
 -79.77223,  41.55300
 -79.77827,  41.53056
 -79.77199,  41.52522
 -79.76231,  41.53045
END
 -15.00000, -79.54523,  41.52884
 -79.54814,  41.55135
 -79.56122,  41.56384
 -79.58261,  41.57412
 -79.59088,  41.59099
 -79.59230,  41.59668
 -79.59076,  41.59941
 -79.56059,  41.60638
 -79.54604,  41.59630
 -79.54033,  41.57377
 -79.53110,  41.56865
 -79.50974,  41.57351
 -79.50091,  41.57787
 -79.48373,  41.57328
 -79.47097,  41.57065
 -79.45882,  41.55057
 -79.45799,  41.52808
 -79.47182,  41.51767
 -79.50194,  41.51147
 -79.53194,  41.51349
 -79.54523,  41.52884
END
 -15.00000, -79.85899,  41.64345
 -79.86084,  41.64771
 -79.86779,  41.64350
 -79.86093,  41.63895
 -79.85899,  41.64345
END
 -15.00000, -79.45711,  41.64048
 -79.43973,  41.64250
 -79.40967,  41.64116
 -79.40877,  41.64004
 -79.40972,  41.63812
 -79.43990,  41.63211
 -79.45711,  41.64048
END
 -15.00000, -81.57432,  41.66309
 -81.56290,  41.68567
 -81.57661,  41.70642
 -81.60044,  41.68534
 -81.58208,  41.66302
 -81.57588,  41.66146
 -81.57432,  41.66309
END
 -15.00000, -79.91897,  41.73369
 -79.92021,  41.73397
 -79.92037,  41.73370
 -79.92022,  41.73323
 -79.91897,  41.73369
END
 -15.00000, -81.42329,  41.77676
 -81.42073,  41.79926
 -81.42755,  41.81599
 -81.43136,  41.79918
 -81.42970,  41.77671
 -81.42697,  41.77422
 -81.42329,  41.77676
END
 -15.00000, -79.38015,  41.77465
 -79.38293,  41.79716
 -79.37661,  41.81137
 -79.36564,  41.79699
 -79.37221,  41.77457
 -79.37729,  41.77246
 -79.38015,  41.77465
END
 -15.00000, -81.73620,  41.84138
 -81.72993,  41.85600
 -81.71677,  41.84158
 -81.72942,  41.82826
 -81.73620,  41.84138
END
 -15.00000, -79.47731,  41.88796
 -79.46573,  41.89551
 -79.45937,  41.88780
 -79.46601,  41.87801
 -79.47731,  41.88796
END
 -15.00000, -81.45535,  41.93386
 -81.45955,  41.94395
 -81.47928,  41.93367
 -81.45921,  41.92007
 -81.45535,  41.93386
END
 -15.00000, -79.76496,  41.98008
 -79.76669,  41.98471
 -79.76841,  41.98009
 -79.76676,  41.97880
 -79.76496,  41.98008
END
 -15.00000, -79.24042,  41.97554
 -79.24664,  41.99809
 -79.25213,  42.00816
 -79.28226,  42.01463
 -79.29060,  42.02103
 -79.29511,  42.04356
 -79.28146,  42.05633
 -79.25138,  42.04661
 -79.24790,  42.04306
 -79.24275,  42.02052
 -79.22182,  42.01130
 -79.20451,  41.99763
 -79.20486,  41.97514
 -79.22277,  41.96349
 -79.24042,  41.97554
END
 -15.00000, -81.51266,  42.02332
 -81.51247,  42.04580
 -81.52180,  42.06205
 -81.53642,  42.04559
 -81.53232,  42.02315
 -81.52107,  42.01416
 -81.51266,  42.02332
END
 -15.00000, -81.77261,  42.04333
 -81.76376,  42.04803
 -81.75988,  42.04346
 -81.76347,  42.03261
 -81.77261,  42.04333
END
 -15.00000, -79.12998,  42.06421
 -79.14234,  42.08683
 -79.13670,  42.10925
 -79.13652,  42.13172
 -79.12818,  42.14515
 -79.11367,  42.13145
 -79.11481,  42.10899
 -79.10441,  42.08638
 -79.12978,  42.06421
 -79.12991,  42.06410
 -79.12998,  42.06421
END
 -15.00000, -79.53475,  42.13572
 -79.52211,  42.15779
 -79.51279,  42.13554
 -79.52262,  42.12457
 -79.53475,  42.13572
END
 -15.00000, -79.34609,  42.17896
 -79.35054,  42.20147
 -79.35213,  42.22397
 -79.34855,  42.24641
 -79.33837,  42.25645
 -79.30798,  42.25736
 -79.29684,  42.24588
 -79.29374,  42.22337
 -79.29583,  42.20092
 -79.29924,  42.17848
 -79.30966,  42.16772
 -79.33992,  42.17148
 -79.34609,  42.17896
END
 -15.00000, -81.59234,  42.38226
 -81.58781,  42.39418
 -81.57961,  42.40485
 -81.57245,  42.42739
 -81.55815,  42.44297
 -81.55268,  42.45004
 -81.52802,  42.46377
 -81.52410,  42.47276
 -81.52460,  42.49523
 -81.52863,  42.50298
 -81.54390,  42.51754
 -81.54900,  42.53997
 -81.55096,  42.56242
 -81.54919,  42.58491
 -81.56069,  42.60130
 -81.58261,  42.60709
 -81.59144,  42.61425
 -81.59761,  42.60695
 -81.60535,  42.58441
 -81.61562,  42.56184
 -81.62074,  42.54132
 -81.62104,  42.53932
 -81.63224,  42.51674
 -81.64249,  42.49417
 -81.64563,  42.47167
 -81.64374,  42.44921
 -81.64256,  42.42675
 -81.64242,  42.40427
 -81.64155,  42.38181
 -81.61770,  42.36256
 -81.59234,  42.38226
END
 -15.00000, -81.83911,  42.42473
 -81.84232,  42.44717
 -81.83703,  42.46971
 -81.83662,  42.49219
 -81.83334,  42.49659
 -81.81647,  42.49241
 -81.81178,  42.46999
 -81.80194,  42.44995
 -81.80171,  42.44762
 -81.80188,  42.44675
 -81.81259,  42.42502
 -81.83177,  42.41877
 -81.83911,  42.42473
END
 -15.00000, -79.53148,  42.51779
 -79.54680,  42.53248
 -79.55105,  42.54042
 -79.56382,  42.56300
 -79.57610,  42.58557
 -79.54573,  42.60286
 -79.51514,  42.60704
 -79.49883,  42.58493
 -79.49873,  42.56245
 -79.49910,  42.53999
 -79.50749,  42.51759
 -79.51664,  42.51057
 -79.53148,  42.51779
END
 -15.00000, -81.59685,  42.67439
 -81.59370,  42.69689
 -81.59747,  42.71932
 -81.60616,  42.74171
 -81.62447,  42.75977
 -81.65489,  42.74955
 -81.67003,  42.74111
 -81.66766,  42.71867
 -81.65410,  42.70482
 -81.64942,  42.69637
 -81.64046,  42.67398
 -81.62272,  42.65773
 -81.59685,  42.67439
END
 -15.00000, -79.58578,  42.72049
 -79.59398,  42.74302
 -79.57395,  42.76011
 -79.55669,  42.74272
 -79.56506,  42.72032
 -79.57462,  42.71521
 -79.58578,  42.72049
END
 -14.00000, -79.63191,  38.92182
 -79.63651,  38.94434
 -79.63038,  38.96675
 -79.63462,  38.98925
 -79.62627,  39.00439
 -79.59731,  39.00705
 -79.57968,  38.98881
 -79.58661,  38.96640
 -79.58957,  38.94396
 -79.59839,  38.92798
 -79.60527,  38.92161
 -79.62742,  38.91651
 -79.63191,  38.92182
END
 -14.00000, -79.49371,  38.92065
 -79.49909,  38.94317
 -79.50209,  38.96567
 -79.50298,  38.98814
 -79.51064,  39.00111
 -79.52607,  39.01082
 -79.53190,  39.03335
 -79.53428,  39.05584
 -79.53461,  39.07832
 -79.50937,  39.08655
 -79.49577,  39.07797
 -79.48059,  39.07512
 -79.46790,  39.07771
 -79.45367,  39.10005
 -79.45575,  39.12255
 -79.45740,  39.14503
 -79.46008,  39.16754
 -79.45721,  39.18998
 -79.44952,  39.21001
 -79.44827,  39.21237
 -79.42013,  39.23330
 -79.39135,  39.21912
 -79.36460,  39.21155
 -79.36249,  39.21057
 -79.36158,  39.21152
 -79.35247,  39.23390
 -79.35117,  39.25636
 -79.34513,  39.27877
 -79.33912,  39.30119
 -79.33158,  39.31892
 -79.30264,  39.31237
 -79.29861,  39.30075
 -79.29242,  39.27821
 -79.28025,  39.25560
 -79.28082,  39.23314
 -79.27540,  39.21415
 -79.27436,  39.21059
 -79.27538,  39.18812
 -79.27590,  39.18703
 -79.30490,  39.18667
 -79.32553,  39.18867
 -79.33385,  39.18952
 -79.33523,  39.18877
 -79.34635,  39.16641
 -79.35080,  39.14397
 -79.34743,  39.12147
 -79.33823,  39.09890
 -79.33690,  39.07641
 -79.33598,  39.06727
 -79.33334,  39.05390
 -79.33639,  39.04408
 -79.33978,  39.03150
 -79.33673,  39.02444
 -79.32503,  39.00887
 -79.30830,  38.99699
 -79.30408,  38.98617
 -79.30872,  38.97363
 -79.33469,  38.96402
 -79.33781,  38.96216
 -79.33953,  38.96408
 -79.35033,  38.98666
 -79.36595,  39.00724
 -79.38422,  38.98700
 -79.39551,  38.96899
 -79.39865,  38.96468
 -79.42462,  38.95587
 -79.44704,  38.94268
 -79.45396,  38.92796
 -79.46691,  38.92039
 -79.48308,  38.91249
 -79.49371,  38.92065
END
 -14.00000, -79.83813,  38.96821
 -79.84700,  38.99073
 -79.84231,  39.01318
 -79.83955,  39.03563
 -79.85709,  39.05669
 -79.85962,  39.05822
 -79.87688,  39.08079
 -79.88578,  39.08428
 -79.89169,  39.08088
 -79.91487,  39.06805
 -79.93259,  39.08110
 -79.94363,  39.09052
 -79.95641,  39.10369
 -79.97240,  39.11295
 -79.98598,  39.12631
 -79.99624,  39.14883
 -80.00105,  39.15315
 -80.02998,  39.16108
 -80.04757,  39.17154
 -80.05284,  39.19403
 -80.05865,  39.20732
 -80.07460,  39.21659
 -80.08752,  39.22826
 -80.11654,  39.22604
 -80.14553,  39.23008
 -80.16871,  39.23940
 -80.17423,  39.26189
 -80.17438,  39.26198
 -80.18733,  39.28440
 -80.19123,  39.30688
 -80.20316,  39.31486
 -80.23218,  39.32123
 -80.23985,  39.32949
 -80.25543,  39.35200
 -80.26110,  39.35421
 -80.29013,  39.36412
 -80.29765,  39.37457
 -80.30325,  39.39706
 -80.31905,  39.41688
 -80.32812,  39.41958
 -80.34810,  39.43219
 -80.37717,  39.44186
 -80.38480,  39.41966
 -80.40635,  39.40034
 -80.43542,  39.41375
 -80.43689,  39.41972
 -80.44257,  39.44219
 -80.44808,  39.46468
 -80.45490,  39.48716
 -80.46443,  39.50438
 -80.47320,  39.50964
 -80.48385,  39.53212
 -80.49355,  39.53650
 -80.51874,  39.53213
 -80.52270,  39.53145
 -80.52490,  39.53213
 -80.55184,  39.55039
 -80.55718,  39.55460
 -80.58101,  39.56302
 -80.58858,  39.57706
 -80.58923,  39.59954
 -80.58844,  39.62202
 -80.58826,  39.64449
 -80.58109,  39.65438
 -80.56582,  39.66698
 -80.56541,  39.68946
 -80.57327,  39.71194
 -80.58115,  39.72500
 -80.58765,  39.73441
 -80.59049,  39.75689
 -80.59913,  39.77935
 -80.61046,  39.78957
 -80.63187,  39.77933
 -80.63966,  39.76057
 -80.64046,  39.75684
 -80.65714,  39.73434
 -80.66882,  39.72448
 -80.67935,  39.73431
 -80.69183,  39.75678
 -80.69817,  39.77174
 -80.70007,  39.77924
 -80.70408,  39.80172
 -80.70549,  39.82420
 -80.71162,  39.84666
 -80.72769,  39.86184
 -80.73647,  39.86910
 -80.74538,  39.89156
 -80.75027,  39.91403
 -80.75517,  39.93650
 -80.75726,  39.94231
 -80.76331,  39.95896
 -80.75839,  39.98145
 -80.76173,  40.00393
 -80.75750,  40.01074
 -80.75300,  40.02642
 -80.75333,  40.04890
 -80.75413,  40.07138
 -80.75370,  40.09386
 -80.75784,  40.11021
 -80.76174,  40.11633
 -80.75792,  40.13048
 -80.75713,  40.13882
 -80.75796,  40.14109
 -80.77627,  40.16125
 -80.78751,  40.17965
 -80.78982,  40.18370
 -80.78755,  40.18892
 -80.78056,  40.20621
 -80.76997,  40.22871
 -80.77551,  40.25118
 -80.78252,  40.27364
 -80.78794,  40.28824
 -80.79182,  40.29610
 -80.80560,  40.31855
 -80.80756,  40.34103
 -80.80758,  40.36351
 -80.79961,  40.38602
 -80.81097,  40.40847
 -80.81799,  40.41989
 -80.83524,  40.40841
 -80.84737,  40.38768
 -80.84768,  40.38589
 -80.85319,  40.36339
 -80.85631,  40.34090
 -80.87653,  40.31902
 -80.88538,  40.34082
 -80.88802,  40.36329
 -80.89495,  40.38575
 -80.89018,  40.40825
 -80.88373,  40.43075
 -80.88074,  40.45324
 -80.88802,  40.47570
 -80.88773,  40.49818
 -80.88436,  40.52067
 -80.88650,  40.54315
 -80.88929,  40.56562
 -80.89332,  40.58809
 -80.89716,  40.61056
 -80.90059,  40.63303
 -80.90791,  40.64834
 -80.92095,  40.65545
 -80.92554,  40.67791
 -80.93786,  40.69897
 -80.95002,  40.67783
 -80.94914,  40.65534
 -80.95079,  40.63286
 -80.95956,  40.61034
 -80.95942,  40.58786
 -80.96519,  40.56535
 -80.96051,  40.54289
 -80.96282,  40.52040
 -80.95949,  40.49793
 -80.96127,  40.47544
 -80.96599,  40.47054
 -80.97224,  40.47540
 -80.97728,  40.49786
 -80.97291,  40.52036
 -80.98070,  40.54281
 -80.97137,  40.56533
 -80.98613,  40.58775
 -80.97926,  40.61026
 -80.98662,  40.63272
 -80.97853,  40.65524
 -80.97411,  40.67773
 -80.97243,  40.70023
 -80.96761,  40.71349
 -80.96116,  40.72275
 -80.96343,  40.74522
 -80.96784,  40.74856
 -80.99273,  40.76759
 -80.99770,  40.77330
 -81.01314,  40.78999
 -81.02280,  40.81243
 -81.02771,  40.81565
 -81.04089,  40.83483
 -81.05428,  40.85725
 -81.05778,  40.86035
 -81.08096,  40.87961
 -81.08315,  40.90208
 -81.08128,  40.92458
 -81.08819,  40.94030
 -81.09019,  40.94702
 -81.09761,  40.96946
 -81.10490,  40.99191
 -81.11855,  41.00738
 -81.12176,  41.01431
 -81.12395,  41.03677
 -81.13560,  41.05920
 -81.13982,  41.08166
 -81.14261,  41.10413
 -81.14034,  41.12662
 -81.14458,  41.14908
 -81.14899,  41.17154
 -81.14996,  41.17770
 -81.15292,  41.19400
 -81.15798,  41.21646
 -81.16138,  41.23892
 -81.16715,  41.26138
 -81.18082,  41.27756
 -81.18506,  41.28376
 -81.18097,  41.29212
 -81.16419,  41.30635
 -81.15131,  41.32012
 -81.14060,  41.32896
 -81.15107,  41.35139
 -81.15162,  41.35172
 -81.18171,  41.36557
 -81.18931,  41.37366
 -81.19172,  41.39612
 -81.18219,  41.41341
 -81.17482,  41.41870
 -81.17454,  41.44118
 -81.18266,  41.46034
 -81.18365,  41.46362
 -81.19818,  41.48602
 -81.20485,  41.50845
 -81.20529,  41.53094
 -81.21150,  41.55338
 -81.20994,  41.57587
 -81.21268,  41.59834
 -81.21413,  41.60065
 -81.23381,  41.62069
 -81.23880,  41.64314
 -81.23016,  41.66568
 -81.22340,  41.68819
 -81.22004,  41.71070
 -81.21537,  41.71732
 -81.20660,  41.73326
 -81.21575,  41.75381
 -81.21743,  41.75567
 -81.23147,  41.77807
 -81.23507,  41.80053
 -81.24304,  41.82296
 -81.24676,  41.83218
 -81.25237,  41.84538
 -81.27723,  41.85848
 -81.28876,  41.86763
 -81.29782,  41.89005
 -81.29517,  41.91254
 -81.29329,  41.93504
 -81.29170,  41.95753
 -81.29272,  41.98000
 -81.28900,  42.00250
 -81.28738,  42.02499
 -81.28819,  42.04746
 -81.30995,  42.06896
 -81.31133,  42.06979
 -81.33056,  42.09214
 -81.32372,  42.11466
 -81.33710,  42.13705
 -81.33221,  42.15956
 -81.34151,  42.17052
 -81.34464,  42.18195
 -81.34185,  42.19756
 -81.33945,  42.20446
 -81.34220,  42.22511
 -81.34230,  42.22692
 -81.34224,  42.22810
 -81.33958,  42.24941
 -81.33338,  42.27193
 -81.32413,  42.29447
 -81.31275,  42.29905
 -81.28255,  42.31512
 -81.25208,  42.30853
 -81.24844,  42.29496
 -81.25120,  42.27246
 -81.25166,  42.27059
 -81.25979,  42.24994
 -81.26701,  42.22742
 -81.27939,  42.20486
 -81.28123,  42.20237
 -81.29165,  42.18231
 -81.29584,  42.15980
 -81.30027,  42.13729
 -81.29720,  42.11484
 -81.27998,  42.09591
 -81.27674,  42.09249
 -81.26841,  42.07007
 -81.24924,  42.05566
 -81.24358,  42.04774
 -81.23700,  42.02530
 -81.24566,  42.00278
 -81.24678,  41.98029
 -81.24063,  41.95785
 -81.23676,  41.93539
 -81.23828,  41.91290
 -81.24085,  41.89041
 -81.23860,  41.86794
 -81.21687,  41.85936
 -81.19195,  41.84574
 -81.18642,  41.83188
 -81.18198,  41.84580
 -81.17831,  41.86830
 -81.16679,  41.89084
 -81.17238,  41.91328
 -81.16476,  41.93581
 -81.17944,  41.95821
 -81.18775,  41.96302
 -81.19846,  41.98058
 -81.18811,  41.99872
 -81.15788,  41.99951
 -81.14717,  41.98086
 -81.12733,  41.96798
 -81.09790,  41.98111
 -81.10845,  42.00354
 -81.12579,  42.02592
 -81.12756,  42.04839
 -81.12809,  42.04957
 -81.13680,  42.07083
 -81.14178,  42.09328
 -81.15405,  42.11569
 -81.15915,  42.13015
 -81.16384,  42.13811
 -81.17986,  42.16050
 -81.18992,  42.17505
 -81.19314,  42.18291
 -81.19604,  42.20536
 -81.20149,  42.22781
 -81.19954,  42.25030
 -81.19092,  42.27220
 -81.19054,  42.27282
 -81.19095,  42.27478
 -81.19411,  42.29528
 -81.22064,  42.31761
 -81.22182,  42.32042
 -81.23289,  42.34000
 -81.23566,  42.36247
 -81.22894,  42.38498
 -81.22681,  42.40746
 -81.23743,  42.42988
 -81.23846,  42.45235
 -81.24213,  42.47480
 -81.24780,  42.49724
 -81.25431,  42.50587
 -81.27499,  42.51954
 -81.28506,  42.52827
 -81.29095,  42.54191
 -81.29967,  42.56433
 -81.30391,  42.58677
 -81.30906,  42.60921
 -81.30884,  42.63169
 -81.31470,  42.65413
 -81.31525,  42.67659
 -81.31753,  42.68875
 -81.32149,  42.69902
 -81.33018,  42.72144
 -81.34874,  42.73882
 -81.35737,  42.74371
 -81.37966,  42.76338
 -81.38154,  42.76601
 -81.39892,  42.78836
 -81.40877,  42.81076
 -81.40788,  42.83323
 -81.41128,  42.83614
 -81.44215,  42.85237
 -81.44489,  42.85542
 -81.46825,  42.87771
 -81.47347,  42.89808
 -81.47604,  42.90012
 -81.50430,  42.90803
 -81.53512,  42.91704
 -81.55531,  42.92192
 -81.56598,  42.92810
 -81.59529,  42.94405
 -81.59694,  42.94455
 -81.61701,  42.96632
 -81.62818,  42.97606
 -81.63510,  42.98862
 -81.63147,  43.01112
 -81.63850,  43.03352
 -81.63779,  43.05599
 -81.64391,  43.07841
 -81.64658,  43.10085
 -81.65272,  43.12326
 -81.65536,  43.14570
 -81.66228,  43.16652
 -81.66331,  43.16809
 -81.66235,  43.17085
 -81.66013,  43.19058
 -81.66293,  43.20320
 -81.66828,  43.21297
 -81.66321,  43.21880
 -81.65845,  43.23553
 -81.66380,  43.25164
 -81.66982,  43.25788
 -81.66414,  43.27094
 -81.66270,  43.28042
 -81.66444,  43.28767
 -81.67468,  43.30276
 -81.67467,  43.32523
 -81.67519,  43.34768
 -81.67237,  43.37017
 -81.66609,  43.37982
 -81.66349,  43.39272
 -81.66671,  43.41405
 -81.66714,  43.41515
 -81.66673,  43.41553
 -81.65966,  43.43768
 -81.66720,  43.46007
 -81.66202,  43.48258
 -81.66753,  43.50498
 -81.66315,  43.52748
 -81.66266,  43.54995
 -81.65440,  43.57248
 -81.65052,  43.59498
 -81.64661,  43.61747
 -81.64624,  43.63993
 -81.64294,  43.66243
 -81.64591,  43.68485
 -81.64091,  43.70584
 -81.64032,  43.70736
 -81.64114,  43.71844
 -81.64182,  43.72980
 -81.64136,  43.73098
 -81.62748,  43.75239
 -81.61095,  43.76993
 -81.59470,  43.77514
 -81.58016,  43.78815
 -81.54919,  43.79606
 -81.54108,  43.79805
 -81.52110,  43.82067
 -81.51852,  43.82405
 -81.50962,  43.84322
 -81.50990,  43.86567
 -81.50674,  43.88814
 -81.51082,  43.91056
 -81.50792,  43.93303
 -81.48930,  43.94809
 -81.48460,  43.95567
 -81.46207,  43.97829
 -81.45873,  43.98979
 -81.45753,  44.00077
 -81.45298,  44.02326
 -81.45117,  44.04572
 -81.45378,  44.06815
 -81.45173,  44.09061
 -81.45489,  44.11304
 -81.45142,  44.13551
 -81.44713,  44.15798
 -81.44042,  44.18048
 -81.43538,  44.20296
 -81.43491,  44.22541
 -81.43384,  44.24787
 -81.43157,  44.27010
 -81.43153,  44.27032
 -81.43158,  44.27055
 -81.43420,  44.29275
 -81.43197,  44.29725
 -81.41360,  44.31534
 -81.40113,  44.33459
 -81.39790,  44.33789
 -81.39473,  44.36035
 -81.38418,  44.38287
 -81.38293,  44.40532
 -81.37784,  44.42779
 -81.37659,  44.45024
 -81.37153,  44.46519
 -81.36467,  44.47276
 -81.35036,  44.49529
 -81.34057,  44.50156
 -81.32228,  44.51791
 -81.30941,  44.52559
 -81.29689,  44.54052
 -81.27824,  44.55033
 -81.25577,  44.56320
 -81.24702,  44.57357
 -81.22690,  44.58580
 -81.22301,  44.60826
 -81.21603,  44.61797
 -81.21032,  44.63076
 -81.20974,  44.65319
 -81.19998,  44.67569
 -81.19248,  44.69815
 -81.18545,  44.70617
 -81.15822,  44.72077
 -81.15405,  44.72268
 -81.12254,  44.72779
 -81.09100,  44.73082
 -81.05948,  44.73774
 -81.05176,  44.74370
 -81.02802,  44.75212
 -80.99641,  44.74868
 -80.96485,  44.75164
 -80.93326,  44.75032
 -80.90166,  44.74869
 -80.87012,  44.75579
 -80.83857,  44.76155
 -80.80701,  44.76660
 -80.77541,  44.76612
 -80.76582,  44.76702
 -80.74384,  44.77017
 -80.71224,  44.76900
 -80.68066,  44.77314
 -80.64909,  44.78154
 -80.62196,  44.78965
 -80.61751,  44.79570
 -80.58591,  44.81043
 -80.58081,  44.81211
 -80.55431,  44.82719
 -80.52269,  44.82642
 -80.49182,  44.83455
 -80.49107,  44.83468
 -80.49060,  44.83455
 -80.46275,  44.81211
 -80.45947,  44.81079
 -80.43974,  44.78966
 -80.42789,  44.78527
 -80.39631,  44.77900
 -80.36473,  44.77111
 -80.33662,  44.76712
 -80.33315,  44.76682
 -80.30158,  44.76023
 -80.27003,  44.75041
 -80.26152,  44.74456
 -80.24921,  44.72211
 -80.23867,  44.70403
 -80.23725,  44.69965
 -80.23186,  44.67720
 -80.22794,  44.65476
 -80.22494,  44.63232
 -80.22371,  44.60989
 -80.21823,  44.58744
 -80.21394,  44.56500
 -80.20786,  44.55590
 -80.20185,  44.54253
 -80.20105,  44.52010
 -80.19876,  44.49765
 -80.19823,  44.47522
 -80.19923,  44.45279
 -80.19807,  44.43034
 -80.19876,  44.40791
 -80.19687,  44.38547
 -80.19865,  44.36303
 -80.19789,  44.34058
 -80.20270,  44.31816
 -80.20539,  44.29573
 -80.20890,  44.27330
 -80.20929,  44.27068
 -80.21333,  44.25087
 -80.21107,  44.22842
 -80.21841,  44.20599
 -80.21529,  44.18354
 -80.23140,  44.16114
 -80.24120,  44.14344
 -80.24611,  44.13873
 -80.26191,  44.11631
 -80.27267,  44.09629
 -80.27438,  44.09389
 -80.27274,  44.07698
 -80.27246,  44.07145
 -80.27277,  44.06955
 -80.28572,  44.04902
 -80.30168,  44.02661
 -80.30417,  44.02459
 -80.32105,  44.00420
 -80.33547,  43.99471
 -80.34893,  43.98179
 -80.36672,  43.97587
 -80.39795,  43.96022
 -80.39851,  43.95941
 -80.42917,  43.93914
 -80.43051,  43.93699
 -80.42918,  43.92790
 -80.42513,  43.91453
 -80.42921,  43.90936
 -80.43625,  43.89209
 -80.43452,  43.86964
 -80.43819,  43.84719
 -80.43894,  43.82475
 -80.43937,  43.80230
 -80.44217,  43.77984
 -80.44612,  43.75739
 -80.44903,  43.73495
 -80.45016,  43.71249
 -80.44818,  43.69003
 -80.44824,  43.66758
 -80.44686,  43.64512
 -80.44764,  43.62267
 -80.45071,  43.60021
 -80.45171,  43.57775
 -80.45874,  43.55531
 -80.45705,  43.53285
 -80.46075,  43.52097
 -80.46863,  43.51040
 -80.46078,  43.49265
 -80.45989,  43.48793
 -80.46078,  43.48431
 -80.47311,  43.46548
 -80.46324,  43.44302
 -80.46941,  43.42056
 -80.46245,  43.39811
 -80.46088,  43.39553
 -80.45701,  43.37564
 -80.44630,  43.35317
 -80.44144,  43.33071
 -80.43260,  43.30824
 -80.43481,  43.28578
 -80.43015,  43.27301
 -80.42405,  43.26331
 -80.42896,  43.24086
 -80.41731,  43.21838
 -80.41235,  43.19592
 -80.39947,  43.18327
 -80.39091,  43.17343
 -80.36871,  43.16087
 -80.33794,  43.15138
 -80.33540,  43.15089
 -80.30718,  43.14291
 -80.27644,  43.13231
 -80.26862,  43.12831
 -80.24574,  43.11385
 -80.24104,  43.10578
 -80.22032,  43.08327
 -80.22444,  43.06081
 -80.21527,  43.04965
 -80.21088,  43.03831
 -80.21149,  43.01585
 -80.20164,  42.99335
 -80.18903,  42.97085
 -80.18496,  42.96722
 -80.15435,  42.95160
 -80.12366,  42.94943
 -80.11907,  42.94817
 -80.09307,  42.93433
 -80.07583,  42.92555
 -80.06254,  42.91339
 -80.05762,  42.90301
 -80.04945,  42.88051
 -80.03477,  42.85798
 -80.03233,  42.85206
 -80.02179,  42.83546
 -80.01250,  42.81295
 -80.00613,  42.79045
 -80.00220,  42.78719
 -79.99460,  42.76793
 -79.98917,  42.74543
 -79.98834,  42.72297
 -79.98543,  42.70049
 -79.98106,  42.67799
 -79.97260,  42.66895
 -79.96292,  42.65544
 -79.96183,  42.63296
 -79.95392,  42.61045
 -79.95383,  42.58797
 -79.95170,  42.56549
 -79.95631,  42.54305
 -79.94904,  42.52054
 -79.94348,  42.50816
 -79.93756,  42.49801
 -79.92997,  42.47550
 -79.91351,  42.45345
 -79.91315,  42.45294
 -79.90469,  42.43042
 -79.90176,  42.40793
 -79.89797,  42.38544
 -79.89771,  42.36296
 -79.89810,  42.34049
 -79.89666,  42.31801
 -79.89375,  42.29551
 -79.89561,  42.27304
 -79.91534,  42.25840
 -79.94570,  42.25961
 -79.97608,  42.25783
 -79.97974,  42.25099
 -79.98295,  42.22853
 -79.97645,  42.21480
 -79.95906,  42.20594
 -79.94733,  42.18341
 -79.94639,  42.18195
 -79.91613,  42.17426
 -79.91097,  42.18322
 -79.90668,  42.20568
 -79.88536,  42.21946
 -79.86642,  42.20546
 -79.85524,  42.19695
 -79.85001,  42.18290
 -79.85560,  42.16214
 -79.85696,  42.16046
 -79.85567,  42.15543
 -79.85401,  42.13796
 -79.85587,  42.13543
 -79.88632,  42.12161
 -79.90775,  42.11577
 -79.91673,  42.11039
 -79.92590,  42.09340
 -79.92721,  42.07092
 -79.91776,  42.04839
 -79.91733,  42.04555
 -79.91558,  42.02591
 -79.91765,  42.01118
 -79.91951,  42.00345
 -79.91775,  42.00026
 -79.91379,  41.98094
 -79.91593,  41.95847
 -79.90809,  41.93595
 -79.91592,  41.91351
 -79.91509,  41.89103
 -79.91884,  41.88324
 -79.94914,  41.87071
 -79.95162,  41.86874
 -79.97948,  41.85294
 -80.00494,  41.84650
 -80.00972,  41.84453
 -80.02367,  41.82410
 -80.02540,  41.80164
 -80.02431,  41.77915
 -80.01036,  41.76353
 -80.00590,  41.75659
 -79.99830,  41.73408
 -80.00364,  41.71162
 -80.00651,  41.68915
 -80.01103,  41.67781
 -80.02892,  41.66677
 -80.04124,  41.66187
 -80.07140,  41.65166
 -80.09480,  41.66703
 -80.10105,  41.68953
 -80.10124,  41.69043
 -80.11614,  41.71206
 -80.11437,  41.73454
 -80.13103,  41.74232
 -80.13591,  41.73461
 -80.13799,  41.71214
 -80.15108,  41.68970
 -80.15528,  41.66723
 -80.15269,  41.64474
 -80.15246,  41.62226
 -80.15165,  41.59978
 -80.14881,  41.57729
 -80.14819,  41.55481
 -80.14865,  41.53233
 -80.16244,  41.51060
 -80.16788,  41.50991
 -80.19252,  41.49835
 -80.20442,  41.48753
 -80.21545,  41.46508
 -80.21799,  41.44260
 -80.22109,  41.42013
 -80.21477,  41.39763
 -80.21404,  41.37515
 -80.20871,  41.35265
 -80.20823,  41.33017
 -80.22339,  41.31195
 -80.24081,  41.30778
 -80.24451,  41.28530
 -80.24588,  41.26283
 -80.24584,  41.24035
 -80.23569,  41.21783
 -80.22617,  41.19533
 -80.22396,  41.18531
 -80.21986,  41.17283
 -80.20533,  41.15031
 -80.19435,  41.13226
 -80.19012,  41.12779
 -80.16459,  41.11632
 -80.14898,  41.10518
 -80.14204,  41.08267
 -80.15349,  41.06023
 -80.16492,  41.05579
 -80.18787,  41.03785
 -80.16521,  41.01530
 -80.16514,  41.01528
 -80.13799,  40.99273
 -80.13554,  40.98106
 -80.11531,  40.97017
 -80.10587,  40.96351
 -80.09809,  40.97011
 -80.08518,  40.99254
 -80.07587,  40.99704
 -80.07130,  40.99249
 -80.06973,  40.97000
 -80.06672,  40.94751
 -80.06467,  40.92502
 -80.06918,  40.90255
 -80.07658,  40.89251
 -80.07950,  40.88011
 -80.08539,  40.85765
 -80.09556,  40.83520
 -80.10682,  40.81326
 -80.10762,  40.81276
 -80.12270,  40.79034
 -80.11887,  40.76784
 -80.10719,  40.75285
 -80.10229,  40.74530
 -80.08497,  40.72276
 -80.07774,  40.72019
 -80.04813,  40.71185
 -80.02178,  40.70001
 -80.01859,  40.69555
 -80.00795,  40.67747
 -79.98926,  40.65642
 -79.98782,  40.65489
 -79.98131,  40.63238
 -79.98955,  40.61987
 -79.99834,  40.60997
 -80.01932,  40.59996
 -80.03333,  40.58765
 -80.01951,  40.57536
 -79.98997,  40.56623
 -79.98859,  40.56496
 -79.96053,  40.54832
 -79.94839,  40.54229
 -79.93119,  40.52080
 -79.93024,  40.51971
 -79.91039,  40.49713
 -79.90187,  40.49371
 -79.88325,  40.47450
 -79.87256,  40.46795
 -79.85143,  40.45184
 -79.84329,  40.43990
 -79.83170,  40.42924
 -79.81403,  40.41322
 -79.80661,  40.42908
 -79.80264,  40.45154
 -79.78760,  40.47393
 -79.78490,  40.49640
 -79.79478,  40.51894
 -79.80002,  40.54146
 -79.81244,  40.56320
 -79.81348,  40.56402
 -79.82631,  40.58658
 -79.82993,  40.60909
 -79.84138,  40.62657
 -79.84239,  40.63165
 -79.84129,  40.63547
 -79.82314,  40.65401
 -79.81138,  40.66175
 -79.80188,  40.65388
 -79.79103,  40.63134
 -79.78223,  40.61744
 -79.77432,  40.60874
 -79.75933,  40.58616
 -79.75323,  40.56507
 -79.75288,  40.56363
 -79.74740,  40.54111
 -79.74837,  40.51864
 -79.75203,  40.49618
 -79.74137,  40.47363
 -79.73279,  40.45108
 -79.73085,  40.42859
 -79.72536,  40.42083
 -79.70692,  40.40594
 -79.69626,  40.38543
 -79.69290,  40.38335
 -79.69646,  40.36987
 -79.69723,  40.36090
 -79.70087,  40.33845
 -79.70060,  40.31596
 -79.70042,  40.29348
 -79.69744,  40.28986
 -79.68917,  40.27091
 -79.68642,  40.24841
 -79.68143,  40.22589
 -79.66899,  40.21006
 -79.65468,  40.20322
 -79.64532,  40.18066
 -79.64004,  40.17280
 -79.61420,  40.15794
 -79.61085,  40.15591
 -79.60210,  40.15784
 -79.58135,  40.16188
 -79.56992,  40.18006
 -79.56215,  40.20248
 -79.55113,  40.21701
 -79.52161,  40.22210
 -79.50809,  40.22449
 -79.49199,  40.23376
 -79.47541,  40.22420
 -79.46284,  40.21447
 -79.45670,  40.20155
 -79.45039,  40.17900
 -79.45336,  40.15655
 -79.45191,  40.13406
 -79.44531,  40.11151
 -79.43790,  40.08895
 -79.43551,  40.08504
 -79.42490,  40.06636
 -79.40678,  40.04522
 -79.40598,  40.04369
 -79.40710,  40.02642
 -79.40822,  40.02123
 -79.43671,  40.01113
 -79.46600,  40.01443
 -79.48809,  39.99950
 -79.49252,  39.97705
 -79.48847,  39.95454
 -79.48602,  39.93203
 -79.47339,  39.90944
 -79.46773,  39.90477
 -79.45113,  39.88675
 -79.44872,  39.86425
 -79.44907,  39.84177
 -79.45117,  39.81931
 -79.46941,  39.79707
 -79.47143,  39.79701
 -79.49876,  39.79178
 -79.50186,  39.79729
 -79.52782,  39.80444
 -79.53323,  39.79757
 -79.53136,  39.77507
 -79.52831,  39.77149
 -79.49911,  39.76870
 -79.48103,  39.75215
 -79.47383,  39.72959
 -79.47058,  39.72247
 -79.46140,  39.70700
 -79.45419,  39.68446
 -79.46259,  39.66205
 -79.47181,  39.64361
 -79.47385,  39.63968
 -79.47197,  39.63329
 -79.45895,  39.61706
 -79.44317,  39.60923
 -79.41422,  39.59529
 -79.41340,  39.59415
 -79.41431,  39.58928
 -79.42282,  39.57176
 -79.44033,  39.54945
 -79.44419,  39.54500
 -79.45545,  39.52711
 -79.47392,  39.50827
 -79.47636,  39.50483
 -79.48359,  39.48242
 -79.47456,  39.46689
 -79.46712,  39.45979
 -79.46721,  39.43731
 -79.46391,  39.41481
 -79.47461,  39.39243
 -79.46883,  39.36990
 -79.45719,  39.34731
 -79.44865,  39.32476
 -79.44785,  39.31535
 -79.44658,  39.30226
 -79.44817,  39.29530
 -79.45339,  39.27985
 -79.47756,  39.27232
 -79.50144,  39.28029
 -79.50641,  39.28499
 -79.52478,  39.30297
 -79.53479,  39.32554
 -79.53485,  39.32560
 -79.54340,  39.34809
 -79.56329,  39.36930
 -79.59238,  39.36762
 -79.62168,  39.35093
 -79.63015,  39.34880
 -79.65092,  39.33702
 -79.67905,  39.32671
 -79.68012,  39.32594
 -79.68934,  39.30431
 -79.69494,  39.28187
 -79.68088,  39.26537
 -79.65172,  39.27541
 -79.62269,  39.27526
 -79.60260,  39.25869
 -79.59942,  39.23618
 -79.59771,  39.21370
 -79.59975,  39.19124
 -79.59501,  39.17640
 -79.59109,  39.16869
 -79.56629,  39.15670
 -79.55228,  39.14589
 -79.54900,  39.12339
 -79.56699,  39.10661
 -79.59602,  39.10181
 -79.62495,  39.10376
 -79.62685,  39.10156
 -79.63164,  39.07912
 -79.63752,  39.05670
 -79.65468,  39.04413
 -79.68368,  39.03848
 -79.70428,  39.03473
 -79.71268,  39.03259
 -79.71634,  39.03482
 -79.74145,  39.04682
 -79.76601,  39.05763
 -79.77026,  39.05865
 -79.77222,  39.05767
 -79.79939,  39.04001
 -79.80837,  39.03544
 -79.80998,  39.01297
 -79.80276,  38.99046
 -79.81672,  38.96807
 -79.82913,  38.96113
 -79.83813,  38.96821
END
 -14.00000, -78.99746,  38.98243
 -78.99229,  39.00484
 -79.01864,  39.01913
 -79.02689,  39.02778
 -79.02879,  39.05028
 -79.03168,  39.07279
 -79.03340,  39.09529
 -79.01653,  39.11424
 -79.00552,  39.09492
 -79.00722,  39.07246
 -79.01021,  39.05003
 -79.00932,  39.02755
 -78.99001,  39.00615
 -78.97911,  39.00466
 -78.96117,  39.00244
 -78.95071,  38.98179
 -78.96198,  38.96720
 -78.99074,  38.97350
 -78.99746,  38.98243
END
 -14.00000, -79.56915,  39.03367
 -79.56801,  39.03430
 -79.56653,  39.03365
 -79.56804,  39.03250
 -79.56915,  39.03367
END
 -14.00000, -79.66740,  39.12435
 -79.65339,  39.14463
 -79.65311,  39.14671
 -79.65336,  39.14707
 -79.68207,  39.16937
 -79.68902,  39.14698
 -79.68410,  39.12447
 -79.68263,  39.12350
 -79.66740,  39.12435
END
 -14.00000, -78.92944,  39.13882
 -78.92904,  39.13941
 -78.92855,  39.13881
 -78.92907,  39.13810
 -78.92944,  39.13882
END
 -14.00000, -79.67809,  39.19185
 -79.68173,  39.19591
 -79.68384,  39.19189
 -79.68206,  39.16953
 -79.67809,  39.19185
END
 -14.00000, -79.82892,  39.23783
 -79.85522,  39.24735
 -79.86897,  39.23806
 -79.85537,  39.23277
 -79.82892,  39.23783
END
 -14.00000, -78.98967,  39.22956
 -78.98703,  39.25201
 -78.98434,  39.25692
 -78.95518,  39.26271
 -78.94380,  39.25141
 -78.94439,  39.22894
 -78.95615,  39.22073
 -78.98511,  39.22294
 -78.98967,  39.22956
END
 -14.00000, -79.80871,  39.26017
 -79.79688,  39.27537
 -79.79131,  39.28254
 -79.79327,  39.30502
 -79.79649,  39.31222
 -79.80170,  39.32755
 -79.80737,  39.35006
 -79.81957,  39.37262
 -79.82480,  39.38434
 -79.82880,  39.37267
 -79.84700,  39.35031
 -79.85275,  39.32787
 -79.84772,  39.30536
 -79.84487,  39.28287
 -79.84673,  39.26041
 -79.82629,  39.23843
 -79.80871,  39.26017
END
 -14.00000, -80.02261,  39.28379
 -80.02895,  39.30172
 -80.04445,  39.28389
 -80.02916,  39.27332
 -80.02261,  39.28379
END
 -14.00000, -80.16482,  39.32928
 -80.17399,  39.33784
 -80.18460,  39.32935
 -80.17408,  39.31979
 -80.16482,  39.32928
END
 -14.00000, -80.05285,  39.37382
 -80.05009,  39.39629
 -80.05726,  39.40969
 -80.08640,  39.40277
 -80.09084,  39.39645
 -80.09228,  39.37398
 -80.08663,  39.36504
 -80.05755,  39.36736
 -80.05285,  39.37382
END
 -14.00000, -79.91164,  39.39562
 -79.90826,  39.41808
 -79.90611,  39.44055
 -79.91145,  39.44954
 -79.94048,  39.45760
 -79.95808,  39.44081
 -79.96000,  39.41835
 -79.94791,  39.39582
 -79.94106,  39.39130
 -79.91194,  39.39453
 -79.91164,  39.39562
END
 -14.00000, -79.38805,  39.39159
 -79.36600,  39.41385
 -79.36911,  39.43636
 -79.36749,  39.45882
 -79.38705,  39.47595
 -79.38879,  39.48151
 -79.38689,  39.48576
 -79.36105,  39.50371
 -79.35743,  39.50514
 -79.34128,  39.52599
 -79.33522,  39.54840
 -79.32742,  39.55459
 -79.30359,  39.54807
 -79.30283,  39.52558
 -79.31217,  39.50320
 -79.31638,  39.48077
 -79.32896,  39.46758
 -79.34680,  39.45861
 -79.35567,  39.43622
 -79.35136,  39.41370
 -79.33617,  39.39106
 -79.35970,  39.37353
 -79.38805,  39.39159
END
 -14.00000, -80.52419,  39.44222
 -80.52270,  39.44299
 -80.52206,  39.44222
 -80.52270,  39.44042
 -80.52419,  39.44222
END
 -14.00000, -80.02548,  39.44113
 -80.02792,  39.44267
 -80.02877,  39.44114
 -80.02795,  39.43874
 -80.02548,  39.44113
END
 -14.00000, -79.55860,  39.43813
 -79.56219,  39.44645
 -79.58676,  39.43836
 -79.56252,  39.42330
 -79.55860,  39.43813
END
 -14.00000, -79.21860,  39.43473
 -79.24199,  39.44751
 -79.24940,  39.45756
 -79.25487,  39.48009
 -79.25507,  39.50258
 -79.24896,  39.52499
 -79.24344,  39.54741
 -79.26897,  39.56209
 -79.28989,  39.57040
 -79.29195,  39.59290
 -79.26805,  39.61187
 -79.25434,  39.59248
 -79.25454,  39.57001
 -79.24002,  39.55145
 -79.21509,  39.54708
 -79.21097,  39.54609
 -79.20621,  39.52450
 -79.19802,  39.50193
 -79.19514,  39.47941
 -79.19015,  39.45688
 -79.18398,  39.43714
 -79.18320,  39.43431
 -79.18405,  39.43347
 -79.21326,  39.42804
 -79.21860,  39.43473
END
 -14.00000, -79.04911,  39.43265
 -79.06308,  39.45531
 -79.06714,  39.45647
 -79.09141,  39.47815
 -79.08971,  39.50061
 -79.06583,  39.51739
 -79.04555,  39.50005
 -79.04144,  39.47751
 -79.03773,  39.47010
 -79.01415,  39.45467
 -79.00903,  39.45151
 -79.00179,  39.43203
 -79.00970,  39.42120
 -79.03879,  39.42183
 -79.04911,  39.43265
END
 -14.00000, -80.37517,  39.48708
 -80.37708,  39.48836
 -80.37902,  39.48708
 -80.37710,  39.47698
 -80.37517,  39.48708
END
 -14.00000, -80.01949,  39.48606
 -80.02758,  39.48971
 -80.02939,  39.48610
 -80.02768,  39.47681
 -80.01949,  39.48606
END
 -14.00000, -80.51779,  39.57708
 -80.52270,  39.59581
 -80.53696,  39.57708
 -80.52270,  39.56171
 -80.51779,  39.57708
END
 -14.00000, -79.50091,  39.57249
 -79.49500,  39.59491
 -79.50154,  39.60833
 -79.53075,  39.60550
 -79.53738,  39.59529
 -79.53460,  39.57278
 -79.53130,  39.56828
 -79.50210,  39.57139
 -79.50091,  39.57249
END
 -14.00000, -78.83623,  39.58705
 -78.83074,  39.59566
 -78.81902,  39.58680
 -78.83138,  39.57020
 -78.83623,  39.58705
END
 -14.00000, -79.34250,  39.68335
 -79.33192,  39.70572
 -79.32454,  39.71704
 -79.31507,  39.72802
 -79.31545,  39.75051
 -79.32133,  39.77305
 -79.32336,  39.78305
 -79.33337,  39.79566
 -79.35225,  39.80434
 -79.36741,  39.81849
 -79.38108,  39.82996
 -79.38426,  39.84114
 -79.38071,  39.85203
 -79.36948,  39.86348
 -79.37416,  39.88601
 -79.37991,  39.89845
 -79.38206,  39.90856
 -79.39394,  39.93116
 -79.38966,  39.95359
 -79.37881,  39.96376
 -79.36417,  39.95334
 -79.34989,  39.93987
 -79.34376,  39.93065
 -79.34225,  39.90816
 -79.32133,  39.89757
 -79.31488,  39.88539
 -79.32034,  39.86296
 -79.31198,  39.84040
 -79.30632,  39.81786
 -79.29367,  39.80756
 -79.26449,  39.80307
 -79.25548,  39.79482
 -79.25322,  39.77231
 -79.25285,  39.74983
 -79.25549,  39.72737
 -79.26610,  39.71699
 -79.29326,  39.70531
 -79.29562,  39.70064
 -79.30360,  39.68294
 -79.32551,  39.66257
 -79.34250,  39.68335
END
 -14.00000, -79.18716,  39.68163
 -79.17878,  39.69885
 -79.16225,  39.68134
 -79.17938,  39.66851
 -79.18716,  39.68163
END
 -14.00000, -79.67268,  39.77621
 -79.67317,  39.79870
 -79.67418,  39.80073
 -79.69268,  39.79884
 -79.68549,  39.77631
 -79.67455,  39.77158
 -79.67268,  39.77621
END
 -14.00000, -79.70056,  39.82138
 -79.70276,  39.84388
 -79.70291,  39.84430
 -79.73206,  39.85509
 -79.73505,  39.84410
 -79.73234,  39.83173
 -79.71022,  39.82145
 -79.70336,  39.80724
 -79.70056,  39.82138
END
 -14.00000, -79.71577,  40.06877
 -79.70538,  40.09118
 -79.71535,  40.11373
 -79.72630,  40.13629
 -79.72871,  40.13849
 -79.75563,  40.15897
 -79.75446,  40.18144
 -79.75751,  40.19257
 -79.77014,  40.20403
 -79.77902,  40.22657
 -79.78211,  40.24907
 -79.75669,  40.26398
 -79.75098,  40.27134
 -79.74713,  40.29380
 -79.75631,  40.29731
 -79.78579,  40.29682
 -79.78928,  40.29408
 -79.79230,  40.27161
 -79.78896,  40.24911
 -79.79480,  40.22667
 -79.80932,  40.20428
 -79.80933,  40.18180
 -79.79763,  40.15924
 -79.79267,  40.13673
 -79.78762,  40.13010
 -79.76224,  40.11406
 -79.75843,  40.11162
 -79.75006,  40.09149
 -79.74385,  40.06897
 -79.72967,  40.05786
 -79.71577,  40.06877
END
 -14.00000, -78.99420,  40.08390
 -78.96519,  40.09123
 -78.96156,  40.08345
 -78.96555,  40.07576
 -78.99420,  40.08390
END
 -14.00000, -79.34555,  40.11053
 -79.34689,  40.11161
 -79.35853,  40.13314
 -79.35743,  40.15561
 -79.35152,  40.17804
 -79.34571,  40.20046
 -79.34521,  40.20674
 -79.34113,  40.22289
 -79.34486,  40.22694
 -79.35777,  40.24555
 -79.37389,  40.25127
 -79.38505,  40.26830
 -79.39389,  40.29087
 -79.40232,  40.31251
 -79.40285,  40.31345
 -79.40686,  40.33597
 -79.40173,  40.34742
 -79.39716,  40.35836
 -79.37175,  40.37526
 -79.34599,  40.35785
 -79.34270,  40.34959
 -79.33736,  40.33528
 -79.32881,  40.31270
 -79.31419,  40.29472
 -79.30921,  40.29001
 -79.28519,  40.26903
 -79.27673,  40.26718
 -79.25583,  40.26327
 -79.24460,  40.24434
 -79.24393,  40.22185
 -79.22743,  40.20791
 -79.21561,  40.19905
 -79.20973,  40.17650
 -79.20470,  40.15396
 -79.19951,  40.13145
 -79.19950,  40.13142
 -79.19951,  40.13140
 -79.22929,  40.11221
 -79.24696,  40.13196
 -79.24750,  40.15445
 -79.24398,  40.17689
 -79.24525,  40.19939
 -79.25688,  40.20758
 -79.28638,  40.20472
 -79.29537,  40.19993
 -79.29910,  40.17749
 -79.29038,  40.15491
 -79.29212,  40.13245
 -79.29463,  40.10999
 -79.31779,  40.09505
 -79.34555,  40.11053
END
 -14.00000, -79.13042,  40.13060
 -79.11096,  40.14696
 -79.10787,  40.13033
 -79.11143,  40.12468
 -79.13042,  40.13060
END
 -14.00000, -79.86883,  40.22712
 -79.87483,  40.23354
 -79.87570,  40.22715
 -79.87491,  40.22609
 -79.86883,  40.22712
END
 -14.00000, -79.15571,  40.22083
 -79.16048,  40.24338
 -79.16751,  40.25943
 -79.17873,  40.26608
 -79.19659,  40.27915
 -79.21449,  40.28897
 -79.21650,  40.31148
 -79.22437,  40.33406
 -79.22495,  40.33603
 -79.23484,  40.35666
 -79.25251,  40.37933
 -79.25356,  40.38251
 -79.26756,  40.40199
 -79.28252,  40.41304
 -79.28954,  40.42471
 -79.28912,  40.44719
 -79.28153,  40.46568
 -79.25204,  40.46286
 -79.22278,  40.44744
 -79.22166,  40.44644
 -79.21608,  40.42390
 -79.19490,  40.40117
 -79.19418,  40.40010
 -79.17036,  40.37840
 -79.16515,  40.37566
 -79.14536,  40.35562
 -79.14465,  40.33313
 -79.13694,  40.31283
 -79.13280,  40.31050
 -79.10787,  40.29298
 -79.10314,  40.28765
 -79.09357,  40.26505
 -79.09183,  40.24254
 -79.09239,  40.22006
 -79.10985,  40.19974
 -79.13919,  40.20434
 -79.15571,  40.22083
END
 -14.00000, -79.99079,  40.27271
 -79.99229,  40.27641
 -80.00485,  40.29525
 -80.01433,  40.31778
 -80.01309,  40.34026
 -80.02116,  40.35569
 -80.03619,  40.34036
 -80.02936,  40.31784
 -80.02528,  40.29534
 -80.02438,  40.27286
 -80.02186,  40.26307
 -79.99233,  40.27044
 -79.99079,  40.27271
END
 -14.00000, -79.58601,  40.27012
 -79.58985,  40.29263
 -79.58099,  40.31504
 -79.58120,  40.33754
 -79.57884,  40.33967
 -79.54935,  40.33918
 -79.51971,  40.34859
 -79.51410,  40.33696
 -79.52008,  40.32418
 -79.53806,  40.31469
 -79.54159,  40.29223
 -79.55029,  40.27518
 -79.55717,  40.26988
 -79.57993,  40.26294
 -79.58601,  40.27012
END
 -14.00000, -79.81374,  40.38416
 -79.81429,  40.38929
 -79.81527,  40.38417
 -79.81435,  40.38274
 -79.81374,  40.38416
END
 -14.00000, -79.65574,  40.38308
 -79.65310,  40.40554
 -79.64733,  40.42799
 -79.64078,  40.45042
 -79.63628,  40.45634
 -79.60678,  40.45333
 -79.60444,  40.45013
 -79.59789,  40.42760
 -79.60062,  40.40514
 -79.60032,  40.38265
 -79.60797,  40.36638
 -79.63748,  40.36608
 -79.65574,  40.38308
END
 -14.00000, -80.00925,  40.43017
 -80.00834,  40.45264
 -80.01950,  40.47518
 -80.02025,  40.47656
 -80.02042,  40.47518
 -80.02750,  40.45273
 -80.03054,  40.43026
 -80.02071,  40.41598
 -80.00925,  40.43017
END
 -14.00000, -79.38667,  40.42571
 -79.38591,  40.44818
 -79.37022,  40.46408
 -79.35868,  40.44791
 -79.35641,  40.42540
 -79.37119,  40.40750
 -79.38667,  40.42571
END
 -14.00000, -80.81265,  40.47591
 -80.81470,  40.49839
 -80.81573,  40.52086
 -80.81447,  40.54335
 -80.81857,  40.54922
 -80.84211,  40.54328
 -80.84808,  40.53199
 -80.85915,  40.52075
 -80.84995,  40.49829
 -80.84788,  40.49148
 -80.84270,  40.47583
 -80.81818,  40.46288
 -80.81265,  40.47591
END
 -14.00000, -79.53365,  40.58445
 -79.51598,  40.60677
 -79.51582,  40.60693
 -79.51574,  40.60677
 -79.50462,  40.58420
 -79.51640,  40.56829
 -79.53365,  40.58445
END
 -14.00000, -80.15630,  40.83541
 -80.15374,  40.85789
 -80.14918,  40.88035
 -80.14986,  40.90284
 -80.16565,  40.92098
 -80.19409,  40.90297
 -80.19503,  40.88049
 -80.18079,  40.85797
 -80.17566,  40.83547
 -80.16621,  40.81626
 -80.15630,  40.83541
END
 -14.00000, -80.29697,  41.03811
 -80.31403,  41.04485
 -80.32526,  41.03816
 -80.31408,  41.02769
 -80.29697,  41.03811
END
 -14.00000, -80.24883,  41.33028
 -80.24943,  41.35276
 -80.24832,  41.37524
 -80.24265,  41.39770
 -80.22524,  41.42014
 -80.22659,  41.44263
 -80.25274,  41.45413
 -80.28275,  41.44904
 -80.28632,  41.44276
 -80.28284,  41.42409
 -80.27803,  41.42026
 -80.26827,  41.39776
 -80.27191,  41.37529
 -80.28306,  41.36493
 -80.28459,  41.35284
 -80.29256,  41.33037
 -80.28321,  41.32303
 -80.25329,  41.31881
 -80.24883,  41.33028
END
 -14.00000, -80.14023,  41.39741
 -80.15696,  41.41995
 -80.15930,  41.44244
 -80.13269,  41.46482
 -80.10283,  41.44284
 -80.10264,  41.44225
 -80.10285,  41.43976
 -80.10693,  41.41978
 -80.11800,  41.39734
 -80.13322,  41.37659
 -80.14023,  41.39741
END
 -14.00000, -80.20905,  41.51002
 -80.20554,  41.53250
 -80.19365,  41.55494
 -80.19222,  41.55736
 -80.17249,  41.57736
 -80.16658,  41.59983
 -80.17064,  41.62232
 -80.18084,  41.64483
 -80.19173,  41.65533
 -80.22176,  41.66640
 -80.22810,  41.66744
 -80.25182,  41.67645
 -80.26895,  41.66753
 -80.28197,  41.66321
 -80.29385,  41.64511
 -80.29507,  41.62262
 -80.29514,  41.60015
 -80.28227,  41.58027
 -80.28059,  41.57764
 -80.25231,  41.55756
 -80.24994,  41.55509
 -80.23532,  41.53257
 -80.22626,  41.51007
 -80.22252,  41.50193
 -80.20905,  41.51002
END
 -14.00000, -80.08309,  41.53210
 -80.07208,  41.55304
 -80.05320,  41.53198
 -80.07229,  41.52386
 -80.08309,  41.53210
END
 -14.00000, -79.98588,  41.62162
 -79.98639,  41.64410
 -79.98117,  41.64836
 -79.97675,  41.64406
 -79.97747,  41.62158
 -79.98150,  41.60896
 -79.98588,  41.62162
END
 -14.00000, -80.26279,  41.73496
 -80.28167,  41.74360
 -80.28525,  41.73501
 -80.28174,  41.72523
 -80.26279,  41.73496
END
 -14.00000, -80.30788,  41.82497
 -80.30804,  41.84745
 -80.31145,  41.85196
 -80.31827,  41.84747
 -80.31609,  41.82498
 -80.31154,  41.82322
 -80.30788,  41.82497
END
 -14.00000, -81.06355,  41.89136
 -81.06641,  41.91354
 -81.08452,  41.89126
 -81.06614,  41.88035
 -81.06355,  41.89136
END
 -14.00000, -81.05804,  41.93634
 -81.06676,  41.95517
 -81.09313,  41.95866
 -81.09716,  41.97476
 -81.09926,  41.95863
 -81.09924,  41.93615
 -81.09673,  41.92463
 -81.06642,  41.91391
 -81.05804,  41.93634
END
 -14.00000, -80.18956,  41.93708
 -80.19029,  41.93823
 -80.20452,  41.95961
 -80.21534,  41.98211
 -80.22028,  41.98830
 -80.22207,  41.98213
 -80.22386,  41.95966
 -80.22810,  41.93719
 -80.22058,  41.92314
 -80.19030,  41.93660
 -80.18956,  41.93708
END
 -14.00000, -79.97656,  42.13859
 -79.97709,  42.13876
 -79.97717,  42.13859
 -79.97709,  42.13848
 -79.97656,  42.13859
END
 -14.00000, -79.82472,  42.34008
 -79.82334,  42.34164
 -79.82242,  42.34007
 -79.82342,  42.33479
 -79.82472,  42.34008
END
 -14.00000, -79.98925,  42.38588
 -79.98828,  42.40835
 -79.99342,  42.43085
 -80.00493,  42.44868
 -80.01269,  42.45341
 -80.03522,  42.47026
 -80.05555,  42.45359
 -80.05619,  42.43111
 -80.03999,  42.40857
 -80.04038,  42.38610
 -80.03592,  42.37765
 -80.00557,  42.36831
 -79.98925,  42.38588
END
 -14.00000, -80.05219,  42.52099
 -80.05234,  42.54346
 -80.06502,  42.56498
 -80.08064,  42.54357
 -80.07603,  42.52108
 -80.06544,  42.50500
 -80.05219,  42.52099
END
 -14.00000, -80.06437,  42.58846
 -80.06483,  42.59248
 -80.06590,  42.58846
 -80.06493,  42.57826
 -80.06437,  42.58846
END
 -14.00000, -80.05656,  42.63337
 -80.06443,  42.64790
 -80.08154,  42.63346
 -80.06465,  42.61677
 -80.05656,  42.63337
END
 -14.00000, -79.89209,  42.63261
 -79.88887,  42.65507
 -79.88703,  42.67753
 -79.88062,  42.69891
 -79.86741,  42.67743
 -79.86188,  42.65493
 -79.85359,  42.63240
 -79.88145,  42.61543
 -79.89209,  42.63261
END
 -13.00000, -79.91116,  39.64287
 -79.90969,  39.64346
 -79.90927,  39.64286
 -79.90971,  39.64174
 -79.91116,  39.64287
END
END
