 -15.00000, -75.94977,  42.79391
 -75.95776,  42.80059
 -75.97492,  42.81737
 -75.98653,  42.82752
 -75.99153,  42.84050
 -75.98533,  42.86277
 -75.98944,  42.88541
 -75.99106,  42.90797
 -75.99856,  42.93076
 -76.00919,  42.94146
 -76.02279,  42.95417
 -76.03811,  42.96745
 -76.04537,  42.97751
 -76.04842,  43.00012
 -76.04740,  43.02258
 -76.04897,  43.04513
 -76.05866,  43.06799
 -76.06078,  43.08329
 -76.06443,  43.09069
 -76.08990,  43.10747
 -76.10664,  43.11475
 -76.11978,  43.12098
 -76.15019,  43.12687
 -76.18037,  43.13638
 -76.18301,  43.14003
 -76.19771,  43.16306
 -76.20605,  43.18584
 -76.20762,  43.18921
 -76.23801,  43.19593
 -76.25091,  43.18744
 -76.26974,  43.18273
 -76.30108,  43.17532
 -76.33197,  43.17443
 -76.34956,  43.19091
 -76.36073,  43.20644
 -76.36520,  43.21395
 -76.37411,  43.23674
 -76.36244,  43.25882
 -76.35667,  43.26862
 -76.34740,  43.28079
 -76.32361,  43.30162
 -76.29316,  43.29486
 -76.26216,  43.29629
 -76.23138,  43.29460
 -76.22969,  43.29913
 -76.22041,  43.32129
 -76.21779,  43.34369
 -76.21394,  43.36604
 -76.21642,  43.38861
 -76.21031,  43.41088
 -76.21361,  43.43348
 -76.21696,  43.45609
 -76.20983,  43.47832
 -76.20975,  43.50080
 -76.20516,  43.52312
 -76.20394,  43.54556
 -76.21029,  43.56828
 -76.20844,  43.59070
 -76.21075,  43.59944
 -76.21569,  43.61344
 -76.21166,  43.63577
 -76.22186,  43.65862
 -76.23435,  43.68155
 -76.23610,  43.68376
 -76.25285,  43.70468
 -76.26541,  43.71007
 -76.29601,  43.71765
 -76.32710,  43.71783
 -76.35827,  43.71677
 -76.38978,  43.71048
 -76.39439,  43.70958
 -76.42131,  43.70381
 -76.45311,  43.69277
 -76.48406,  43.69487
 -76.51480,  43.70044
 -76.53989,  43.69198
 -76.54671,  43.68748
 -76.57751,  43.67073
 -76.57888,  43.66998
 -76.60507,  43.64915
 -76.61251,  43.62860
 -76.61446,  43.62698
 -76.64026,  43.60534
 -76.64516,  43.60238
 -76.66897,  43.58377
 -76.67760,  43.57945
 -76.70853,  43.58107
 -76.73952,  43.58165
 -76.77087,  43.57613
 -76.80168,  43.57983
 -76.83241,  43.58513
 -76.83873,  43.58906
 -76.84686,  43.61179
 -76.85184,  43.63441
 -76.85995,  43.64543
 -76.87842,  43.65769
 -76.88960,  43.66990
 -76.90088,  43.68084
 -76.91937,  43.69282
 -76.95008,  43.69943
 -76.96155,  43.70511
 -76.98042,  43.71261
 -76.99999,  43.72871
 -77.00987,  43.74218
 -77.01545,  43.75163
 -77.02736,  43.77444
 -77.03357,  43.79708
 -77.03351,  43.81956
 -77.03604,  43.83167
 -77.03740,  43.84214
 -77.03514,  43.84808
 -77.02734,  43.86432
 -77.02818,  43.88681
 -77.01012,  43.90876
 -76.99947,  43.92892
 -76.99711,  43.93084
 -76.97120,  43.95255
 -76.96681,  43.95495
 -76.93527,  43.96076
 -76.90498,  43.97307
 -76.90328,  43.97421
 -76.88411,  43.99491
 -76.87357,  44.01707
 -76.86941,  44.02011
 -76.86066,  44.03915
 -76.86719,  44.05828
 -76.87096,  44.06192
 -76.86642,  44.07143
 -76.86343,  44.08417
 -76.86534,  44.09010
 -76.88124,  44.10716
 -76.88959,  44.12988
 -76.89310,  44.15115
 -76.89345,  44.15245
 -76.89293,  44.15401
 -76.88651,  44.17471
 -76.88295,  44.19707
 -76.88628,  44.21963
 -76.88753,  44.24213
 -76.88303,  44.26446
 -76.87662,  44.28672
 -76.86835,  44.30893
 -76.85752,  44.33108
 -76.85019,  44.34957
 -76.84914,  44.35329
 -76.84295,  44.37556
 -76.83823,  44.39787
 -76.83488,  44.42023
 -76.83020,  44.44254
 -76.82774,  44.46492
 -76.81747,  44.48707
 -76.81210,  44.50937
 -76.80902,  44.51405
 -76.78849,  44.53110
 -76.77604,  44.53889
 -76.74400,  44.54784
 -76.72691,  44.55167
 -76.71209,  44.55443
 -76.68048,  44.55589
 -76.64814,  44.56931
 -76.64037,  44.57143
 -76.61581,  44.58224
 -76.58504,  44.57008
 -76.57896,  44.56947
 -76.55369,  44.56752
 -76.52240,  44.56381
 -76.51128,  44.56728
 -76.48978,  44.58072
 -76.47691,  44.58861
 -76.46977,  44.61083
 -76.45489,  44.63234
 -76.45470,  44.63279
 -76.45482,  44.63344
 -76.46242,  44.65551
 -76.46785,  44.67813
 -76.47284,  44.70076
 -76.48090,  44.71782
 -76.48776,  44.72370
 -76.49134,  44.74627
 -76.47850,  44.75478
 -76.46917,  44.76800
 -76.46333,  44.79026
 -76.45900,  44.81257
 -76.45937,  44.83503
 -76.45699,  44.85740
 -76.45025,  44.87962
 -76.43990,  44.90173
 -76.43692,  44.90630
 -76.42361,  44.92365
 -76.40290,  44.94128
 -76.39842,  44.94526
 -76.36974,  44.96280
 -76.34918,  44.96605
 -76.33762,  44.96868
 -76.30560,  44.97295
 -76.27361,  44.97681
 -76.24761,  44.98504
 -76.24108,  44.98827
 -76.20900,  44.99311
 -76.18929,  45.00545
 -76.17603,  45.01060
 -76.14456,  45.00653
 -76.11215,  45.01576
 -76.09882,  45.02471
 -76.08276,  45.04658
 -76.09086,  45.06932
 -76.09408,  45.09188
 -76.10513,  45.11422
 -76.10596,  45.11475
 -76.10499,  45.11613
 -76.09863,  45.13693
 -76.07475,  45.15852
 -76.07002,  45.15999
 -76.03682,  45.17880
 -76.03459,  45.17953
 -76.00391,  45.19340
 -75.97446,  45.19978
 -75.97150,  45.20084
 -75.96144,  45.19931
 -75.93991,  45.19732
 -75.93079,  45.19818
 -75.90702,  45.21122
 -75.89162,  45.21918
 -75.87380,  45.22916
 -75.87083,  45.24084
 -75.87213,  45.25132
 -75.87782,  45.26355
 -75.87077,  45.26946
 -75.86297,  45.28544
 -75.83917,  45.30700
 -75.83585,  45.30917
 -75.80344,  45.32809
 -75.80244,  45.32874
 -75.76893,  45.34916
 -75.76880,  45.34922
 -75.73653,  45.35506
 -75.70408,  45.36169
 -75.68226,  45.36833
 -75.67129,  45.37241
 -75.65314,  45.38964
 -75.63701,  45.41145
 -75.63600,  45.41445
 -75.60332,  45.42329
 -75.58799,  45.40952
 -75.57307,  45.40190
 -75.54144,  45.39761
 -75.50992,  45.39218
 -75.49615,  45.40585
 -75.47606,  45.41533
 -75.46879,  45.42719
 -75.46634,  45.44954
 -75.47202,  45.46447
 -75.48006,  45.47253
 -75.47906,  45.49493
 -75.49487,  45.51802
 -75.49781,  45.54031
 -75.49799,  45.54059
 -75.49778,  45.54071
 -75.48230,  45.56240
 -75.46288,  45.57535
 -75.45243,  45.58363
 -75.44228,  45.60566
 -75.43256,  45.62771
 -75.42717,  45.64992
 -75.42428,  45.65385
 -75.41341,  45.67180
 -75.39764,  45.69360
 -75.38866,  45.69576
 -75.35635,  45.69786
 -75.32375,  45.70347
 -75.29913,  45.68953
 -75.29331,  45.68374
 -75.27115,  45.66592
 -75.26318,  45.66056
 -75.25234,  45.64268
 -75.24821,  45.62007
 -75.23883,  45.59723
 -75.23673,  45.59509
 -75.20634,  45.57571
 -75.20352,  45.57329
 -75.17537,  45.56322
 -75.14381,  45.55744
 -75.11176,  45.55739
 -75.07941,  45.56063
 -75.05579,  45.56692
 -75.04640,  45.57130
 -75.01337,  45.58201
 -75.00042,  45.58693
 -74.98490,  45.60870
 -74.97791,  45.63083
 -74.97668,  45.63305
 -74.94397,  45.65177
 -74.94273,  45.65320
 -74.90932,  45.66745
 -74.87785,  45.66031
 -74.85778,  45.64790
 -74.84757,  45.64051
 -74.82871,  45.62413
 -74.81770,  45.61660
 -74.79787,  45.60027
 -74.78775,  45.59365
 -74.75685,  45.58099
 -74.74864,  45.57556
 -74.72589,  45.56921
 -74.69365,  45.57094
 -74.66222,  45.56416
 -74.63122,  45.55312
 -74.60743,  45.54650
 -74.59999,  45.54438
 -74.59279,  45.54580
 -74.56756,  45.54819
 -74.53596,  45.54334
 -74.53342,  45.54297
 -74.50436,  45.53870
 -74.47999,  45.54040
 -74.47207,  45.54101
 -74.46997,  45.53991
 -74.44206,  45.52024
 -74.43494,  45.51575
 -74.41265,  45.49371
 -74.41137,  45.49214
 -74.41071,  45.46965
 -74.40446,  45.44687
 -74.40414,  45.42439
 -74.40868,  45.40216
 -74.40905,  45.37971
 -74.41306,  45.35744
 -74.42782,  45.34110
 -74.43137,  45.33588
 -74.43082,  45.31339
 -74.44286,  45.29150
 -74.44394,  45.26910
 -74.44876,  45.24686
 -74.45023,  45.22446
 -74.45168,  45.20206
 -74.45745,  45.17987
 -74.46320,  45.15769
 -74.47375,  45.13572
 -74.46886,  45.11301
 -74.46452,  45.09033
 -74.46180,  45.06772
 -74.45594,  45.05600
 -74.45348,  45.04485
 -74.45540,  45.02247
 -74.46128,  45.00153
 -74.46188,  45.00031
 -74.46194,  44.99486
 -74.46290,  44.97789
 -74.46372,  44.97664
 -74.49186,  44.95682
 -74.49793,  44.95160
 -74.53114,  44.93667
 -74.53208,  44.93630
 -74.56458,  44.91907
 -74.56925,  44.91563
 -74.58466,  44.89389
 -74.59109,  44.87172
 -74.59490,  44.84943
 -74.59359,  44.82689
 -74.59046,  44.80426
 -74.59159,  44.78183
 -74.60269,  44.75989
 -74.60751,  44.73764
 -74.61562,  44.71661
 -74.61592,  44.71556
 -74.61580,  44.71476
 -74.61189,  44.69289
 -74.61765,  44.67068
 -74.62025,  44.64832
 -74.61690,  44.62568
 -74.62286,  44.60348
 -74.62673,  44.59945
 -74.63770,  44.58171
 -74.66147,  44.56585
 -74.67094,  44.56081
 -74.69492,  44.53947
 -74.69552,  44.53924
 -74.69879,  44.53965
 -74.72675,  44.54267
 -74.73412,  44.54132
 -74.75922,  44.53252
 -74.79141,  44.52542
 -74.79722,  44.52180
 -74.82504,  44.50256
 -74.82735,  44.50072
 -74.83749,  44.47871
 -74.84409,  44.45653
 -74.84852,  44.43425
 -74.85830,  44.41222
 -74.86292,  44.38995
 -74.86736,  44.38342
 -74.89520,  44.36895
 -74.90034,  44.36643
 -74.93253,  44.35823
 -74.96423,  44.35537
 -74.97906,  44.35030
 -74.99687,  44.34188
 -75.01358,  44.32937
 -75.02809,  44.30754
 -75.03165,  44.30386
 -75.04167,  44.28567
 -75.03876,  44.26305
 -75.04385,  44.24079
 -75.04220,  44.21823
 -75.04554,  44.19590
 -75.04617,  44.17344
 -75.04778,  44.15102
 -75.04681,  44.13046
 -75.04671,  44.12849
 -75.04308,  44.10583
 -75.03722,  44.08308
 -75.03992,  44.06071
 -75.03519,  44.03801
 -75.03368,  44.01545
 -75.04059,  43.99327
 -75.04337,  43.97090
 -75.05325,  43.94885
 -75.05708,  43.92653
 -75.06582,  43.91161
 -75.07602,  43.90489
 -75.09946,  43.88350
 -75.09972,  43.88345
 -75.10934,  43.86139
 -75.12531,  43.83961
 -75.12625,  43.81716
 -75.13163,  43.79490
 -75.13074,  43.77237
 -75.13345,  43.75000
 -75.14357,  43.73221
 -75.14497,  43.72801
 -75.15246,  43.70585
 -75.16962,  43.68412
 -75.16431,  43.66138
 -75.18217,  43.64365
 -75.18379,  43.63975
 -75.18286,  43.63556
 -75.16845,  43.61657
 -75.16471,  43.59391
 -75.16288,  43.57133
 -75.16204,  43.54880
 -75.16360,  43.52636
 -75.17181,  43.50423
 -75.17589,  43.48191
 -75.18185,  43.45967
 -75.18416,  43.43727
 -75.18797,  43.41494
 -75.18784,  43.39244
 -75.19511,  43.37026
 -75.20635,  43.35566
 -75.21269,  43.34853
 -75.23028,  43.32681
 -75.23968,  43.30471
 -75.24192,  43.29995
 -75.25062,  43.28270
 -75.25026,  43.26017
 -75.25255,  43.23777
 -75.26065,  43.21563
 -75.27701,  43.19384
 -75.28187,  43.19019
 -75.30556,  43.17258
 -75.31433,  43.17068
 -75.33714,  43.17395
 -75.34476,  43.17590
 -75.35291,  43.17463
 -75.37585,  43.17303
 -75.38665,  43.17608
 -75.40540,  43.18926
 -75.43585,  43.19439
 -75.45378,  43.17893
 -75.46838,  43.17347
 -75.49866,  43.18076
 -75.52993,  43.17541
 -75.55779,  43.16078
 -75.56207,  43.15890
 -75.58807,  43.13953
 -75.59485,  43.13379
 -75.60883,  43.11788
 -75.62830,  43.09958
 -75.63032,  43.09626
 -75.63407,  43.07391
 -75.64098,  43.05170
 -75.64660,  43.02943
 -75.65672,  43.00734
 -75.66099,  42.98501
 -75.66828,  42.97892
 -75.69952,  42.97242
 -75.72820,  42.96522
 -75.73086,  42.96468
 -75.76199,  42.95942
 -75.79376,  42.94533
 -75.79378,  42.94532
 -75.82244,  42.92396
 -75.82639,  42.91975
 -75.84455,  42.90233
 -75.85133,  42.88009
 -75.85660,  42.85780
 -75.85519,  42.83524
 -75.86428,  42.82110
 -75.87775,  42.81363
 -75.89343,  42.79173
 -75.89716,  42.79051
 -75.92838,  42.78276
 -75.94977,  42.79391
END
 -15.00000, -73.53205,  43.19494
 -73.53895,  43.21788
 -73.54243,  43.24061
 -73.51358,  43.26114
 -73.48405,  43.24829
 -73.47295,  43.23655
 -73.48631,  43.21480
 -73.48797,  43.21284
 -73.50709,  43.19349
 -73.52239,  43.18100
 -73.53205,  43.19494
END
 -15.00000, -75.48880,  43.94518
 -75.46809,  43.95599
 -75.45314,  43.96619
 -75.44144,  43.98818
 -75.43262,  44.00845
 -75.43171,  44.01026
 -75.43229,  44.01258
 -75.43472,  44.03288
 -75.42889,  44.05463
 -75.42871,  44.05510
 -75.42881,  44.05556
 -75.43347,  44.07779
 -75.43373,  44.10028
 -75.43887,  44.12298
 -75.44351,  44.14566
 -75.44241,  44.16809
 -75.43691,  44.19035
 -75.43871,  44.21291
 -75.43649,  44.23528
 -75.43729,  44.25780
 -75.43963,  44.28038
 -75.44056,  44.29730
 -75.44093,  44.30291
 -75.44803,  44.32568
 -75.44811,  44.34816
 -75.43501,  44.36557
 -75.42960,  44.36987
 -75.40205,  44.38419
 -75.37060,  44.38424
 -75.33976,  44.37679
 -75.30807,  44.37976
 -75.29649,  44.38674
 -75.28185,  44.40859
 -75.27378,  44.41355
 -75.26705,  44.43044
 -75.27094,  44.44739
 -75.27757,  44.45337
 -75.29015,  44.47638
 -75.29932,  44.48442
 -75.32786,  44.50045
 -75.32946,  44.50090
 -75.33101,  44.50059
 -75.36263,  44.48078
 -75.36835,  44.47969
 -75.39510,  44.46890
 -75.41493,  44.45916
 -75.42805,  44.45107
 -75.43526,  44.46001
 -75.45760,  44.47495
 -75.47738,  44.48422
 -75.48820,  44.48608
 -75.51904,  44.49438
 -75.53569,  44.48660
 -75.55218,  44.47386
 -75.57115,  44.46557
 -75.58492,  44.45796
 -75.59951,  44.44424
 -75.60241,  44.42189
 -75.60047,  44.39933
 -75.59659,  44.37671
 -75.59236,  44.36371
 -75.58831,  44.35390
 -75.59423,  44.33999
 -75.59663,  44.33176
 -75.60742,  44.30972
 -75.62597,  44.28799
 -75.61948,  44.26524
 -75.62411,  44.24295
 -75.62362,  44.22046
 -75.62949,  44.19822
 -75.63839,  44.17610
 -75.63847,  44.17569
 -75.64316,  44.15381
 -75.65888,  44.13195
 -75.67457,  44.11406
 -75.68671,  44.11058
 -75.70653,  44.10566
 -75.73869,  44.09444
 -75.74524,  44.09041
 -75.75632,  44.06836
 -75.76451,  44.04621
 -75.75354,  44.02330
 -75.74477,  44.01426
 -75.73261,  43.99999
 -75.71574,  43.98519
 -75.68420,  43.98901
 -75.65361,  43.98043
 -75.64502,  43.97404
 -75.62350,  43.96590
 -75.59364,  43.94947
 -75.59355,  43.94940
 -75.56318,  43.93843
 -75.53265,  43.92975
 -75.50101,  43.93483
 -75.48880,  43.94518
END
 -15.00000, -75.90266,  44.18638
 -75.88734,  44.20068
 -75.87335,  44.20775
 -75.85401,  44.22728
 -75.85287,  44.22944
 -75.85362,  44.23243
 -75.86266,  44.25228
 -75.88226,  44.26940
 -75.88958,  44.27578
 -75.91202,  44.29148
 -75.94386,  44.28522
 -75.95925,  44.27840
 -75.97599,  44.25655
 -75.97739,  44.25578
 -75.98813,  44.23454
 -75.98000,  44.21988
 -75.96535,  44.21122
 -75.95262,  44.18827
 -75.95099,  44.18762
 -75.92040,  44.17728
 -75.90266,  44.18638
END
 -15.00000, -76.11682,  44.37405
 -76.09576,  44.39576
 -76.09272,  44.39962
 -76.08218,  44.41774
 -76.07505,  44.43995
 -76.08920,  44.44939
 -76.11504,  44.46385
 -76.11856,  44.47924
 -76.12325,  44.46415
 -76.15253,  44.44373
 -76.15369,  44.44277
 -76.15638,  44.42040
 -76.15443,  44.41656
 -76.14265,  44.39745
 -76.13227,  44.37461
 -76.12618,  44.37104
 -76.11682,  44.37405
END
 -15.00000, -75.11528,  44.58118
 -75.10040,  44.59826
 -75.09817,  44.60290
 -75.08343,  44.62473
 -75.08981,  44.64748
 -75.09579,  44.65125
 -75.11952,  44.67126
 -75.12463,  44.68300
 -75.13009,  44.67173
 -75.15865,  44.65495
 -75.16389,  44.65073
 -75.17553,  44.62877
 -75.16270,  44.60801
 -75.15977,  44.60561
 -75.14555,  44.58251
 -75.13408,  44.57386
 -75.11528,  44.58118
END
 -15.00000, -76.37885,  45.52802
 -76.39491,  45.53725
 -76.40815,  45.55143
 -76.42450,  45.57360
 -76.42519,  45.57441
 -76.42841,  45.59695
 -76.44095,  45.61979
 -76.43779,  45.64211
 -76.44108,  45.66464
 -76.43033,  45.68671
 -76.42621,  45.70900
 -76.41486,  45.71736
 -76.39223,  45.73031
 -76.38121,  45.74011
 -76.34872,  45.74535
 -76.31641,  45.74789
 -76.28476,  45.74100
 -76.25353,  45.72807
 -76.25150,  45.72560
 -76.22508,  45.70227
 -76.22507,  45.67984
 -76.22484,  45.67925
 -76.21540,  45.65708
 -76.22227,  45.63489
 -76.21698,  45.61228
 -76.22869,  45.59025
 -76.23055,  45.56789
 -76.23289,  45.56451
 -76.25154,  45.54617
 -76.26608,  45.52423
 -76.26779,  45.52322
 -76.30007,  45.51930
 -76.33241,  45.51465
 -76.36407,  45.51971
 -76.37885,  45.52802
END
 -15.00000, -75.62379,  45.68021
 -75.64577,  45.69413
 -75.65893,  45.70401
 -75.67648,  45.71193
 -75.70832,  45.71547
 -75.73985,  45.72319
 -75.75675,  45.73020
 -75.77100,  45.73567
 -75.78862,  45.75383
 -75.80074,  45.76682
 -75.80984,  45.77706
 -75.81940,  45.79985
 -75.82465,  45.82247
 -75.82636,  45.84496
 -75.81939,  45.86713
 -75.82085,  45.88962
 -75.81741,  45.91191
 -75.80245,  45.93377
 -75.78895,  45.95569
 -75.78494,  45.97035
 -75.78224,  45.97786
 -75.77254,  45.99992
 -75.77728,  46.02251
 -75.77979,  46.03651
 -75.77973,  46.04502
 -75.77904,  46.04609
 -75.75083,  46.06636
 -75.74451,  46.07442
 -75.72536,  46.08781
 -75.71068,  46.09345
 -75.67992,  46.08607
 -75.67897,  46.08566
 -75.67322,  46.08581
 -75.64664,  46.08581
 -75.64143,  46.08459
 -75.61536,  46.07283
 -75.58241,  46.08071
 -75.57856,  46.08214
 -75.54962,  46.08626
 -75.51712,  46.08837
 -75.50679,  46.07931
 -75.48734,  46.05772
 -75.48640,  46.05608
 -75.47685,  46.03327
 -75.48301,  46.01109
 -75.48315,  45.98867
 -75.48242,  45.96622
 -75.46631,  45.94315
 -75.46702,  45.92075
 -75.46648,  45.92010
 -75.45847,  45.89797
 -75.45589,  45.87544
 -75.45244,  45.85286
 -75.45052,  45.83036
 -75.44988,  45.80790
 -75.45381,  45.78563
 -75.45181,  45.76311
 -75.45076,  45.74063
 -75.45600,  45.71841
 -75.48425,  45.70522
 -75.51604,  45.70930
 -75.54881,  45.70143
 -75.55783,  45.70005
 -75.58153,  45.69418
 -75.60316,  45.67940
 -75.61546,  45.67154
 -75.62379,  45.68021
END
 -15.00000, -76.95070,  45.76987
 -76.95749,  45.77343
 -76.98888,  45.78636
 -76.99715,  45.79359
 -77.01053,  45.81638
 -77.01162,  45.83883
 -77.01588,  45.86135
 -77.00721,  45.88353
 -77.00185,  45.90579
 -76.98082,  45.92522
 -76.97717,  45.92751
 -76.94734,  45.94669
 -76.93992,  45.94886
 -76.91451,  45.95694
 -76.88184,  45.96437
 -76.87630,  45.96944
 -76.86490,  45.99153
 -76.85320,  46.01360
 -76.84888,  46.03587
 -76.84643,  46.05821
 -76.85121,  46.08075
 -76.85384,  46.10324
 -76.86821,  46.12605
 -76.87093,  46.14618
 -76.90324,  46.14636
 -76.93543,  46.14890
 -76.94283,  46.15059
 -76.96741,  46.15492
 -76.99933,  46.16214
 -77.03094,  46.17480
 -77.03189,  46.17548
 -77.04869,  46.19834
 -77.06148,  46.20661
 -77.09360,  46.21088
 -77.12399,  46.22279
 -77.12523,  46.22407
 -77.13245,  46.24541
 -77.13384,  46.26785
 -77.13430,  46.29025
 -77.12032,  46.31138
 -77.10952,  46.31198
 -77.08769,  46.31510
 -77.06553,  46.33318
 -77.08603,  46.34441
 -77.11826,  46.34816
 -77.13046,  46.35732
 -77.14929,  46.37331
 -77.15469,  46.38036
 -77.16048,  46.40290
 -77.17895,  46.42386
 -77.17955,  46.42580
 -77.17844,  46.43301
 -77.16849,  46.44789
 -77.14401,  46.46777
 -77.14083,  46.46955
 -77.11081,  46.48009
 -77.08520,  46.46806
 -77.07910,  46.46605
 -77.04694,  46.46005
 -77.01470,  46.45559
 -76.99191,  46.46550
 -76.98124,  46.47195
 -76.94830,  46.47926
 -76.93754,  46.48637
 -76.91483,  46.49516
 -76.89463,  46.48515
 -76.88368,  46.47245
 -76.87148,  46.46210
 -76.85303,  46.44191
 -76.85153,  46.43913
 -76.85349,  46.41680
 -76.85517,  46.39445
 -76.85629,  46.38823
 -76.86047,  46.37222
 -76.87222,  46.35015
 -76.86842,  46.32766
 -76.86027,  46.32269
 -76.82866,  46.30922
 -76.82368,  46.30396
 -76.81390,  46.28128
 -76.80997,  46.25877
 -76.80803,  46.23631
 -76.80180,  46.21888
 -76.80013,  46.21368
 -76.78280,  46.19077
 -76.77160,  46.18365
 -76.73961,  46.17775
 -76.70681,  46.18482
 -76.70255,  46.18836
 -76.69702,  46.21060
 -76.67146,  46.23184
 -76.67138,  46.23223
 -76.67142,  46.23246
 -76.68980,  46.25518
 -76.68225,  46.27736
 -76.67748,  46.29961
 -76.66640,  46.31139
 -76.66041,  46.32149
 -76.64880,  46.34353
 -76.63101,  46.35743
 -76.60248,  46.36451
 -76.59805,  46.36536
 -76.57104,  46.36353
 -76.56573,  46.36323
 -76.53338,  46.36156
 -76.52964,  46.36224
 -76.50032,  46.37067
 -76.46730,  46.37901
 -76.46200,  46.38248
 -76.45321,  46.40460
 -76.43991,  46.42657
 -76.43911,  46.44894
 -76.44924,  46.47166
 -76.45997,  46.48798
 -76.47777,  46.49497
 -76.49187,  46.49734
 -76.52374,  46.50726
 -76.55654,  46.50316
 -76.58914,  46.50207
 -76.62154,  46.50406
 -76.64392,  46.52254
 -76.65214,  46.53418
 -76.66202,  46.54548
 -76.67123,  46.56815
 -76.67690,  46.59071
 -76.67213,  46.61295
 -76.67193,  46.63533
 -76.67433,  46.65778
 -76.67645,  46.66315
 -76.69161,  46.68069
 -76.70681,  46.69873
 -76.71758,  46.70384
 -76.73848,  46.71399
 -76.77055,  46.72326
 -76.77603,  46.72795
 -76.78782,  46.75067
 -76.79698,  46.77332
 -76.79946,  46.78339
 -76.80215,  46.79585
 -76.80291,  46.81825
 -76.80525,  46.84070
 -76.79903,  46.86289
 -76.79963,  46.88528
 -76.79271,  46.89194
 -76.76185,  46.90655
 -76.75900,  46.90744
 -76.72585,  46.91359
 -76.69879,  46.92706
 -76.69203,  46.93037
 -76.66339,  46.94837
 -76.65787,  46.95200
 -76.63768,  46.96996
 -76.63011,  46.99210
 -76.62428,  47.01429
 -76.62035,  47.02456
 -76.61059,  47.03625
 -76.61851,  47.05280
 -76.61971,  47.05890
 -76.61969,  47.08127
 -76.63261,  47.10402
 -76.64689,  47.12128
 -76.65578,  47.12709
 -76.67753,  47.15010
 -76.67788,  47.15035
 -76.71043,  47.15556
 -76.74319,  47.15746
 -76.77579,  47.16212
 -76.80805,  47.17209
 -76.81274,  47.17643
 -76.82600,  47.19917
 -76.83217,  47.22170
 -76.83705,  47.23493
 -76.83884,  47.24425
 -76.84100,  47.26667
 -76.84934,  47.28926
 -76.86573,  47.30395
 -76.89832,  47.31021
 -76.93116,  47.31228
 -76.96413,  47.31223
 -76.98529,  47.31541
 -76.99681,  47.31705
 -77.02933,  47.32472
 -77.05282,  47.33960
 -77.06120,  47.34368
 -77.09425,  47.34256
 -77.12674,  47.35113
 -77.15928,  47.35900
 -77.16805,  47.36498
 -77.19105,  47.38077
 -77.19671,  47.38807
 -77.20262,  47.41057
 -77.20792,  47.43305
 -77.21132,  47.45547
 -77.20827,  47.47774
 -77.20907,  47.50010
 -77.20935,  47.52245
 -77.20912,  47.54478
 -77.21438,  47.55400
 -77.22824,  47.56761
 -77.23792,  47.59019
 -77.24018,  47.61258
 -77.24284,  47.63498
 -77.23895,  47.65723
 -77.23846,  47.67955
 -77.23138,  47.70170
 -77.22336,  47.72382
 -77.21184,  47.74586
 -77.20320,  47.76797
 -77.20226,  47.76974
 -77.19167,  47.79000
 -77.19161,  47.81232
 -77.18884,  47.83458
 -77.18526,  47.85682
 -77.18052,  47.87901
 -77.17610,  47.90122
 -77.17023,  47.92339
 -77.16763,  47.94564
 -77.16933,  47.96801
 -77.17349,  47.99043
 -77.17477,  48.01278
 -77.18749,  48.03032
 -77.18899,  48.03546
 -77.18686,  48.04142
 -77.17367,  48.05738
 -77.17262,  48.07967
 -77.15022,  48.09798
 -77.14567,  48.10128
 -77.11607,  48.11091
 -77.08222,  48.11820
 -77.07812,  48.12184
 -77.06715,  48.14386
 -77.05687,  48.16590
 -77.05544,  48.18817
 -77.04956,  48.21032
 -77.05029,  48.23265
 -77.04951,  48.25493
 -77.05671,  48.27743
 -77.06648,  48.29999
 -77.07129,  48.30340
 -77.10408,  48.31585
 -77.13745,  48.31865
 -77.17122,  48.31461
 -77.20463,  48.31678
 -77.23846,  48.31131
 -77.25599,  48.30482
 -77.27184,  48.28292
 -77.26324,  48.26040
 -77.26205,  48.23807
 -77.26691,  48.21589
 -77.27808,  48.20218
 -77.28982,  48.19415
 -77.31293,  48.17672
 -77.34571,  48.18909
 -77.35721,  48.19579
 -77.37785,  48.21352
 -77.38199,  48.21869
 -77.39079,  48.24120
 -77.37785,  48.26319
 -77.37561,  48.28544
 -77.39287,  48.30815
 -77.40582,  48.31670
 -77.41939,  48.33107
 -77.41858,  48.35335
 -77.41570,  48.37558
 -77.41277,  48.39780
 -77.41329,  48.42010
 -77.42748,  48.44273
 -77.43208,  48.45349
 -77.43379,  48.46516
 -77.44483,  48.48771
 -77.46221,  48.51040
 -77.46264,  48.51138
 -77.47860,  48.53307
 -77.49453,  48.54490
 -77.51523,  48.55619
 -77.52731,  48.56182
 -77.56010,  48.57910
 -77.56067,  48.57949
 -77.58398,  48.60229
 -77.59210,  48.61226
 -77.59938,  48.62491
 -77.60015,  48.64721
 -77.58926,  48.66835
 -77.58859,  48.66923
 -77.56768,  48.69104
 -77.55396,  48.69913
 -77.53772,  48.71264
 -77.51905,  48.72127
 -77.49986,  48.73406
 -77.48420,  48.74198
 -77.46511,  48.75554
 -77.44905,  48.76774
 -77.43074,  48.77701
 -77.41405,  48.79027
 -77.37988,  48.79700
 -77.34631,  48.79262
 -77.31263,  48.79049
 -77.30000,  48.79618
 -77.27798,  48.80552
 -77.24539,  48.81712
 -77.24343,  48.81833
 -77.20919,  48.82557
 -77.17571,  48.81955
 -77.14216,  48.81494
 -77.10798,  48.82102
 -77.07360,  48.83029
 -77.07109,  48.83498
 -77.07303,  48.83976
 -77.09437,  48.85786
 -77.09343,  48.88010
 -77.10346,  48.89721
 -77.11256,  48.90286
 -77.13617,  48.91698
 -77.17056,  48.90815
 -77.17694,  48.92676
 -77.17032,  48.94885
 -77.16808,  48.95074
 -77.13423,  48.94979
 -77.09923,  48.96832
 -77.09854,  48.96929
 -77.08225,  48.99113
 -77.08461,  49.01346
 -77.06799,  49.03529
 -77.08998,  49.05811
 -77.09340,  49.06607
 -77.10459,  49.08075
 -77.12551,  49.09751
 -77.15974,  49.09344
 -77.17276,  49.10472
 -77.19209,  49.12159
 -77.19508,  49.12753
 -77.20074,  49.14993
 -77.20674,  49.17232
 -77.21201,  49.19470
 -77.21708,  49.21708
 -77.21249,  49.23921
 -77.21660,  49.26155
 -77.20806,  49.28358
 -77.20507,  49.30576
 -77.18678,  49.32755
 -77.17918,  49.34278
 -77.15880,  49.34908
 -77.14455,  49.35130
 -77.11002,  49.35757
 -77.07559,  49.36239
 -77.06607,  49.36898
 -77.05509,  49.39093
 -77.04417,  49.41289
 -77.04163,  49.43505
 -77.03634,  49.44588
 -77.02735,  49.45692
 -77.02416,  49.47907
 -77.00663,  49.50085
 -76.99802,  49.51238
 -76.98653,  49.52255
 -76.96204,  49.54020
 -76.95728,  49.54401
 -76.92694,  49.55354
 -76.89657,  49.56462
 -76.89179,  49.56747
 -76.87054,  49.58615
 -76.86652,  49.60826
 -76.85693,  49.63023
 -76.85914,  49.65252
 -76.86008,  49.67476
 -76.86031,  49.69699
 -76.85989,  49.71920
 -76.85864,  49.74138
 -76.85186,  49.76341
 -76.85107,  49.78561
 -76.84514,  49.80766
 -76.84711,  49.82993
 -76.84451,  49.85207
 -76.84707,  49.87435
 -76.84772,  49.89657
 -76.84698,  49.91875
 -76.84729,  49.94098
 -76.83685,  49.96289
 -76.83598,  49.98507
 -76.82928,  50.00135
 -76.82590,  50.00700
 -76.82803,  50.02034
 -76.82893,  50.02928
 -76.82703,  50.03555
 -76.82104,  50.05127
 -76.81271,  50.07324
 -76.80495,  50.09522
 -76.78779,  50.10614
 -76.76138,  50.11621
 -76.75237,  50.11829
 -76.71725,  50.12577
 -76.68829,  50.13638
 -76.68177,  50.13831
 -76.65128,  50.15753
 -76.64536,  50.16417
 -76.63048,  50.17913
 -76.62123,  50.20105
 -76.61745,  50.22313
 -76.61269,  50.24518
 -76.60840,  50.26725
 -76.60310,  50.27322
 -76.58996,  50.28890
 -76.56610,  50.30559
 -76.54656,  50.30983
 -76.53091,  50.31195
 -76.49641,  50.30883
 -76.49407,  50.30830
 -76.46219,  50.30166
 -76.43541,  50.28438
 -76.42938,  50.27546
 -76.41341,  50.26153
 -76.40830,  50.23919
 -76.40098,  50.21679
 -76.39988,  50.20466
 -76.39809,  50.19451
 -76.39005,  50.17207
 -76.37624,  50.14946
 -76.37529,  50.12724
 -76.39194,  50.10554
 -76.39342,  50.08339
 -76.39902,  50.06136
 -76.40031,  50.03920
 -76.39896,  50.01695
 -76.39181,  49.99453
 -76.38210,  49.97605
 -76.37350,  49.97177
 -76.34842,  49.96452
 -76.31428,  49.95939
 -76.27953,  49.96240
 -76.25693,  49.96817
 -76.24409,  49.97443
 -76.20853,  49.98793
 -76.20726,  49.98880
 -76.20095,  50.01081
 -76.17944,  50.03233
 -76.17937,  50.05454
 -76.17786,  50.07669
 -76.17447,  50.09879
 -76.16391,  50.11797
 -76.15913,  50.12050
 -76.13294,  50.14186
 -76.12736,  50.14265
 -76.09182,  50.15395
 -76.08296,  50.16244
 -76.06132,  50.18393
 -76.05310,  50.20509
 -76.05293,  50.20586
 -76.04642,  50.22784
 -76.04753,  50.25006
 -76.04881,  50.25888
 -76.05202,  50.27241
 -76.05469,  50.29468
 -76.05136,  50.31675
 -76.05264,  50.33899
 -76.05493,  50.36124
 -76.06670,  50.38381
 -76.07246,  50.39785
 -76.10664,  50.40569
 -76.10770,  50.40732
 -76.10658,  50.42946
 -76.10466,  50.43072
 -76.08245,  50.45087
 -76.06802,  50.45357
 -76.03201,  50.46824
 -76.02814,  50.47128
 -75.99543,  50.48956
 -75.99019,  50.49221
 -75.95953,  50.50225
 -75.92411,  50.50903
 -75.90464,  50.51154
 -75.88864,  50.51617
 -75.85555,  50.53207
 -75.85235,  50.53307
 -75.82641,  50.55325
 -75.81498,  50.56247
 -75.79832,  50.57446
 -75.79212,  50.59642
 -75.78680,  50.61841
 -75.78648,  50.64057
 -75.78153,  50.66256
 -75.76980,  50.68266
 -75.76815,  50.68427
 -75.74096,  50.70550
 -75.73260,  50.70819
 -75.69694,  50.71590
 -75.66134,  50.72269
 -75.65830,  50.72477
 -75.64583,  50.74650
 -75.63860,  50.76841
 -75.63067,  50.79028
 -75.63507,  50.81260
 -75.62730,  50.83448
 -75.63086,  50.85676
 -75.62357,  50.87866
 -75.61848,  50.90063
 -75.60919,  50.91592
 -75.60225,  50.92221
 -75.58289,  50.94366
 -75.57098,  50.95020
 -75.53545,  50.95432
 -75.49954,  50.96248
 -75.49896,  50.96281
 -75.46294,  50.97819
 -75.45863,  50.98349
 -75.45834,  51.00563
 -75.44918,  51.02744
 -75.44974,  51.04960
 -75.44772,  51.07167
 -75.43974,  51.09352
 -75.42889,  51.11526
 -75.41376,  51.12910
 -75.40260,  51.13644
 -75.37624,  51.15310
 -75.34811,  51.15656
 -75.34056,  51.15720
 -75.30467,  51.16347
 -75.26841,  51.17352
 -75.26518,  51.17560
 -75.25895,  51.19750
 -75.24833,  51.21923
 -75.24503,  51.24124
 -75.24565,  51.26339
 -75.24512,  51.28550
 -75.24751,  51.30772
 -75.23627,  51.32942
 -75.23617,  51.35153
 -75.23233,  51.37351
 -75.22872,  51.39549
 -75.22989,  51.41766
 -75.22591,  51.43962
 -75.22593,  51.46173
 -75.22428,  51.48379
 -75.21700,  51.50562
 -75.20992,  51.52746
 -75.19704,  51.54492
 -75.19356,  51.54895
 -75.16058,  51.56981
 -75.15894,  51.57067
 -75.12356,  51.56890
 -75.08614,  51.58747
 -75.08356,  51.58896
 -75.07121,  51.61059
 -75.06323,  51.63239
 -75.05692,  51.65424
 -75.05483,  51.67626
 -75.04396,  51.69794
 -75.03899,  51.70214
 -75.01118,  51.71876
 -75.00110,  51.72408
 -74.96436,  51.73457
 -74.95125,  51.73851
 -74.92762,  51.74475
 -74.89102,  51.75821
 -74.89051,  51.75850
 -74.87216,  51.77956
 -74.85989,  51.80116
 -74.85258,  51.82296
 -74.85010,  51.84494
 -74.85035,  51.86704
 -74.85445,  51.88929
 -74.85132,  51.91125
 -74.85638,  51.93354
 -74.84723,  51.95525
 -74.83220,  51.97356
 -74.82900,  51.97660
 -74.81735,  51.99821
 -74.81089,  52.02002
 -74.81132,  52.04211
 -74.80218,  52.06382
 -74.79414,  52.08556
 -74.78369,  52.09257
 -74.74660,  52.10343
 -74.73902,  52.10541
 -74.70980,  52.11148
 -74.67364,  52.11358
 -74.65771,  52.12415
 -74.65153,  52.14597
 -74.64443,  52.16774
 -74.64383,  52.18978
 -74.63832,  52.21162
 -74.63869,  52.23369
 -74.64371,  52.25595
 -74.64040,  52.27787
 -74.64294,  52.30004
 -74.64498,  52.32217
 -74.64610,  52.34426
 -74.64608,  52.36545
 -74.64609,  52.36632
 -74.64756,  52.38842
 -74.64301,  52.41028
 -74.64590,  52.43244
 -74.64390,  52.45440
 -74.64657,  52.47655
 -74.64757,  52.49862
 -74.65109,  52.52081
 -74.65057,  52.54282
 -74.64369,  52.56457
 -74.63760,  52.58635
 -74.64129,  52.60852
 -74.63536,  52.63031
 -74.63034,  52.65213
 -74.61618,  52.67357
 -74.61144,  52.67825
 -74.59781,  52.69483
 -74.57183,  52.70761
 -74.54325,  52.71461
 -74.53431,  52.71801
 -74.50236,  52.73492
 -74.49562,  52.73859
 -74.46938,  52.75557
 -74.45572,  52.76945
 -74.45107,  52.77682
 -74.44483,  52.79856
 -74.43952,  52.82036
 -74.42903,  52.84193
 -74.42171,  52.86362
 -74.40604,  52.88438
 -74.40558,  52.88495
 -74.37785,  52.90578
 -74.36662,  52.90971
 -74.32963,  52.91405
 -74.29348,  52.91115
 -74.25798,  52.90278
 -74.25127,  52.90036
 -74.22733,  52.87732
 -74.22482,  52.87503
 -74.18941,  52.86617
 -74.15409,  52.85669
 -74.11732,  52.85931
 -74.08440,  52.87104
 -74.07881,  52.87598
 -74.06311,  52.89211
 -74.03974,  52.89715
 -74.02187,  52.91227
 -74.00071,  52.93333
 -73.99863,  52.93452
 -73.96558,  52.95375
 -73.95908,  52.95893
 -73.92128,  52.96905
 -73.88664,  52.95392
 -73.88435,  52.95006
 -73.86462,  52.92715
 -73.85485,  52.91645
 -73.85073,  52.90450
 -73.84105,  52.88204
 -73.83727,  52.85984
 -73.83955,  52.83793
 -73.84040,  52.81595
 -73.85035,  52.79438
 -73.85388,  52.77253
 -73.87381,  52.75142
 -73.87606,  52.74817
 -73.90529,  52.73083
 -73.91503,  52.72744
 -73.95222,  52.72083
 -73.96436,  52.71149
 -73.98488,  52.69040
 -73.99100,  52.66863
 -73.99483,  52.64679
 -73.99572,  52.62479
 -73.99668,  52.60279
 -73.99669,  52.58076
 -74.00811,  52.56206
 -74.00946,  52.55929
 -74.00981,  52.54820
 -74.01018,  52.53728
 -74.01142,  52.53505
 -74.02048,  52.51571
 -74.01875,  52.49358
 -74.02399,  52.47177
 -74.02630,  52.44982
 -74.02438,  52.42892
 -74.02421,  52.42768
 -74.02323,  52.40557
 -74.02821,  52.39746
 -74.03500,  52.38405
 -74.03930,  52.36219
 -74.05875,  52.34101
 -74.06572,  52.31926
 -74.07482,  52.31084
 -74.11158,  52.30527
 -74.13300,  52.30022
 -74.14907,  52.29341
 -74.18349,  52.28041
 -74.18861,  52.26421
 -74.18984,  52.25863
 -74.20110,  52.23706
 -74.19817,  52.21486
 -74.19651,  52.19732
 -74.19587,  52.19269
 -74.19038,  52.17038
 -74.18501,  52.14806
 -74.18547,  52.12601
 -74.19476,  52.10434
 -74.19454,  52.08225
 -74.19761,  52.06030
 -74.19872,  52.03827
 -74.20120,  52.01630
 -74.20458,  51.99436
 -74.20368,  51.97224
 -74.21056,  51.95045
 -74.22076,  51.92881
 -74.22993,  51.91244
 -74.23579,  51.90739
 -74.26258,  51.88647
 -74.26975,  51.87786
 -74.30299,  51.86616
 -74.30768,  51.85927
 -74.31510,  51.84460
 -74.32156,  51.82278
 -74.32275,  51.80074
 -74.32129,  51.77857
 -74.31817,  51.76792
 -74.29222,  51.75518
 -74.28852,  51.73291
 -74.30659,  51.71161
 -74.32483,  51.70977
 -74.34148,  51.69103
 -74.34438,  51.66904
 -74.36376,  51.64778
 -74.36105,  51.62555
 -74.33639,  51.60847
 -74.30780,  51.60109
 -74.30171,  51.60029
 -74.30082,  51.60078
 -74.26369,  51.62123
 -74.26366,  51.62125
 -74.25455,  51.64296
 -74.25954,  51.65721
 -74.26994,  51.66576
 -74.27487,  51.68810
 -74.27794,  51.71034
 -74.27660,  51.73239
 -74.25056,  51.73481
 -74.23763,  51.73066
 -74.21574,  51.72730
 -74.18105,  51.71873
 -74.14459,  51.72522
 -74.10896,  51.72467
 -74.10060,  51.72449
 -74.07317,  51.72546
 -74.03704,  51.72907
 -74.00069,  51.73446
 -73.97696,  51.74093
 -73.96362,  51.74584
 -73.92769,  51.74752
 -73.91319,  51.73796
 -73.89393,  51.73154
 -73.86521,  51.71359
 -73.86075,  51.71105
 -73.84676,  51.69060
 -73.84268,  51.66829
 -73.84106,  51.64609
 -73.84111,  51.62397
 -73.84375,  51.60197
 -73.85244,  51.58025
 -73.86237,  51.55859
 -73.88146,  51.54197
 -73.89977,  51.53823
 -73.91797,  51.53433
 -73.95460,  51.52565
 -73.97534,  51.51964
 -73.99200,  51.51036
 -74.00365,  51.49882
 -74.01434,  51.47719
 -74.01583,  51.45512
 -74.02217,  51.43328
 -74.02055,  51.41107
 -74.02146,  51.38897
 -74.02712,  51.36709
 -74.03246,  51.34520
 -74.04929,  51.32383
 -74.04978,  51.32338
 -74.08369,  51.30328
 -74.08781,  51.30136
 -74.12359,  51.29830
 -74.16035,  51.28668
 -74.16261,  51.28474
 -74.17477,  51.26315
 -74.18301,  51.24137
 -74.18983,  51.21954
 -74.19440,  51.19759
 -74.19851,  51.17562
 -74.21043,  51.15959
 -74.21675,  51.15430
 -74.24799,  51.13997
 -74.26920,  51.13451
 -74.28427,  51.13149
 -74.32030,  51.12504
 -74.35079,  51.11599
 -74.35683,  51.11417
 -74.38761,  51.09546
 -74.39514,  51.08708
 -74.40360,  51.07401
 -74.40798,  51.05204
 -74.41309,  51.03011
 -74.41473,  51.00801
 -74.41797,  50.98599
 -74.43025,  50.96437
 -74.44464,  50.94283
 -74.44659,  50.94068
 -74.46854,  50.92171
 -74.48473,  50.91367
 -74.51996,  50.91303
 -74.54629,  50.90291
 -74.55749,  50.89109
 -74.56608,  50.88160
 -74.57706,  50.85989
 -74.58278,  50.83797
 -74.58410,  50.81586
 -74.57891,  50.79346
 -74.58176,  50.77140
 -74.57878,  50.74910
 -74.58476,  50.72718
 -74.59514,  50.70544
 -74.60513,  50.68369
 -74.61646,  50.66837
 -74.62202,  50.66222
 -74.63136,  50.64044
 -74.64029,  50.61863
 -74.63308,  50.59614
 -74.63352,  50.57397
 -74.63928,  50.55202
 -74.64125,  50.52991
 -74.63312,  50.51149
 -74.63135,  50.50729
 -74.63508,  50.48526
 -74.62731,  50.46273
 -74.62820,  50.44057
 -74.62762,  50.41833
 -74.62750,  50.39613
 -74.63051,  50.37406
 -74.63640,  50.35210
 -74.64209,  50.33014
 -74.65445,  50.30846
 -74.65465,  50.30727
 -74.66053,  50.28651
 -74.68431,  50.26531
 -74.69126,  50.24340
 -74.69722,  50.23248
 -74.70492,  50.22177
 -74.71663,  50.20005
 -74.73032,  50.17842
 -74.73657,  50.15647
 -74.73998,  50.15471
 -74.75712,  50.13512
 -74.77107,  50.11348
 -74.77941,  50.10833
 -74.79544,  50.09229
 -74.80081,  50.07029
 -74.80842,  50.04839
 -74.80738,  50.02612
 -74.79267,  50.00328
 -74.79056,  49.99917
 -74.77137,  49.98015
 -74.75892,  49.97044
 -74.72562,  49.95824
 -74.69112,  49.95770
 -74.65654,  49.95782
 -74.63754,  49.95219
 -74.62405,  49.93808
 -74.59145,  49.95019
 -74.58813,  49.95109
 -74.55216,  49.96444
 -74.51827,  49.95808
 -74.51328,  49.94675
 -74.49557,  49.92373
 -74.48775,  49.92047
 -74.47223,  49.90046
 -74.45759,  49.87973
 -74.45687,  49.87753
 -74.45465,  49.85519
 -74.44992,  49.83273
 -74.45860,  49.81087
 -74.46023,  49.78870
 -74.46900,  49.77342
 -74.47717,  49.76720
 -74.50264,  49.74609
 -74.50673,  49.74266
 -74.54218,  49.73304
 -74.55667,  49.72624
 -74.57864,  49.71362
 -74.58943,  49.70543
 -74.60074,  49.68367
 -74.60933,  49.66179
 -74.61082,  49.63960
 -74.60692,  49.61718
 -74.61465,  49.59526
 -74.62088,  49.57328
 -74.62831,  49.56714
 -74.66322,  49.55286
 -74.66415,  49.55246
 -74.69920,  49.54532
 -74.73328,  49.54750
 -74.76688,  49.55446
 -74.77323,  49.55759
 -74.79891,  49.57699
 -74.80378,  49.58115
 -74.81351,  49.60381
 -74.82247,  49.62645
 -74.82290,  49.64872
 -74.82539,  49.65518
 -74.83237,  49.67137
 -74.84866,  49.69429
 -74.85545,  49.69813
 -74.88898,  49.70694
 -74.92290,  49.71172
 -74.95739,  49.71078
 -74.99220,  49.70654
 -75.02093,  49.70141
 -75.02747,  49.69759
 -75.04190,  49.68002
 -75.05874,  49.65846
 -75.06343,  49.63639
 -75.06879,  49.62561
 -75.08237,  49.61491
 -75.08270,  49.59268
 -75.10710,  49.58418
 -75.13541,  49.57254
 -75.14273,  49.57042
 -75.17822,  49.55199
 -75.17879,  49.55171
 -75.19549,  49.53043
 -75.21696,  49.51029
 -75.21899,  49.50910
 -75.23353,  49.48742
 -75.25479,  49.47199
 -75.27361,  49.46673
 -75.29044,  49.45673
 -75.32545,  49.44828
 -75.32902,  49.44662
 -75.34785,  49.42509
 -75.36323,  49.40916
 -75.36502,  49.40349
 -75.36907,  49.38139
 -75.39057,  49.35995
 -75.40026,  49.33806
 -75.40398,  49.33629
 -75.43974,  49.31837
 -75.44080,  49.31734
 -75.47559,  49.29918
 -75.48902,  49.29689
 -75.51108,  49.28384
 -75.54549,  49.28058
 -75.57969,  49.27979
 -75.61346,  49.28391
 -75.64352,  49.28034
 -75.64801,  49.27895
 -75.68331,  49.26506
 -75.71095,  49.28277
 -75.71579,  49.28447
 -75.71970,  49.28308
 -75.73203,  49.26126
 -75.75311,  49.23975
 -75.75375,  49.23860
 -75.75884,  49.21769
 -75.75675,  49.20258
 -75.75481,  49.19529
 -75.75780,  49.18996
 -75.76481,  49.17338
 -75.78320,  49.15176
 -75.79614,  49.13831
 -75.80315,  49.13019
 -75.80988,  49.10817
 -75.82336,  49.08637
 -75.82255,  49.06407
 -75.82832,  49.04200
 -75.82806,  49.01972
 -75.82910,  48.99748
 -75.83507,  48.97541
 -75.84505,  48.95349
 -75.84531,  48.95303
 -75.85991,  48.93173
 -75.86500,  48.90962
 -75.87427,  48.88767
 -75.88216,  48.86566
 -75.88745,  48.85107
 -75.89718,  48.84390
 -75.91101,  48.82210
 -75.92445,  48.81178
 -75.93806,  48.80075
 -75.96039,  48.78538
 -75.96610,  48.77942
 -75.99557,  48.76807
 -76.00652,  48.75851
 -76.03097,  48.74775
 -76.05724,  48.73793
 -76.06580,  48.73440
 -76.10014,  48.72716
 -76.13385,  48.72825
 -76.16761,  48.72858
 -76.20138,  48.72886
 -76.23489,  48.73251
 -76.26839,  48.73641
 -76.30228,  48.73521
 -76.33595,  48.73683
 -76.36974,  48.73672
 -76.40351,  48.73697
 -76.43712,  48.73960
 -76.47023,  48.74923
 -76.50429,  48.74543
 -76.53779,  48.74968
 -76.54929,  48.75357
 -76.57093,  48.75919
 -76.59489,  48.77721
 -76.60271,  48.78891
 -76.61374,  48.80005
 -76.62345,  48.82262
 -76.62802,  48.84503
 -76.62607,  48.86724
 -76.62990,  48.88710
 -76.63100,  48.88966
 -76.62937,  48.89494
 -76.62383,  48.91172
 -76.61458,  48.93372
 -76.62624,  48.94109
 -76.64017,  48.93447
 -76.66141,  48.92231
 -76.69544,  48.92021
 -76.72955,  48.91693
 -76.73403,  48.91490
 -76.76431,  48.90358
 -76.77415,  48.89376
 -76.78651,  48.87184
 -76.79599,  48.84983
 -76.79945,  48.82766
 -76.80364,  48.80550
 -76.80424,  48.78323
 -76.80614,  48.78040
 -76.81747,  48.76133
 -76.82349,  48.73922
 -76.82988,  48.71711
 -76.82990,  48.69484
 -76.83120,  48.67258
 -76.83107,  48.65030
 -76.82925,  48.62797
 -76.83350,  48.60580
 -76.82914,  48.58339
 -76.83507,  48.56127
 -76.83015,  48.53884
 -76.82300,  48.51730
 -76.82254,  48.51633
 -76.82327,  48.49406
 -76.81780,  48.47161
 -76.81451,  48.44923
 -76.81509,  48.42695
 -76.80920,  48.40449
 -76.80952,  48.38219
 -76.80356,  48.35973
 -76.80050,  48.34350
 -76.79855,  48.33729
 -76.79097,  48.31477
 -76.77985,  48.29214
 -76.78184,  48.26991
 -76.78024,  48.24754
 -76.78012,  48.22524
 -76.77522,  48.21494
 -76.76235,  48.20242
 -76.74551,  48.17962
 -76.74406,  48.17908
 -76.71152,  48.16506
 -76.68074,  48.15543
 -76.67877,  48.15434
 -76.66254,  48.13258
 -76.64765,  48.11931
 -76.64211,  48.10966
 -76.62708,  48.08690
 -76.62599,  48.06456
 -76.61935,  48.04245
 -76.61918,  48.04203
 -76.61945,  48.04109
 -76.62398,  48.01986
 -76.62849,  47.99767
 -76.63062,  47.97540
 -76.65841,  47.95648
 -76.66454,  47.95409
 -76.69241,  47.94640
 -76.72608,  47.94103
 -76.75924,  47.94354
 -76.79233,  47.94735
 -76.82529,  47.95311
 -76.85948,  47.93922
 -76.88461,  47.93807
 -76.89288,  47.93790
 -76.89567,  47.93838
 -76.92539,  47.95123
 -76.93930,  47.93958
 -76.96008,  47.92885
 -76.97341,  47.91820
 -76.99101,  47.89635
 -76.99619,  47.88229
 -76.99874,  47.87423
 -77.00109,  47.85197
 -76.99854,  47.84321
 -76.99564,  47.82950
 -76.98320,  47.80684
 -76.96851,  47.78964
 -76.96153,  47.78392
 -76.93611,  47.77588
 -76.90311,  47.77222
 -76.88118,  47.75937
 -76.87094,  47.75512
 -76.85491,  47.73630
 -76.84022,  47.71526
 -76.83900,  47.71351
 -76.82903,  47.69090
 -76.82124,  47.66834
 -76.81422,  47.64580
 -76.81365,  47.62344
 -76.81339,  47.61424
 -76.81249,  47.60107
 -76.80653,  47.57856
 -76.78935,  47.55573
 -76.78452,  47.54681
 -76.76577,  47.53270
 -76.75780,  47.51012
 -76.75439,  47.49996
 -76.74622,  47.48745
 -76.74210,  47.46498
 -76.73489,  47.44242
 -76.72562,  47.43291
 -76.69228,  47.43767
 -76.67931,  47.44078
 -76.65784,  47.45913
 -76.65134,  47.46230
 -76.62450,  47.46339
 -76.61132,  47.48344
 -76.58924,  47.49658
 -76.55569,  47.50366
 -76.55447,  47.50406
 -76.52229,  47.50835
 -76.50383,  47.50250
 -76.49021,  47.49351
 -76.47238,  47.47917
 -76.46194,  47.45650
 -76.45980,  47.45473
 -76.45135,  47.43381
 -76.45440,  47.41156
 -76.45160,  47.38911
 -76.44653,  47.36660
 -76.43653,  47.34393
 -76.43459,  47.34106
 -76.40681,  47.32063
 -76.40317,  47.31847
 -76.37112,  47.30526
 -76.33843,  47.30112
 -76.30576,  47.29686
 -76.27299,  47.29395
 -76.27296,  47.29393
 -76.25261,  47.27090
 -76.24233,  47.26199
 -76.22067,  47.24747
 -76.21142,  47.23386
 -76.20413,  47.22456
 -76.20490,  47.20222
 -76.20257,  47.17977
 -76.19566,  47.15718
 -76.19551,  47.13480
 -76.19686,  47.11248
 -76.20168,  47.09027
 -76.19996,  47.06784
 -76.20374,  47.04559
 -76.20336,  47.02320
 -76.20228,  47.00079
 -76.20279,  46.97844
 -76.20284,  46.95606
 -76.20285,  46.93368
 -76.20528,  46.91138
 -76.20291,  46.89763
 -76.20191,  46.88889
 -76.20433,  46.87790
 -76.20724,  46.86669
 -76.20581,  46.85738
 -76.20464,  46.84422
 -76.20719,  46.82193
 -76.20826,  46.79958
 -76.20774,  46.77718
 -76.21247,  46.76490
 -76.21841,  46.75515
 -76.21453,  46.73617
 -76.21420,  46.73262
 -76.21488,  46.73132
 -76.23441,  46.71092
 -76.23567,  46.68857
 -76.24876,  46.66662
 -76.25101,  46.64431
 -76.25364,  46.62201
 -76.25257,  46.59958
 -76.24892,  46.57707
 -76.23934,  46.55435
 -76.23515,  46.53181
 -76.22969,  46.52431
 -76.22237,  46.50899
 -76.21415,  46.48632
 -76.20882,  46.46373
 -76.20258,  46.44842
 -76.20011,  46.44104
 -76.19893,  46.41859
 -76.19424,  46.39604
 -76.19261,  46.37358
 -76.19250,  46.35117
 -76.19257,  46.32877
 -76.19283,  46.30638
 -76.19489,  46.28404
 -76.19570,  46.26167
 -76.19874,  46.23937
 -76.19640,  46.21688
 -76.19535,  46.19444
 -76.19159,  46.17189
 -76.19042,  46.16501
 -76.18491,  46.14926
 -76.18011,  46.12668
 -76.17483,  46.10408
 -76.17081,  46.08154
 -76.17210,  46.05917
 -76.17075,  46.03671
 -76.17846,  46.01456
 -76.18446,  45.99236
 -76.19845,  45.97041
 -76.20477,  45.96350
 -76.22542,  45.94892
 -76.23854,  45.94185
 -76.27110,  45.92806
 -76.27175,  45.92790
 -76.27344,  45.92813
 -76.30368,  45.93220
 -76.32387,  45.92983
 -76.33619,  45.92820
 -76.36896,  45.92025
 -76.39851,  45.90988
 -76.40211,  45.90651
 -76.43520,  45.89363
 -76.46736,  45.89424
 -76.49967,  45.89269
 -76.53142,  45.89967
 -76.56004,  45.89265
 -76.56434,  45.88877
 -76.58492,  45.87101
 -76.59909,  45.84918
 -76.59916,  45.84904
 -76.60600,  45.82684
 -76.60831,  45.80450
 -76.62000,  45.78244
 -76.63608,  45.77373
 -76.66885,  45.76366
 -76.67827,  45.76182
 -76.70147,  45.75598
 -76.73367,  45.75490
 -76.76553,  45.75935
 -76.79360,  45.76530
 -76.79724,  45.76619
 -76.82921,  45.76900
 -76.86137,  45.76844
 -76.89352,  45.76827
 -76.89365,  45.76823
 -76.92591,  45.76395
 -76.95070,  45.76987
END
 -15.00000, -77.13298,  46.76029
 -77.15979,  46.76757
 -77.18229,  46.78397
 -77.19104,  46.79308
 -77.19702,  46.80673
 -77.20858,  46.82940
 -77.20991,  46.85181
 -77.20409,  46.87402
 -77.19915,  46.89626
 -77.18437,  46.91281
 -77.17464,  46.91800
 -77.15073,  46.92892
 -77.11760,  46.93541
 -77.08511,  46.93063
 -77.05280,  46.92309
 -77.04134,  46.91445
 -77.02608,  46.89166
 -77.02245,  46.88195
 -77.01871,  46.86908
 -77.02270,  46.84682
 -77.02464,  46.82450
 -77.02607,  46.81997
 -77.03216,  46.80233
 -77.04427,  46.78029
 -77.06165,  46.77000
 -77.09478,  46.76204
 -77.11694,  46.75986
 -77.12759,  46.75930
 -77.13298,  46.76029
END
 -15.00000, -76.99203,  46.98020
 -76.99491,  47.00265
 -76.99785,  47.02509
 -76.99623,  47.04741
 -76.98241,  47.06940
 -76.97931,  47.09168
 -76.97718,  47.09363
 -76.94357,  47.10629
 -76.91044,  47.11092
 -76.87853,  47.09529
 -76.87302,  47.08871
 -76.86009,  47.06597
 -76.85315,  47.04341
 -76.85461,  47.02108
 -76.86382,  46.99898
 -76.88435,  46.97719
 -76.88578,  46.97658
 -76.91936,  46.96331
 -76.95193,  46.96678
 -76.98437,  46.97255
 -76.99203,  46.98020
END
 -15.00000, -76.17579,  48.18431
 -76.17625,  48.20665
 -76.18911,  48.22939
 -76.18260,  48.25149
 -76.16893,  48.26267
 -76.14668,  48.27261
 -76.13391,  48.28251
 -76.10118,  48.27205
 -76.09977,  48.27105
 -76.06942,  48.24899
 -76.06863,  48.24768
 -76.06863,  48.22536
 -76.07204,  48.21470
 -76.08286,  48.20353
 -76.09447,  48.18159
 -76.10896,  48.16938
 -76.14290,  48.16299
 -76.17490,  48.18256
 -76.17579,  48.18431
END
 -15.00000, -76.51691,  48.95309
 -76.48928,  48.96023
 -76.47443,  48.97408
 -76.45794,  48.99585
 -76.45197,  49.00806
 -76.44891,  49.01784
 -76.44222,  49.03990
 -76.44789,  49.06234
 -76.44806,  49.06324
 -76.45493,  49.08481
 -76.47660,  49.10773
 -76.47882,  49.10888
 -76.51245,  49.11428
 -76.54053,  49.10965
 -76.54691,  49.10767
 -76.58183,  49.09445
 -76.58891,  49.08882
 -76.59776,  49.06682
 -76.60892,  49.04489
 -76.61031,  49.02266
 -76.60562,  49.00026
 -76.60006,  48.97783
 -76.59366,  48.95538
 -76.59149,  48.95350
 -76.55803,  48.94692
 -76.52384,  48.95094
 -76.51691,  48.95309
END
 -15.00000, -76.28876,  49.19096
 -76.28519,  49.21311
 -76.26617,  49.22477
 -76.26066,  49.23458
 -76.26485,  49.24241
 -76.29441,  49.25791
 -76.29751,  49.26176
 -76.32119,  49.28101
 -76.33003,  49.28324
 -76.33398,  49.28141
 -76.35370,  49.25977
 -76.36615,  49.25567
 -76.37688,  49.23823
 -76.37681,  49.21598
 -76.37003,  49.20232
 -76.36111,  49.19323
 -76.33817,  49.17214
 -76.30363,  49.17894
 -76.28876,  49.19096
END
 -15.00000, -74.93284,  49.27487
 -74.93127,  49.27866
 -74.92811,  49.27467
 -74.93303,  49.26064
 -74.93284,  49.27487
END
 -15.00000, -74.55628,  49.39230
 -74.57565,  49.41471
 -74.57606,  49.41545
 -74.58796,  49.43824
 -74.58459,  49.46037
 -74.56912,  49.48195
 -74.56851,  49.48290
 -74.54407,  49.50311
 -74.53189,  49.50518
 -74.52493,  49.50225
 -74.49965,  49.48590
 -74.49368,  49.47859
 -74.49059,  49.45618
 -74.47026,  49.43994
 -74.46824,  49.43291
 -74.47270,  49.41698
 -74.48215,  49.41127
 -74.49917,  49.38975
 -74.51072,  49.38119
 -74.54446,  49.38573
 -74.55628,  49.39230
END
 -15.00000, -75.90684,  49.57888
 -75.89595,  49.58778
 -75.88084,  49.60023
 -75.85894,  49.62072
 -75.85831,  49.62169
 -75.85734,  49.64014
 -75.85732,  49.64389
 -75.88991,  49.66184
 -75.90253,  49.66768
 -75.91789,  49.69044
 -75.92181,  49.69193
 -75.92540,  49.69069
 -75.93610,  49.66882
 -75.95898,  49.65704
 -75.96790,  49.64766
 -75.97231,  49.62558
 -75.96301,  49.60703
 -75.95844,  49.60287
 -75.94663,  49.58023
 -75.93159,  49.57122
 -75.90684,  49.57888
END
 -15.00000, -75.64808,  50.03658
 -75.65090,  50.04416
 -75.66788,  50.05949
 -75.68355,  50.06677
 -75.69786,  50.08277
 -75.71581,  50.09418
 -75.72332,  50.08366
 -75.72219,  50.06141
 -75.71980,  50.04749
 -75.71499,  50.03895
 -75.68713,  50.02519
 -75.65173,  50.03465
 -75.64808,  50.03658
END
 -15.00000, -75.51517,  50.14281
 -75.50353,  50.14508
 -75.48459,  50.16389
 -75.46622,  50.17467
 -75.45904,  50.18515
 -75.45988,  50.20739
 -75.45122,  50.22927
 -75.45293,  50.25153
 -75.45467,  50.27380
 -75.45233,  50.29590
 -75.44976,  50.31801
 -75.43407,  50.33961
 -75.42152,  50.36135
 -75.41394,  50.36774
 -75.37818,  50.37823
 -75.36242,  50.38133
 -75.34261,  50.38654
 -75.30743,  50.39059
 -75.29794,  50.40108
 -75.26979,  50.42058
 -75.26830,  50.42215
 -75.26108,  50.44406
 -75.26489,  50.46640
 -75.25752,  50.48831
 -75.25594,  50.51043
 -75.24673,  50.53226
 -75.24279,  50.55429
 -75.22932,  50.57596
 -75.22751,  50.59807
 -75.22726,  50.62024
 -75.22193,  50.64220
 -75.22705,  50.66458
 -75.22050,  50.68651
 -75.22376,  50.70880
 -75.21787,  50.73075
 -75.21375,  50.75275
 -75.20747,  50.77468
 -75.20047,  50.78171
 -75.17553,  50.79562
 -75.16377,  50.79868
 -75.15653,  50.79488
 -75.13033,  50.78196
 -75.11903,  50.79342
 -75.10965,  50.81522
 -75.10022,  50.83702
 -75.10611,  50.85941
 -75.11181,  50.88179
 -75.11960,  50.89186
 -75.15224,  50.88337
 -75.15581,  50.88074
 -75.19182,  50.87152
 -75.22215,  50.86389
 -75.22779,  50.86258
 -75.25871,  50.86529
 -75.26261,  50.86558
 -75.29724,  50.87068
 -75.33186,  50.87592
 -75.33700,  50.86824
 -75.36907,  50.85339
 -75.37331,  50.84743
 -75.37727,  50.82542
 -75.37353,  50.80558
 -75.37186,  50.80306
 -75.37404,  50.80013
 -75.38150,  50.78125
 -75.40402,  50.75993
 -75.41376,  50.74963
 -75.42291,  50.73846
 -75.45152,  50.71988
 -75.45739,  50.71756
 -75.48807,  50.70300
 -75.52320,  50.70149
 -75.53941,  50.69838
 -75.55967,  50.68508
 -75.57777,  50.67759
 -75.59178,  50.65591
 -75.59672,  50.63392
 -75.59653,  50.61175
 -75.59151,  50.58939
 -75.59496,  50.56734
 -75.59306,  50.54509
 -75.59307,  50.52292
 -75.59753,  50.50090
 -75.59819,  50.47874
 -75.60312,  50.45673
 -75.60283,  50.43454
 -75.60529,  50.41244
 -75.60434,  50.39021
 -75.60686,  50.36811
 -75.60972,  50.34602
 -75.61669,  50.32409
 -75.62779,  50.30939
 -75.63489,  50.30254
 -75.65007,  50.28089
 -75.66637,  50.26538
 -75.68441,  50.25991
 -75.70102,  50.23830
 -75.70398,  50.23193
 -75.71095,  50.21645
 -75.71301,  50.19432
 -75.70768,  50.18889
 -75.67348,  50.18345
 -75.66578,  50.17045
 -75.64172,  50.14985
 -75.63647,  50.14720
 -75.60903,  50.12747
 -75.57380,  50.13420
 -75.53927,  50.13291
 -75.51517,  50.14281
END
 -15.00000, -74.35748,  50.58408
 -74.36926,  50.60680
 -74.37767,  50.61205
 -74.38789,  50.62983
 -74.38129,  50.65173
 -74.37186,  50.66450
 -74.36016,  50.67297
 -74.34291,  50.69439
 -74.33323,  50.69694
 -74.32443,  50.69355
 -74.30048,  50.67670
 -74.29480,  50.67003
 -74.26859,  50.64899
 -74.26733,  50.64661
 -74.26913,  50.62449
 -74.27233,  50.61572
 -74.28435,  50.60298
 -74.29467,  50.58126
 -74.31270,  50.56759
 -74.34668,  50.57627
 -74.35748,  50.58408
END
 -15.00000, -74.51662,  51.98581
 -74.50780,  51.98977
 -74.49379,  52.00693
 -74.46844,  52.02085
 -74.46275,  52.02769
 -74.46519,  52.04977
 -74.46528,  52.04987
 -74.48715,  52.07288
 -74.49730,  52.08366
 -74.51291,  52.09605
 -74.53103,  52.10329
 -74.55827,  52.09795
 -74.56899,  52.08499
 -74.57466,  52.07656
 -74.59320,  52.05526
 -74.59365,  52.03321
 -74.57701,  52.01249
 -74.57156,  52.01021
 -74.55759,  51.98754
 -74.54434,  51.98358
 -74.51662,  51.98581
END
END
