 -15.00000, -78.80112,  37.58684
 -78.81025,  37.60943
 -78.81256,  37.63192
 -78.81526,  37.65441
 -78.80740,  37.67674
 -78.79856,  37.69906
 -78.79167,  37.70681
 -78.76727,  37.72102
 -78.76286,  37.72381
 -78.73421,  37.73405
 -78.70589,  37.73126
 -78.68378,  37.71967
 -78.67787,  37.71734
 -78.66782,  37.69695
 -78.66374,  37.67442
 -78.65881,  37.65188
 -78.65614,  37.62938
 -78.66344,  37.60706
 -78.67266,  37.58476
 -78.68156,  37.57831
 -78.71006,  37.57179
 -78.73836,  37.57295
 -78.76661,  37.57593
 -78.79475,  37.58364
 -78.80112,  37.58684
END
 -15.00000, -78.93985,  37.97063
 -78.95579,  37.97979
 -78.98401,  37.99197
 -78.98539,  37.99373
 -78.99404,  38.01631
 -79.00096,  38.03886
 -79.01104,  38.05889
 -79.01196,  38.06147
 -79.01476,  38.08397
 -79.02277,  38.10654
 -79.03808,  38.12808
 -79.03841,  38.12921
 -79.04713,  38.15178
 -79.06593,  38.16122
 -79.09447,  38.16237
 -79.12305,  38.16155
 -79.15158,  38.16369
 -79.18008,  38.16707
 -79.19026,  38.17605
 -79.19403,  38.19855
 -79.19642,  38.22105
 -79.19701,  38.24352
 -79.19688,  38.26597
 -79.19604,  38.28843
 -79.19674,  38.31090
 -79.19614,  38.33336
 -79.20525,  38.34494
 -79.23373,  38.35338
 -79.26241,  38.35202
 -79.29109,  38.34941
 -79.31972,  38.35052
 -79.34838,  38.34937
 -79.37696,  38.35305
 -79.40559,  38.35374
 -79.43197,  38.35838
 -79.43416,  38.35875
 -79.46272,  38.36433
 -79.49127,  38.37109
 -79.51988,  38.37389
 -79.54846,  38.37904
 -79.57722,  38.37156
 -79.60584,  38.37349
 -79.63451,  38.37282
 -79.66303,  38.38262
 -79.66399,  38.38286
 -79.69150,  38.39850
 -79.72018,  38.39735
 -79.73460,  38.40584
 -79.74861,  38.41724
 -79.76771,  38.42854
 -79.77707,  38.43705
 -79.78197,  38.45110
 -79.80537,  38.47351
 -79.80548,  38.47371
 -79.82115,  38.49627
 -79.83361,  38.51865
 -79.83365,  38.51881
 -79.84290,  38.54134
 -79.85107,  38.56385
 -79.85182,  38.58633
 -79.85555,  38.60881
 -79.85310,  38.63127
 -79.85758,  38.65376
 -79.85649,  38.67622
 -79.85938,  38.69870
 -79.86047,  38.71083
 -79.86277,  38.72119
 -79.88896,  38.74294
 -79.89069,  38.74382
 -79.91772,  38.74817
 -79.93936,  38.74408
 -79.94659,  38.74022
 -79.95321,  38.74415
 -79.97533,  38.74892
 -80.00226,  38.74439
 -80.00418,  38.74333
 -80.00703,  38.74441
 -80.03295,  38.74837
 -80.06175,  38.74981
 -80.09056,  38.74914
 -80.11935,  38.75279
 -80.14818,  38.74939
 -80.17696,  38.75598
 -80.19681,  38.76759
 -80.20240,  38.79008
 -80.20554,  38.80655
 -80.20850,  38.81256
 -80.20544,  38.82672
 -80.20410,  38.83501
 -80.20539,  38.83794
 -80.21879,  38.85752
 -80.23405,  38.87973
 -80.23425,  38.88004
 -80.23405,  38.88074
 -80.23035,  38.90250
 -80.22711,  38.92496
 -80.23383,  38.93216
 -80.26267,  38.94464
 -80.27018,  38.94754
 -80.29153,  38.95319
 -80.30940,  38.97009
 -80.31253,  38.99256
 -80.32027,  39.00451
 -80.33751,  39.01507
 -80.34163,  39.03756
 -80.32736,  39.06000
 -80.32010,  39.06351
 -80.29113,  39.07189
 -80.26218,  39.07492
 -80.25771,  39.08233
 -80.26212,  39.08912
 -80.28162,  39.10485
 -80.29095,  39.12419
 -80.29360,  39.12735
 -80.31463,  39.14986
 -80.31982,  39.15615
 -80.33821,  39.17238
 -80.34876,  39.17488
 -80.37641,  39.19491
 -80.37771,  39.19539
 -80.39324,  39.19493
 -80.40671,  39.19190
 -80.41063,  39.19495
 -80.42545,  39.21743
 -80.43565,  39.23656
 -80.44280,  39.23992
 -80.46466,  39.24326
 -80.47092,  39.23994
 -80.48302,  39.21747
 -80.49369,  39.20350
 -80.52270,  39.19933
 -80.55169,  39.19770
 -80.57870,  39.21746
 -80.58071,  39.21990
 -80.60233,  39.23992
 -80.60975,  39.24215
 -80.63877,  39.24677
 -80.66442,  39.26234
 -80.66521,  39.28481
 -80.66789,  39.29481
 -80.67747,  39.30727
 -80.66794,  39.31514
 -80.66287,  39.32976
 -80.66799,  39.33961
 -80.69706,  39.34301
 -80.71375,  39.35216
 -80.72617,  39.35722
 -80.75015,  39.37457
 -80.75186,  39.39704
 -80.74208,  39.41954
 -80.73228,  39.44203
 -80.72643,  39.44733
 -80.71851,  39.44205
 -80.69730,  39.43480
 -80.66818,  39.42685
 -80.63908,  39.42992
 -80.60998,  39.42049
 -80.60836,  39.41972
 -80.58572,  39.39725
 -80.58086,  39.38865
 -80.55177,  39.38649
 -80.53648,  39.37479
 -80.52270,  39.35934
 -80.50835,  39.35232
 -80.49363,  39.34492
 -80.47332,  39.32984
 -80.46458,  39.32784
 -80.45634,  39.32983
 -80.46130,  39.35230
 -80.46455,  39.36046
 -80.47449,  39.37479
 -80.49361,  39.37904
 -80.51841,  39.39727
 -80.52270,  39.40232
 -80.54158,  39.41975
 -80.55180,  39.44069
 -80.55320,  39.44221
 -80.56958,  39.46469
 -80.57816,  39.48716
 -80.58094,  39.49013
 -80.61008,  39.49630
 -80.63808,  39.50959
 -80.63923,  39.51025
 -80.65527,  39.53205
 -80.66843,  39.54487
 -80.69375,  39.55448
 -80.69761,  39.55709
 -80.71083,  39.57692
 -80.72177,  39.59938
 -80.72691,  39.60266
 -80.75607,  39.59946
 -80.78526,  39.60287
 -80.81445,  39.60906
 -80.83785,  39.62160
 -80.84378,  39.64098
 -80.84458,  39.64405
 -80.84380,  39.64568
 -80.82360,  39.66659
 -80.81473,  39.67318
 -80.78552,  39.67168
 -80.75633,  39.67699
 -80.72711,  39.67131
 -80.71811,  39.68930
 -80.72720,  39.69789
 -80.75641,  39.69855
 -80.78472,  39.71165
 -80.78568,  39.71220
 -80.80063,  39.73409
 -80.81104,  39.75654
 -80.80995,  39.77902
 -80.81094,  39.80149
 -80.80041,  39.82400
 -80.81544,  39.83720
 -80.84475,  39.84508
 -80.84649,  39.84636
 -80.86537,  39.86879
 -80.87041,  39.89125
 -80.87429,  39.89491
 -80.88598,  39.89120
 -80.90347,  39.87333
 -80.93274,  39.87038
 -80.95187,  39.89097
 -80.96219,  39.89487
 -80.99153,  39.90107
 -81.00722,  39.91323
 -81.01122,  39.93569
 -81.02116,  39.94398
 -81.05054,  39.95184
 -81.06178,  39.95794
 -81.08006,  39.97601
 -81.08438,  39.98032
 -81.10655,  40.00269
 -81.10964,  40.00369
 -81.13908,  40.01366
 -81.15015,  40.02493
 -81.14991,  40.04742
 -81.13949,  40.05825
 -81.11339,  40.07010
 -81.11024,  40.07277
 -81.10274,  40.09263
 -81.11049,  40.10044
 -81.13993,  40.10653
 -81.15511,  40.11483
 -81.16396,  40.13726
 -81.16502,  40.15974
 -81.15536,  40.18227
 -81.15798,  40.20474
 -81.15791,  40.22722
 -81.16608,  40.24966
 -81.17073,  40.25201
 -81.20034,  40.26712
 -81.20382,  40.27192
 -81.20808,  40.29437
 -81.20326,  40.31689
 -81.20088,  40.31995
 -81.17151,  40.33162
 -81.16331,  40.33960
 -81.17168,  40.34946
 -81.18684,  40.36195
 -81.18253,  40.38446
 -81.19603,  40.40686
 -81.19897,  40.42933
 -81.19653,  40.45182
 -81.17285,  40.47012
 -81.14332,  40.47206
 -81.11375,  40.47075
 -81.09929,  40.47483
 -81.11388,  40.48542
 -81.12030,  40.49721
 -81.12688,  40.51965
 -81.14393,  40.53719
 -81.15848,  40.54197
 -81.17359,  40.54552
 -81.20325,  40.55261
 -81.22617,  40.56406
 -81.23299,  40.56728
 -81.24645,  40.58641
 -81.23457,  40.60897
 -81.23346,  40.61056
 -81.21477,  40.63158
 -81.20425,  40.65093
 -81.20183,  40.65413
 -81.17472,  40.66111
 -81.16508,  40.67683
 -81.16975,  40.69929
 -81.17519,  40.70879
 -81.19810,  40.72161
 -81.20511,  40.73397
 -81.21246,  40.74400
 -81.23226,  40.76637
 -81.23520,  40.77313
 -81.24361,  40.78878
 -81.25994,  40.81116
 -81.25941,  40.83364
 -81.26572,  40.84687
 -81.28060,  40.85600
 -81.29250,  40.87840
 -81.29590,  40.88620
 -81.30215,  40.90082
 -81.30685,  40.92327
 -81.30622,  40.94576
 -81.29769,  40.96830
 -81.29687,  40.96964
 -81.28024,  40.99090
 -81.26778,  41.01346
 -81.26759,  41.01357
 -81.24756,  41.03607
 -81.26806,  41.05523
 -81.27454,  41.05838
 -81.29194,  41.08075
 -81.29833,  41.09402
 -81.30423,  41.10315
 -81.32851,  41.12232
 -81.33553,  41.12542
 -81.35332,  41.14778
 -81.35873,  41.15215
 -81.37589,  41.17010
 -81.38902,  41.18472
 -81.39246,  41.19246
 -81.41923,  41.20969
 -81.42982,  41.21466
 -81.44213,  41.23705
 -81.42896,  41.25963
 -81.41997,  41.26406
 -81.40512,  41.28230
 -81.40976,  41.30474
 -81.42060,  41.31057
 -81.44099,  41.32698
 -81.44523,  41.34943
 -81.45140,  41.37167
 -81.45181,  41.37186
 -81.48151,  41.38165
 -81.48552,  41.39407
 -81.48177,  41.40026
 -81.46382,  41.39425
 -81.45141,  41.37223
 -81.45123,  41.37187
 -81.42136,  41.36617
 -81.39709,  41.34980
 -81.39101,  41.33618
 -81.37424,  41.32749
 -81.36093,  41.32551
 -81.35453,  41.32763
 -81.34963,  41.35015
 -81.35197,  41.37262
 -81.35472,  41.39507
 -81.36211,  41.41743
 -81.36216,  41.41750
 -81.36211,  41.41766
 -81.36076,  41.44000
 -81.36242,  41.44208
 -81.39251,  41.44968
 -81.40887,  41.46212
 -81.41297,  41.48458
 -81.41474,  41.50704
 -81.41906,  41.52950
 -81.42226,  41.55195
 -81.42393,  41.55384
 -81.44777,  41.57423
 -81.44790,  41.59672
 -81.42482,  41.61789
 -81.42215,  41.61940
 -81.41299,  41.64194
 -81.42525,  41.64943
 -81.44969,  41.66415
 -81.45533,  41.68658
 -81.44934,  41.70911
 -81.42616,  41.71515
 -81.39615,  41.72305
 -81.39118,  41.73203
 -81.38851,  41.75454
 -81.37399,  41.77712
 -81.39717,  41.79924
 -81.39738,  41.79943
 -81.42745,  41.80882
 -81.44668,  41.82153
 -81.45184,  41.84398
 -81.45839,  41.86303
 -81.46109,  41.86638
 -81.45858,  41.87605
 -81.45708,  41.88889
 -81.45607,  41.91138
 -81.44700,  41.93393
 -81.43752,  41.95648
 -81.42963,  41.96567
 -81.39958,  41.97925
 -81.36928,  41.97398
 -81.33907,  41.97669
 -81.33403,  41.97972
 -81.32586,  42.00226
 -81.33431,  42.02468
 -81.32630,  42.04721
 -81.30984,  42.05978
 -81.27956,  42.05995
 -81.25775,  42.07013
 -81.26441,  42.09257
 -81.26291,  42.11506
 -81.25929,  42.13756
 -81.25539,  42.16006
 -81.25053,  42.17007
 -81.23814,  42.18264
 -81.22702,  42.20518
 -81.23163,  42.22763
 -81.22967,  42.25012
 -81.23023,  42.27259
 -81.22871,  42.29508
 -81.22160,  42.29998
 -81.21492,  42.29516
 -81.21344,  42.27269
 -81.21360,  42.25022
 -81.21174,  42.22775
 -81.21523,  42.20525
 -81.19002,  42.18452
 -81.18100,  42.18298
 -81.15966,  42.18228
 -81.15800,  42.18310
 -81.14898,  42.20562
 -81.13854,  42.22815
 -81.13089,  42.25067
 -81.12998,  42.25209
 -81.11059,  42.27325
 -81.09987,  42.28037
 -81.06950,  42.28049
 -81.03918,  42.28830
 -81.01933,  42.29614
 -81.00901,  42.31690
 -80.97863,  42.31877
 -80.94820,  42.31472
 -80.93421,  42.29647
 -80.92477,  42.27402
 -80.91754,  42.26979
 -80.90143,  42.27410
 -80.88728,  42.29093
 -80.85686,  42.28301
 -80.85295,  42.27425
 -80.83956,  42.25181
 -80.83054,  42.22935
 -80.82622,  42.22704
 -80.79582,  42.21510
 -80.78724,  42.20699
 -80.76810,  42.18456
 -80.76535,  42.18303
 -80.73500,  42.17690
 -80.70986,  42.16218
 -80.70461,  42.15672
 -80.69226,  42.13973
 -80.67599,  42.11728
 -80.67420,  42.11644
 -80.64816,  42.09484
 -80.64393,  42.07236
 -80.64407,  42.04988
 -80.64378,  42.04965
 -80.61348,  42.03480
 -80.58322,  42.03298
 -80.56976,  42.02746
 -80.55295,  42.02184
 -80.53782,  42.00499
 -80.52698,  41.98251
 -80.52270,  41.98009
 -80.49245,  41.97767
 -80.47658,  41.96003
 -80.46983,  41.93754
 -80.46725,  41.91507
 -80.46230,  41.89889
 -80.45861,  41.89259
 -80.46231,  41.88165
 -80.46874,  41.87011
 -80.49252,  41.84893
 -80.49346,  41.84764
 -80.49252,  41.84675
 -80.47449,  41.82515
 -80.46236,  41.82021
 -80.43740,  41.80266
 -80.43516,  41.78017
 -80.43227,  41.77596
 -80.40213,  41.77158
 -80.37198,  41.77481
 -80.34188,  41.75942
 -80.33916,  41.75758
 -80.31847,  41.73507
 -80.31184,  41.73200
 -80.28308,  41.71252
 -80.28678,  41.69005
 -80.28194,  41.67124
 -80.27792,  41.66755
 -80.28000,  41.64508
 -80.25204,  41.62298
 -80.25163,  41.62253
 -80.23600,  41.60002
 -80.23448,  41.57753
 -80.24644,  41.55508
 -80.25235,  41.54731
 -80.27822,  41.53267
 -80.25882,  41.51014
 -80.25342,  41.48766
 -80.25260,  41.48687
 -80.23816,  41.46514
 -80.23654,  41.44265
 -80.22588,  41.42014
 -80.22292,  41.41536
 -80.20594,  41.39761
 -80.19312,  41.37920
 -80.18974,  41.37508
 -80.17955,  41.35257
 -80.17666,  41.33008
 -80.17542,  41.30760
 -80.17879,  41.28513
 -80.17797,  41.26265
 -80.18185,  41.24017
 -80.16688,  41.21764
 -80.16405,  41.21553
 -80.13657,  41.19507
 -80.13432,  41.19035
 -80.11784,  41.17252
 -80.10981,  41.15001
 -80.10480,  41.13239
 -80.10285,  41.12750
 -80.09403,  41.10499
 -80.09201,  41.08250
 -80.10252,  41.06005
 -80.10529,  41.05518
 -80.11498,  41.03762
 -80.10545,  41.03134
 -80.07569,  41.02362
 -80.04882,  41.01488
 -80.04597,  41.01279
 -80.03446,  40.99234
 -80.02682,  40.96983
 -80.02480,  40.94734
 -80.02379,  40.92485
 -80.01701,  40.90442
 -80.01380,  40.90232
 -80.00307,  40.87979
 -79.99764,  40.85728
 -79.99596,  40.83479
 -79.99158,  40.81229
 -79.99384,  40.78982
 -79.98830,  40.77560
 -79.98242,  40.76728
 -79.98399,  40.74480
 -79.98077,  40.72231
 -79.98429,  40.69984
 -79.98898,  40.69128
 -79.99303,  40.67740
 -80.00216,  40.65496
 -79.98933,  40.64630
 -79.97192,  40.63234
 -79.95985,  40.62951
 -79.93706,  40.60968
 -79.93654,  40.58720
 -79.93067,  40.57916
 -79.90192,  40.56453
 -79.90121,  40.56377
 -79.88621,  40.54197
 -79.88155,  40.51945
 -79.87903,  40.49696
 -79.87920,  40.47448
 -79.87659,  40.45198
 -79.88600,  40.42955
 -79.90267,  40.40747
 -79.90313,  40.40717
 -79.93231,  40.39379
 -79.94191,  40.38488
 -79.93253,  40.36926
 -79.92406,  40.36231
 -79.92645,  40.33984
 -79.90345,  40.32331
 -79.89683,  40.31720
 -79.88595,  40.29465
 -79.88733,  40.27218
 -79.90408,  40.25581
 -79.93355,  40.25438
 -79.95544,  40.27253
 -79.96123,  40.29505
 -79.96265,  40.29601
 -79.99213,  40.29604
 -80.01624,  40.31778
 -80.01452,  40.34027
 -80.02119,  40.35133
 -80.02718,  40.34032
 -80.02390,  40.31782
 -80.02282,  40.29533
 -80.02559,  40.27286
 -80.04410,  40.25046
 -80.03172,  40.22793
 -80.02426,  40.20542
 -80.02289,  40.18293
 -80.02246,  40.18224
 -80.01837,  40.18291
 -79.99291,  40.19761
 -79.96815,  40.18268
 -79.96362,  40.18139
 -79.94019,  40.18254
 -79.93417,  40.18412
 -79.90465,  40.19359
 -79.87810,  40.18221
 -79.87534,  40.18168
 -79.84592,  40.18011
 -79.83209,  40.15945
 -79.82797,  40.13695
 -79.81712,  40.12125
 -79.80018,  40.11430
 -79.79018,  40.09175
 -79.78813,  40.08382
 -79.75867,  40.09035
 -79.75829,  40.09155
 -79.75853,  40.10261
 -79.76380,  40.11406
 -79.75838,  40.11565
 -79.72880,  40.13174
 -79.69942,  40.12965
 -79.67567,  40.11345
 -79.67868,  40.09098
 -79.67435,  40.06848
 -79.67091,  40.05886
 -79.66247,  40.06839
 -79.65977,  40.09084
 -79.66282,  40.11335
 -79.65337,  40.13576
 -79.64039,  40.14645
 -79.61102,  40.14385
 -79.60433,  40.13538
 -79.59150,  40.11279
 -79.58920,  40.09029
 -79.59115,  40.06783
 -79.61224,  40.05329
 -79.64168,  40.04838
 -79.64759,  40.04579
 -79.64178,  40.04087
 -79.63287,  40.02320
 -79.62478,  40.00065
 -79.61883,  39.97812
 -79.61343,  39.96619
 -79.59719,  39.95547
 -79.58801,  39.93291
 -79.58462,  39.92862
 -79.56614,  39.91025
 -79.56638,  39.88778
 -79.56485,  39.86528
 -79.58128,  39.84294
 -79.55668,  39.83298
 -79.53291,  39.82005
 -79.52910,  39.79753
 -79.52802,  39.79089
 -79.51151,  39.77490
 -79.49919,  39.76320
 -79.49040,  39.75223
 -79.47997,  39.72965
 -79.47705,  39.70715
 -79.47547,  39.68465
 -79.47135,  39.67290
 -79.44315,  39.66187
 -79.44235,  39.66009
 -79.43577,  39.63932
 -79.41891,  39.61668
 -79.41411,  39.60197
 -79.40595,  39.59407
 -79.38543,  39.57267
 -79.38338,  39.57137
 -79.37040,  39.54876
 -79.35680,  39.54148
 -79.35038,  39.54856
 -79.32724,  39.56496
 -79.29827,  39.55470
 -79.29342,  39.54796
 -79.27979,  39.52533
 -79.26988,  39.51312
 -79.24065,  39.51830
 -79.21157,  39.51534
 -79.19449,  39.50188
 -79.18860,  39.47934
 -79.18340,  39.46638
 -79.17596,  39.45671
 -79.18385,  39.44337
 -79.18517,  39.43434
 -79.18412,  39.42979
 -79.17033,  39.41169
 -79.18488,  39.39115
 -79.18533,  39.38939
 -79.18494,  39.38845
 -79.15979,  39.36660
 -79.15639,  39.36220
 -79.14089,  39.34389
 -79.13264,  39.32132
 -79.13107,  39.29882
 -79.13261,  39.27636
 -79.13467,  39.25391
 -79.15374,  39.23167
 -79.15914,  39.22509
 -79.18249,  39.20953
 -79.18861,  39.20228
 -79.19153,  39.18717
 -79.18894,  39.18518
 -79.16797,  39.16441
 -79.16776,  39.14193
 -79.16248,  39.11939
 -79.16132,  39.11673
 -79.14005,  39.09665
 -79.14013,  39.07417
 -79.16255,  39.05516
 -79.16445,  39.05199
 -79.16801,  39.02956
 -79.16315,  39.02499
 -79.13474,  39.00669
 -79.13471,  39.00090
 -79.13411,  38.98420
 -79.11755,  38.96153
 -79.12537,  38.93916
 -79.10754,  38.91726
 -79.10449,  38.91642
 -79.07886,  38.90741
 -79.05015,  38.89949
 -79.02124,  38.90132
 -79.00140,  38.89259
 -78.99274,  38.88411
 -78.97593,  38.86978
 -78.96452,  38.85561
 -78.96072,  38.84709
 -78.95633,  38.82456
 -78.93687,  38.80371
 -78.92994,  38.80172
 -78.91593,  38.77905
 -78.93748,  38.77785
 -78.96645,  38.77105
 -78.99535,  38.76816
 -79.01404,  38.75793
 -79.02445,  38.75507
 -79.04018,  38.73581
 -79.03895,  38.71333
 -79.04198,  38.69090
 -79.04173,  38.66842
 -79.04298,  38.64597
 -79.04309,  38.62350
 -79.04356,  38.60104
 -79.04430,  38.57858
 -79.04543,  38.55613
 -79.04626,  38.53367
 -79.04634,  38.51120
 -79.04617,  38.48873
 -79.04570,  38.46626
 -79.04581,  38.44380
 -79.04567,  38.42133
 -79.04647,  38.39887
 -79.04462,  38.37638
 -79.03302,  38.36214
 -79.00455,  38.35371
 -78.97590,  38.35424
 -78.96788,  38.35288
 -78.94741,  38.34707
 -78.91866,  38.35134
 -78.89011,  38.34762
 -78.87336,  38.35152
 -78.86132,  38.35338
 -78.83244,  38.36315
 -78.81400,  38.37310
 -78.80325,  38.38422
 -78.78909,  38.39518
 -78.77405,  38.41741
 -78.77502,  38.43989
 -78.77308,  38.44360
 -78.74445,  38.44155
 -78.71554,  38.45024
 -78.69587,  38.43863
 -78.68732,  38.43248
 -78.68482,  38.41598
 -78.68097,  38.39345
 -78.66891,  38.37078
 -78.66050,  38.36389
 -78.64684,  38.34795
 -78.63377,  38.32526
 -78.63295,  38.32372
 -78.62097,  38.30258
 -78.61750,  38.28006
 -78.61493,  38.25754
 -78.61315,  38.23505
 -78.61690,  38.21265
 -78.62090,  38.19025
 -78.63702,  38.17548
 -78.64111,  38.16813
 -78.66206,  38.14602
 -78.66677,  38.13182
 -78.69038,  38.12403
 -78.69556,  38.12301
 -78.72430,  38.11596
 -78.75290,  38.11408
 -78.78159,  38.10808
 -78.79481,  38.10323
 -78.81071,  38.08516
 -78.81644,  38.08111
 -78.83199,  38.05888
 -78.84033,  38.04066
 -78.84197,  38.03658
 -78.84813,  38.01421
 -78.85815,  37.99190
 -78.87034,  37.97845
 -78.89895,  37.97373
 -78.90987,  37.97020
 -78.92758,  37.96727
 -78.93985,  37.97063
END
 -15.00000, -80.45396,  38.92532
 -80.46491,  38.94408
 -80.49380,  38.93787
 -80.51427,  38.94782
 -80.52270,  38.94960
 -80.55159,  38.95678
 -80.56123,  38.97028
 -80.56261,  38.99275
 -80.55208,  39.01522
 -80.55161,  39.01559
 -80.52270,  39.02729
 -80.49377,  39.02971
 -80.46484,  39.02814
 -80.43592,  39.02355
 -80.41842,  39.01518
 -80.40703,  39.00641
 -80.39559,  38.99268
 -80.39050,  38.97021
 -80.38885,  38.94774
 -80.39079,  38.92527
 -80.40720,  38.90592
 -80.43607,  38.90553
 -80.45396,  38.92532
END
 -15.00000, -79.48193,  38.94301
 -79.48260,  38.94372
 -79.48308,  38.94302
 -79.48264,  38.94179
 -79.48193,  38.94301
END
 -15.00000, -79.21905,  38.94028
 -79.22246,  38.94931
 -79.23195,  38.94043
 -79.22286,  38.92794
 -79.21905,  38.94028
END
 -15.00000, -80.11496,  38.99202
 -80.11792,  38.99453
 -80.12219,  38.99204
 -80.11806,  38.97058
 -80.11496,  38.99202
END
 -15.00000, -78.94058,  39.00413
 -78.95767,  39.02684
 -78.96036,  39.03759
 -78.96869,  39.04947
 -78.97165,  39.07198
 -78.96509,  39.09437
 -78.96752,  39.11688
 -78.95833,  39.12584
 -78.94862,  39.13909
 -78.92854,  39.16097
 -78.89957,  39.15996
 -78.87086,  39.14849
 -78.84173,  39.15465
 -78.81275,  39.15420
 -78.80022,  39.13692
 -78.81368,  39.11704
 -78.81538,  39.11468
 -78.82507,  39.09235
 -78.82403,  39.06986
 -78.82512,  39.04740
 -78.82970,  39.02499
 -78.84270,  39.00271
 -78.84553,  39.00060
 -78.87460,  38.99459
 -78.90358,  38.99173
 -78.93229,  39.00061
 -78.94058,  39.00413
END
 -15.00000, -80.21520,  39.03728
 -80.23335,  39.04552
 -80.23897,  39.03734
 -80.23341,  39.03359
 -80.21520,  39.03728
END
 -15.00000, -79.48090,  39.03289
 -79.48123,  39.03320
 -79.48152,  39.03289
 -79.48125,  39.03206
 -79.48090,  39.03289
END
 -15.00000, -79.26546,  39.18801
 -79.27582,  39.19144
 -79.28274,  39.18821
 -79.27614,  39.17402
 -79.26546,  39.18801
END
 -15.00000, -79.19606,  39.23217
 -79.21690,  39.23957
 -79.22379,  39.23249
 -79.21726,  39.22050
 -79.19606,  39.23217
END
 -15.00000, -79.27174,  39.34542
 -79.27296,  39.34715
 -79.30189,  39.35425
 -79.31377,  39.36835
 -79.32648,  39.39096
 -79.33029,  39.39225
 -79.33237,  39.39103
 -79.33406,  39.36856
 -79.36011,  39.34940
 -79.36379,  39.34639
 -79.36034,  39.33624
 -79.33115,  39.34291
 -79.30206,  39.34465
 -79.27319,  39.33435
 -79.27174,  39.34542
END
 -15.00000, -79.61624,  39.73082
 -79.61658,  39.73201
 -79.61743,  39.73083
 -79.61661,  39.73030
 -79.61624,  39.73082
END
 -15.00000, -79.67404,  39.77622
 -79.66473,  39.79863
 -79.66335,  39.82110
 -79.66631,  39.84361
 -79.67347,  39.85674
 -79.69776,  39.86632
 -79.70262,  39.86783
 -79.71804,  39.86646
 -79.73196,  39.86325
 -79.75738,  39.84425
 -79.73245,  39.82169
 -79.73238,  39.82160
 -79.72363,  39.79906
 -79.70355,  39.79135
 -79.67513,  39.77623
 -79.67449,  39.77610
 -79.67404,  39.77622
END
 -15.00000, -80.93040,  40.02593
 -80.93113,  40.04841
 -80.93385,  40.05213
 -80.95810,  40.07079
 -80.96341,  40.08054
 -80.97461,  40.07073
 -80.96738,  40.04827
 -80.96311,  40.03617
 -80.94946,  40.02586
 -80.93367,  40.02283
 -80.93040,  40.02593
END
 -15.00000, -79.81767,  40.02448
 -79.81055,  40.04692
 -79.81786,  40.05051
 -79.82322,  40.04700
 -79.81843,  40.02449
 -79.81814,  40.02427
 -79.81767,  40.02448
END
 -15.00000, -81.34954,  40.06863
 -81.35723,  40.09105
 -81.35854,  40.11353
 -81.37524,  40.11950
 -81.38909,  40.13578
 -81.37566,  40.15244
 -81.35837,  40.13601
 -81.34586,  40.12000
 -81.31638,  40.11394
 -81.31612,  40.11383
 -81.29365,  40.09150
 -81.29598,  40.06900
 -81.31570,  40.05585
 -81.34516,  40.06356
 -81.34954,  40.06863
END
 -15.00000, -81.07472,  40.13773
 -81.08145,  40.14278
 -81.08397,  40.13768
 -81.08135,  40.13074
 -81.07472,  40.13773
END
 -15.00000, -81.02193,  40.13797
 -81.02261,  40.13878
 -81.02850,  40.13794
 -81.02256,  40.13312
 -81.02193,  40.13797
END
 -15.00000, -81.39824,  40.22564
 -81.40271,  40.24809
 -81.40648,  40.25878
 -81.41959,  40.27044
 -81.43626,  40.28251
 -81.44267,  40.29274
 -81.46618,  40.31360
 -81.46877,  40.31501
 -81.48154,  40.33739
 -81.48068,  40.35987
 -81.48074,  40.38236
 -81.46732,  40.39437
 -81.45773,  40.38255
 -81.43744,  40.36832
 -81.41434,  40.36041
 -81.40780,  40.35838
 -81.39327,  40.33809
 -81.38750,  40.31565
 -81.37759,  40.30359
 -81.36735,  40.29332
 -81.34818,  40.27097
 -81.34771,  40.27063
 -81.33148,  40.24861
 -81.33273,  40.22612
 -81.34704,  40.21610
 -81.37639,  40.20924
 -81.39824,  40.22564
END
 -15.00000, -80.07105,  40.38546
 -80.07996,  40.38770
 -80.08057,  40.38550
 -80.07997,  40.38438
 -80.07105,  40.38546
END
 -15.00000, -80.01988,  40.43022
 -80.02059,  40.43135
 -80.02180,  40.43022
 -80.02061,  40.42894
 -80.01988,  40.43022
END
 -15.00000, -80.05618,  40.63271
 -80.07829,  40.63860
 -80.07924,  40.63280
 -80.07833,  40.63069
 -80.05618,  40.63271
END
 -15.00000, -80.00312,  40.63248
 -80.01897,  40.64585
 -80.03873,  40.63264
 -80.01910,  40.62938
 -80.00312,  40.63248
END
 -15.00000, -79.79608,  40.65385
 -79.80910,  40.67641
 -79.81114,  40.68451
 -79.83134,  40.69903
 -79.84060,  40.70250
 -79.86057,  40.72168
 -79.86263,  40.74417
 -79.86974,  40.75595
 -79.88745,  40.76680
 -79.89561,  40.78933
 -79.89610,  40.81181
 -79.89585,  40.83429
 -79.87227,  40.85665
 -79.86873,  40.85801
 -79.86614,  40.85661
 -79.84843,  40.83403
 -79.83939,  40.82065
 -79.82555,  40.81141
 -79.80987,  40.80315
 -79.79887,  40.78876
 -79.78056,  40.76778
 -79.77759,  40.76615
 -79.75777,  40.74353
 -79.75121,  40.73874
 -79.73852,  40.72092
 -79.73136,  40.69839
 -79.73164,  40.67591
 -79.74574,  40.65352
 -79.75226,  40.64866
 -79.78190,  40.64802
 -79.79608,  40.65385
END
 -15.00000, -81.29145,  40.67606
 -81.29350,  40.67973
 -81.29986,  40.69849
 -81.30518,  40.72093
 -81.30477,  40.74342
 -81.29434,  40.75279
 -81.26472,  40.75840
 -81.24969,  40.74378
 -81.24508,  40.72132
 -81.23450,  40.70768
 -81.21103,  40.69905
 -81.20603,  40.67659
 -81.23403,  40.66389
 -81.26365,  40.66230
 -81.29145,  40.67606
END
 -15.00000, -80.08262,  41.23984
 -80.07417,  41.24767
 -80.06482,  41.23978
 -80.07433,  41.22487
 -80.08262,  41.23984
END
 -15.00000, -80.20695,  41.48754
 -80.19251,  41.50018
 -80.16247,  41.50490
 -80.14910,  41.48737
 -80.16268,  41.46646
 -80.19266,  41.47219
 -80.20695,  41.48754
END
 -15.00000, -80.36478,  41.57778
 -80.35919,  41.60025
 -80.36188,  41.62274
 -80.36298,  41.64522
 -80.36771,  41.66771
 -80.36375,  41.69018
 -80.37215,  41.70087
 -80.38745,  41.69021
 -80.38834,  41.66773
 -80.40236,  41.64576
 -80.40249,  41.64527
 -80.40237,  41.64495
 -80.38988,  41.62277
 -80.38062,  41.60028
 -80.37601,  41.57780
 -80.37244,  41.57483
 -80.36478,  41.57778
END
 -15.00000, -81.36481,  41.68726
 -81.36559,  41.68932
 -81.37299,  41.68720
 -81.36552,  41.68415
 -81.36481,  41.68726
END
 -15.00000, -81.58376,  41.70797
 -81.59900,  41.73031
 -81.59928,  41.75279
 -81.57764,  41.77097
 -81.54912,  41.75324
 -81.54710,  41.74542
 -81.54370,  41.73081
 -81.54666,  41.71756
 -81.55671,  41.70821
 -81.57652,  41.70125
 -81.58376,  41.70797
END
 -15.00000, -80.28709,  41.77997
 -80.28149,  41.79163
 -80.26892,  41.77993
 -80.28157,  41.76965
 -80.28709,  41.77997
END
 -15.00000, -80.39922,  41.82510
 -80.40179,  41.84758
 -80.38995,  41.87005
 -80.38105,  41.89252
 -80.37169,  41.90096
 -80.34148,  41.90623
 -80.31127,  41.90508
 -80.29939,  41.89239
 -80.30571,  41.86992
 -80.31140,  41.86565
 -80.34162,  41.85239
 -80.34563,  41.84751
 -80.35333,  41.82504
 -80.37191,  41.80731
 -80.39922,  41.82510
END
 -15.00000, -81.21820,  42.02542
 -81.21658,  42.04790
 -81.21893,  42.05188
 -81.24931,  42.06212
 -81.25989,  42.04764
 -81.24911,  42.04428
 -81.22102,  42.02540
 -81.21864,  42.02507
 -81.21820,  42.02542
END
 -15.00000, -80.73688,  42.22956
 -80.73518,  42.23379
 -80.72826,  42.22958
 -80.73516,  42.22750
 -80.73688,  42.22956
END
 -14.00000, -79.75024,  38.76541
 -79.77342,  38.77133
 -79.80074,  38.78822
 -79.80199,  38.79488
 -79.80396,  38.81071
 -79.80161,  38.83166
 -79.80148,  38.83315
 -79.80158,  38.83351
 -79.80874,  38.85567
 -79.81423,  38.87818
 -79.82693,  38.90073
 -79.82973,  38.90178
 -79.84851,  38.92333
 -79.85058,  38.94582
 -79.85804,  38.96037
 -79.88688,  38.96663
 -79.90055,  38.96857
 -79.91573,  38.97165
 -79.94463,  38.97200
 -79.95557,  38.96886
 -79.97359,  38.96550
 -79.98151,  38.96899
 -80.00237,  38.98172
 -80.01255,  38.99160
 -80.03116,  38.99745
 -80.06006,  38.99939
 -80.07915,  39.01435
 -80.08881,  39.02567
 -80.10027,  39.03691
 -80.11756,  39.05541
 -80.12303,  39.05946
 -80.13540,  39.08197
 -80.14632,  39.08725
 -80.17521,  39.09945
 -80.20415,  39.10363
 -80.20582,  39.10467
 -80.23271,  39.12722
 -80.23300,  39.12753
 -80.24728,  39.14972
 -80.26182,  39.16853
 -80.26543,  39.17224
 -80.28931,  39.19476
 -80.29071,  39.19521
 -80.31968,  39.20628
 -80.34866,  39.21156
 -80.36936,  39.21737
 -80.37766,  39.22012
 -80.39243,  39.23988
 -80.40660,  39.25622
 -80.41695,  39.26238
 -80.43560,  39.27480
 -80.44672,  39.28487
 -80.43557,  39.29696
 -80.42189,  39.30733
 -80.40649,  39.31605
 -80.39266,  39.32977
 -80.38997,  39.35224
 -80.39838,  39.37473
 -80.40637,  39.38624
 -80.41767,  39.39722
 -80.43382,  39.41972
 -80.43541,  39.42440
 -80.43611,  39.41972
 -80.46452,  39.41107
 -80.48512,  39.41974
 -80.49360,  39.43005
 -80.49921,  39.44222
 -80.49358,  39.46153
 -80.48978,  39.46470
 -80.46445,  39.48397
 -80.44840,  39.48715
 -80.46445,  39.49097
 -80.47919,  39.50964
 -80.47903,  39.53212
 -80.49355,  39.54399
 -80.50516,  39.55461
 -80.52270,  39.56189
 -80.55185,  39.56458
 -80.58101,  39.56746
 -80.59154,  39.57706
 -80.58958,  39.59954
 -80.58105,  39.60803
 -80.55635,  39.62203
 -80.55188,  39.62854
 -80.54392,  39.64451
 -80.54622,  39.66699
 -80.55190,  39.67289
 -80.56946,  39.68946
 -80.58112,  39.69911
 -80.60062,  39.71192
 -80.60556,  39.73439
 -80.61039,  39.73903
 -80.63964,  39.75139
 -80.65831,  39.75682
 -80.66890,  39.76164
 -80.68192,  39.77927
 -80.69821,  39.78831
 -80.71304,  39.80170
 -80.72753,  39.80975
 -80.74490,  39.82412
 -80.75037,  39.84660
 -80.75695,  39.85491
 -80.78628,  39.86539
 -80.79492,  39.86898
 -80.81144,  39.89141
 -80.81570,  39.89674
 -80.83866,  39.91382
 -80.84512,  39.92155
 -80.86369,  39.93622
 -80.84529,  39.95819
 -80.84492,  39.95876
 -80.82721,  39.98129
 -80.84490,  40.00372
 -80.84551,  40.00415
 -80.87497,  40.02414
 -80.87733,  40.02610
 -80.87959,  40.04858
 -80.88356,  40.07105
 -80.89286,  40.09350
 -80.90476,  40.10122
 -80.93419,  40.10730
 -80.94963,  40.11578
 -80.96325,  40.13821
 -80.96379,  40.13891
 -80.99330,  40.15409
 -80.99803,  40.16055
 -81.02290,  40.17789
 -81.02873,  40.18290
 -81.02859,  40.20538
 -81.04081,  40.22781
 -81.05287,  40.24733
 -81.05485,  40.25023
 -81.06187,  40.27267
 -81.05322,  40.29178
 -81.05214,  40.29520
 -81.02386,  40.30742
 -81.00687,  40.31788
 -80.99992,  40.34040
 -80.99470,  40.35181
 -80.97525,  40.36298
 -80.96529,  40.36501
 -80.95510,  40.38554
 -80.96552,  40.40088
 -80.99509,  40.40701
 -81.01481,  40.38530
 -81.02438,  40.37647
 -81.03068,  40.38523
 -81.02451,  40.39371
 -80.99648,  40.40786
 -81.00633,  40.43030
 -81.01602,  40.45274
 -81.02499,  40.45679
 -81.04885,  40.47507
 -81.05105,  40.49755
 -81.05502,  40.51699
 -81.05771,  40.52000
 -81.05514,  40.53202
 -81.04446,  40.52006
 -81.02546,  40.51926
 -81.02174,  40.52016
 -81.00401,  40.54272
 -81.01419,  40.56516
 -81.02592,  40.58031
 -81.02939,  40.58757
 -81.02757,  40.61006
 -81.04124,  40.63249
 -81.03956,  40.65498
 -81.02659,  40.66872
 -81.02353,  40.67753
 -81.02472,  40.70001
 -81.02652,  40.72248
 -81.02703,  40.72653
 -81.03042,  40.72247
 -81.05653,  40.70582
 -81.08624,  40.71212
 -81.11597,  40.71939
 -81.11921,  40.72204
 -81.12387,  40.74450
 -81.11624,  40.75043
 -81.08659,  40.75227
 -81.06909,  40.76725
 -81.06495,  40.78976
 -81.08507,  40.81214
 -81.08711,  40.81465
 -81.09929,  40.83455
 -81.10029,  40.85703
 -81.09973,  40.87952
 -81.10246,  40.90199
 -81.10630,  40.92446
 -81.10950,  40.94692
 -81.11809,  40.95635
 -81.13571,  40.96926
 -81.14582,  40.99170
 -81.14825,  40.99743
 -81.15578,  41.01413
 -81.17179,  41.03651
 -81.16962,  41.05901
 -81.17876,  41.07020
 -81.18503,  41.08141
 -81.17907,  41.10161
 -81.17678,  41.10394
 -81.15846,  41.12653
 -81.16373,  41.14898
 -81.16841,  41.17143
 -81.17140,  41.19390
 -81.18012,  41.20743
 -81.18773,  41.21629
 -81.19582,  41.23873
 -81.20391,  41.26116
 -81.20620,  41.28363
 -81.21093,  41.29589
 -81.22146,  41.30602
 -81.24121,  41.32808
 -81.24149,  41.32838
 -81.24132,  41.33779
 -81.24103,  41.35087
 -81.22260,  41.37346
 -81.22614,  41.39592
 -81.24209,  41.40874
 -81.25418,  41.41823
 -81.26150,  41.44067
 -81.25651,  41.46318
 -81.25293,  41.48569
 -81.25385,  41.50816
 -81.26401,  41.53058
 -81.26176,  41.55307
 -81.26390,  41.57554
 -81.26308,  41.59803
 -81.26087,  41.62053
 -81.26250,  41.64299
 -81.26038,  41.66549
 -81.26977,  41.68791
 -81.27549,  41.70784
 -81.27616,  41.71035
 -81.29072,  41.73273
 -81.27596,  41.74883
 -81.26403,  41.75539
 -81.24899,  41.77796
 -81.24626,  41.78782
 -81.24265,  41.80048
 -81.23186,  41.82302
 -81.22529,  41.84554
 -81.23157,  41.86799
 -81.22572,  41.89050
 -81.23520,  41.91292
 -81.23343,  41.93541
 -81.22020,  41.95797
 -81.21794,  41.95927
 -81.19064,  41.98062
 -81.18796,  41.98368
 -81.16811,  42.00323
 -81.15800,  42.01168
 -81.12786,  42.02440
 -81.12634,  42.02592
 -81.12125,  42.04843
 -81.12320,  42.07090
 -81.12166,  42.09338
 -81.09836,  42.11012
 -81.08933,  42.11602
 -81.06820,  42.12666
 -81.03792,  42.12924
 -81.00764,  42.13330
 -80.99796,  42.13890
 -80.97746,  42.15236
 -80.95786,  42.16153
 -80.94727,  42.17111
 -80.92686,  42.18412
 -80.91704,  42.18816
 -80.91298,  42.18417
 -80.88656,  42.16194
 -80.88622,  42.16177
 -80.85616,  42.14533
 -80.84869,  42.13940
 -80.82575,  42.12640
 -80.79704,  42.11706
 -80.79540,  42.11583
 -80.77502,  42.09463
 -80.76496,  42.07769
 -80.76308,  42.07218
 -80.73866,  42.04975
 -80.73456,  42.04327
 -80.71557,  42.02731
 -80.70423,  42.02162
 -80.69053,  42.00488
 -80.68521,  41.98240
 -80.67629,  41.95994
 -80.68036,  41.93745
 -80.67376,  41.92860
 -80.64763,  41.91501
 -80.64351,  41.90652
 -80.63196,  41.89255
 -80.61326,  41.87228
 -80.60886,  41.87009
 -80.58305,  41.85818
 -80.57278,  41.84763
 -80.55286,  41.82621
 -80.55232,  41.82516
 -80.53893,  41.80268
 -80.53136,  41.78021
 -80.52612,  41.75773
 -80.52270,  41.74072
 -80.49932,  41.73524
 -80.49257,  41.73150
 -80.48695,  41.71276
 -80.48521,  41.69028
 -80.47256,  41.66780
 -80.46252,  41.64988
 -80.46021,  41.64531
 -80.45406,  41.62283
 -80.43977,  41.60034
 -80.43494,  41.57785
 -80.43254,  41.57457
 -80.40791,  41.55535
 -80.40253,  41.54998
 -80.38474,  41.53284
 -80.37305,  41.51035
 -80.37259,  41.50968
 -80.35429,  41.48784
 -80.34268,  41.46960
 -80.33876,  41.46534
 -80.31276,  41.44318
 -80.31244,  41.44281
 -80.31283,  41.42198
 -80.31288,  41.42033
 -80.31284,  41.41908
 -80.31212,  41.39785
 -80.30938,  41.37537
 -80.30540,  41.35287
 -80.30014,  41.33038
 -80.29184,  41.30789
 -80.28921,  41.28540
 -80.28337,  41.27848
 -80.26080,  41.26286
 -80.25356,  41.25398
 -80.24644,  41.24035
 -80.24425,  41.21786
 -80.24291,  41.19537
 -80.23924,  41.17288
 -80.23820,  41.15039
 -80.23648,  41.12791
 -80.22992,  41.10541
 -80.23216,  41.08293
 -80.22448,  41.07084
 -80.20533,  41.06038
 -80.19769,  41.03788
 -80.19485,  41.03128
 -80.18369,  41.01535
 -80.16522,  41.00059
 -80.15977,  40.99280
 -80.16520,  40.97033
 -80.16538,  40.97013
 -80.19526,  40.94959
 -80.19646,  40.94795
 -80.20192,  40.92548
 -80.19823,  40.90298
 -80.19557,  40.88619
 -80.19386,  40.88049
 -80.18054,  40.85797
 -80.16606,  40.84398
 -80.15962,  40.83542
 -80.16616,  40.82550
 -80.17636,  40.81299
 -80.18634,  40.79054
 -80.18163,  40.76804
 -80.18069,  40.74556
 -80.17342,  40.72305
 -80.16674,  40.71829
 -80.14748,  40.70049
 -80.14182,  40.67799
 -80.13734,  40.67130
 -80.11288,  40.65540
 -80.10783,  40.65063
 -80.09824,  40.63287
 -80.10355,  40.61040
 -80.10637,  40.58794
 -80.10825,  40.58466
 -80.13181,  40.56554
 -80.13799,  40.56084
 -80.16764,  40.55017
 -80.17128,  40.54319
 -80.16960,  40.52069
 -80.16782,  40.51680
 -80.14692,  40.49815
 -80.13935,  40.47564
 -80.13900,  40.45315
 -80.14083,  40.43068
 -80.13878,  40.42401
 -80.12091,  40.40813
 -80.10940,  40.39908
 -80.10138,  40.38558
 -80.10257,  40.36310
 -80.09348,  40.34059
 -80.08990,  40.31808
 -80.09312,  40.29562
 -80.09462,  40.27314
 -80.09830,  40.25068
 -80.09555,  40.22818
 -80.08108,  40.21766
 -80.05351,  40.20554
 -80.05173,  40.20430
 -80.03768,  40.18299
 -80.02405,  40.16045
 -80.02263,  40.15911
 -79.99332,  40.14578
 -79.96396,  40.14004
 -79.93449,  40.14724
 -79.90514,  40.14030
 -79.90038,  40.13737
 -79.90522,  40.13199
 -79.93473,  40.11971
 -79.96408,  40.12538
 -79.96584,  40.11522
 -79.97004,  40.09276
 -79.96452,  40.07181
 -79.96370,  40.07025
 -79.93610,  40.04763
 -79.93537,  40.04639
 -79.90612,  40.03391
 -79.89476,  40.02493
 -79.87691,  40.01765
 -79.85116,  40.00220
 -79.84776,  39.99853
 -79.83099,  39.97960
 -79.81875,  39.96592
 -79.80359,  39.95695
 -79.79738,  39.93443
 -79.80070,  39.91198
 -79.81157,  39.88956
 -79.81966,  39.87982
 -79.82417,  39.86716
 -79.82544,  39.84469
 -79.82022,  39.82582
 -79.80801,  39.82210
 -79.79102,  39.81936
 -79.76560,  39.79935
 -79.76202,  39.79484
 -79.74983,  39.77676
 -79.73312,  39.76454
 -79.70885,  39.75400
 -79.70405,  39.75076
 -79.67490,  39.74376
 -79.66669,  39.73120
 -79.65654,  39.70866
 -79.67560,  39.68775
 -79.67598,  39.68632
 -79.67563,  39.68560
 -79.64642,  39.68489
 -79.64381,  39.68607
 -79.61711,  39.69292
 -79.61298,  39.68584
 -79.61730,  39.67873
 -79.63367,  39.66352
 -79.63537,  39.64105
 -79.62617,  39.61850
 -79.61816,  39.61443
 -79.59499,  39.59577
 -79.58944,  39.58175
 -79.57816,  39.57316
 -79.56050,  39.56557
 -79.53143,  39.55943
 -79.51180,  39.57258
 -79.50194,  39.58162
 -79.49500,  39.59491
 -79.47239,  39.60656
 -79.45959,  39.59459
 -79.45358,  39.57205
 -79.44412,  39.54956
 -79.44405,  39.54949
 -79.42438,  39.52682
 -79.41544,  39.52094
 -79.40315,  39.50413
 -79.39468,  39.48157
 -79.40042,  39.45915
 -79.40393,  39.43670
 -79.40974,  39.41429
 -79.41234,  39.39183
 -79.41774,  39.38003
 -79.43900,  39.36961
 -79.44701,  39.36787
 -79.47619,  39.36130
 -79.48799,  39.34760
 -79.48543,  39.32510
 -79.47683,  39.31974
 -79.44782,  39.31708
 -79.43789,  39.30218
 -79.43222,  39.27964
 -79.41962,  39.26441
 -79.39885,  39.25684
 -79.39082,  39.25120
 -79.36172,  39.25559
 -79.36148,  39.25647
 -79.34748,  39.27880
 -79.33944,  39.30119
 -79.33179,  39.30697
 -79.31216,  39.30090
 -79.30296,  39.29505
 -79.29494,  39.27824
 -79.28016,  39.25560
 -79.27503,  39.23431
 -79.27478,  39.23307
 -79.27506,  39.23276
 -79.30438,  39.21594
 -79.31950,  39.21107
 -79.33353,  39.20734
 -79.35442,  39.18896
 -79.34692,  39.16642
 -79.33942,  39.14386
 -79.33782,  39.12137
 -79.36437,  39.09987
 -79.37498,  39.09928
 -79.37823,  39.07684
 -79.36499,  39.06369
 -79.33612,  39.05937
 -79.33286,  39.05389
 -79.33645,  39.04073
 -79.33794,  39.03148
 -79.36370,  39.00927
 -79.36501,  38.98681
 -79.36275,  38.96432
 -79.34879,  38.94170
 -79.34980,  38.91924
 -79.36771,  38.90359
 -79.39654,  38.90658
 -79.40945,  38.91984
 -79.42152,  38.94244
 -79.42471,  38.95026
 -79.42867,  38.96498
 -79.44064,  38.98756
 -79.45176,  39.01014
 -79.45226,  39.03262
 -79.45231,  39.03276
 -79.47602,  39.05531
 -79.48087,  39.05708
 -79.50041,  39.05553
 -79.50561,  39.03312
 -79.50925,  39.01067
 -79.50323,  38.98814
 -79.51105,  38.97371
 -79.51640,  38.96579
 -79.53613,  38.94350
 -79.54051,  38.93503
 -79.54736,  38.92112
 -79.56632,  38.89881
 -79.57002,  38.89087
 -79.57225,  38.87640
 -79.57053,  38.85477
 -79.57025,  38.85390
 -79.56006,  38.83135
 -79.54230,  38.81052
 -79.53897,  38.80870
 -79.51364,  38.79872
 -79.48494,  38.79002
 -79.47182,  38.78562
 -79.48516,  38.77549
 -79.51416,  38.76377
 -79.51749,  38.76357
 -79.54300,  38.76196
 -79.57182,  38.76150
 -79.60062,  38.76273
 -79.62946,  38.76147
 -79.65827,  38.76125
 -79.68710,  38.76026
 -79.71592,  38.75938
 -79.74468,  38.76399
 -79.75024,  38.76541
END
 -14.00000, -79.59974,  38.92157
 -79.60200,  38.94406
 -79.61201,  38.96661
 -79.61534,  38.98911
 -79.62618,  39.01065
 -79.63004,  39.01169
 -79.65156,  39.03434
 -79.65475,  39.03816
 -79.68354,  39.04986
 -79.68984,  39.03463
 -79.68388,  39.02234
 -79.67218,  39.01202
 -79.68414,  39.00137
 -79.68610,  38.98965
 -79.68435,  38.98439
 -79.66478,  38.96702
 -79.65578,  38.95790
 -79.64747,  38.94442
 -79.64049,  38.92189
 -79.62749,  38.91174
 -79.59974,  38.92157
END
 -14.00000, -79.17300,  38.93974
 -79.16473,  38.94592
 -79.16148,  38.93959
 -79.16501,  38.93188
 -79.17300,  38.93974
END
 -14.00000, -79.82243,  38.96811
 -79.81750,  38.99055
 -79.82872,  39.00171
 -79.84423,  38.99072
 -79.84504,  38.96825
 -79.82910,  38.96378
 -79.82243,  38.96811
END
 -14.00000, -79.23905,  39.03039
 -79.23929,  39.05287
 -79.23689,  39.07531
 -79.23963,  39.09782
 -79.24823,  39.11647
 -79.24951,  39.12041
 -79.24792,  39.13290
 -79.24696,  39.14285
 -79.21841,  39.16087
 -79.20091,  39.14232
 -79.19942,  39.11983
 -79.20377,  39.09741
 -79.20684,  39.07497
 -79.21303,  39.05257
 -79.21262,  39.03009
 -79.22106,  39.02237
 -79.23905,  39.03039
END
 -14.00000, -79.70420,  39.07967
 -79.71188,  39.09939
 -79.72052,  39.07979
 -79.71224,  39.06981
 -79.70420,  39.07967
END
 -14.00000, -79.50465,  39.07805
 -79.50926,  39.09362
 -79.52708,  39.10072
 -79.53808,  39.10348
 -79.54413,  39.10087
 -79.55299,  39.07848
 -79.53860,  39.06730
 -79.50977,  39.05936
 -79.50465,  39.07805
END
 -14.00000, -79.40353,  39.12204
 -79.40517,  39.14453
 -79.42133,  39.15953
 -79.43848,  39.14485
 -79.43793,  39.12238
 -79.42225,  39.10283
 -79.40353,  39.12204
END
 -14.00000, -80.59018,  39.32983
 -80.58082,  39.34404
 -80.56646,  39.32984
 -80.58080,  39.32071
 -80.59018,  39.32983
END
 -14.00000, -79.61545,  39.43859
 -79.62050,  39.43982
 -79.62155,  39.43864
 -79.62060,  39.43229
 -79.61545,  39.43859
END
 -14.00000, -79.33366,  39.43599
 -79.32935,  39.44522
 -79.31631,  39.43581
 -79.32960,  39.43156
 -79.33366,  39.43599
END
 -14.00000, -79.53388,  39.68517
 -79.52941,  39.69693
 -79.52102,  39.68506
 -79.52968,  39.67868
 -79.53388,  39.68517
END
 -14.00000, -79.59422,  39.73064
 -79.59341,  39.75312
 -79.59178,  39.77558
 -79.58662,  39.78541
 -79.55750,  39.77535
 -79.55748,  39.77530
 -79.55041,  39.75276
 -79.54688,  39.73024
 -79.55833,  39.71732
 -79.58752,  39.71967
 -79.59422,  39.73064
END
 -14.00000, -79.87219,  39.88993
 -79.87814,  39.89117
 -79.87924,  39.88997
 -79.87815,  39.88907
 -79.87219,  39.88993
END
 -14.00000, -79.62189,  39.88823
 -79.61445,  39.89046
 -79.61285,  39.88816
 -79.61452,  39.88483
 -79.62189,  39.88823
END
 -14.00000, -79.94888,  39.93529
 -79.96551,  39.95346
 -79.98669,  39.93547
 -79.96576,  39.92332
 -79.94888,  39.93529
END
 -14.00000, -79.69508,  39.93373
 -79.70166,  39.94670
 -79.71661,  39.95637
 -79.73082,  39.96089
 -79.75304,  39.97910
 -79.74905,  40.00156
 -79.73021,  40.01242
 -79.70094,  40.00592
 -79.69322,  40.00117
 -79.67604,  39.97856
 -79.67198,  39.97454
 -79.65800,  39.95594
 -79.64992,  39.93340
 -79.67275,  39.91397
 -79.69508,  39.93373
END
 -14.00000, -80.00526,  39.98052
 -80.01217,  40.00304
 -80.01789,  40.02554
 -80.02352,  40.04036
 -80.05298,  40.02628
 -80.05349,  40.02569
 -80.05299,  40.02531
 -80.03622,  40.00314
 -80.03149,  39.98064
 -80.02402,  39.97328
 -80.00526,  39.98052
END
 -14.00000, -80.87160,  40.13853
 -80.87559,  40.14146
 -80.88009,  40.13850
 -80.87546,  40.11771
 -80.87160,  40.13853
END
 -14.00000, -80.93444,  40.34065
 -80.93563,  40.34140
 -80.93647,  40.34064
 -80.93561,  40.33725
 -80.93444,  40.34065
END
 -13.00000, -80.12772,  39.66631
 -80.14306,  39.67154
 -80.17223,  39.67833
 -80.18848,  39.68898
 -80.18877,  39.71146
 -80.19028,  39.73394
 -80.17191,  39.73788
 -80.16529,  39.73386
 -80.14282,  39.71375
 -80.13938,  39.71130
 -80.11366,  39.70294
 -80.10082,  39.68869
 -80.10764,  39.66623
 -80.11391,  39.66227
 -80.12772,  39.66631
END
 -13.00000, -80.38037,  39.89169
 -80.37619,  39.89763
 -80.36977,  39.89168
 -80.37623,  39.88147
 -80.38037,  39.89169
END
 -13.00000, -80.32557,  39.98153
 -80.31730,  39.99281
 -80.31004,  39.98150
 -80.31734,  39.97789
 -80.32557,  39.98153
END
 -13.00000, -80.60118,  40.52121
 -80.60861,  40.54369
 -80.61145,  40.54610
 -80.64104,  40.55145
 -80.66627,  40.56611
 -80.67059,  40.58859
 -80.67072,  40.58876
 -80.69537,  40.61103
 -80.70041,  40.62137
 -80.71537,  40.63349
 -80.71877,  40.65596
 -80.72672,  40.67844
 -80.72272,  40.70092
 -80.71857,  40.72342
 -80.72121,  40.74589
 -80.73048,  40.76443
 -80.73207,  40.76836
 -80.74186,  40.79082
 -80.75088,  40.81328
 -80.75259,  40.83576
 -80.75353,  40.85825
 -80.73082,  40.87352
 -80.72251,  40.88078
 -80.73090,  40.89859
 -80.75956,  40.90320
 -80.75951,  40.92568
 -80.76076,  40.92984
 -80.78222,  40.94812
 -80.79063,  40.95999
 -80.80544,  40.94806
 -80.81251,  40.92556
 -80.82022,  40.91907
 -80.82273,  40.92553
 -80.82755,  40.94801
 -80.83627,  40.97046
 -80.85031,  40.98626
 -80.85481,  40.99289
 -80.86034,  41.01536
 -80.88036,  41.03514
 -80.88155,  41.03778
 -80.88039,  41.04087
 -80.86794,  41.06030
 -80.86936,  41.08278
 -80.87151,  41.10526
 -80.88080,  41.11747
 -80.88676,  41.12769
 -80.88628,  41.15017
 -80.88345,  41.17266
 -80.88960,  41.19513
 -80.90450,  41.21756
 -80.90785,  41.24004
 -80.91139,  41.24443
 -80.93615,  41.26242
 -80.94146,  41.27060
 -80.95510,  41.28483
 -80.96581,  41.30727
 -80.96119,  41.32977
 -80.96861,  41.35223
 -80.96964,  41.37471
 -80.97218,  41.38800
 -80.97712,  41.39715
 -80.99793,  41.41955
 -81.00249,  41.43599
 -81.00524,  41.44201
 -81.01613,  41.46444
 -81.02610,  41.48689
 -81.02747,  41.50936
 -81.03314,  41.52120
 -81.03811,  41.53179
 -81.04300,  41.55425
 -81.05421,  41.57668
 -81.05710,  41.59915
 -81.05990,  41.62162
 -81.05885,  41.64410
 -81.06342,  41.66656
 -81.05910,  41.68906
 -81.06470,  41.70715
 -81.06784,  41.71150
 -81.06481,  41.72060
 -81.06171,  41.73401
 -81.06505,  41.74896
 -81.06735,  41.75647
 -81.06515,  41.76096
 -81.05991,  41.77898
 -81.06176,  41.80145
 -81.05809,  41.82394
 -81.05508,  41.84644
 -81.04320,  41.86897
 -81.03593,  41.87854
 -81.02370,  41.89154
 -81.01079,  41.91407
 -81.00603,  41.91838
 -80.98743,  41.93664
 -80.97604,  41.94898
 -80.94993,  41.93678
 -80.94573,  41.93562
 -80.91551,  41.93579
 -80.88526,  41.92935
 -80.86385,  41.91459
 -80.85493,  41.90667
 -80.84400,  41.89216
 -80.82647,  41.86973
 -80.82455,  41.86784
 -80.80148,  41.84731
 -80.79424,  41.83933
 -80.77918,  41.82488
 -80.76549,  41.80244
 -80.76393,  41.80001
 -80.75447,  41.77998
 -80.74430,  41.75752
 -80.73782,  41.73505
 -80.73354,  41.72977
 -80.71308,  41.71261
 -80.70334,  41.69976
 -80.69583,  41.69016
 -80.68010,  41.66770
 -80.67312,  41.65041
 -80.67161,  41.64523
 -80.65771,  41.62277
 -80.64296,  41.60995
 -80.63017,  41.60032
 -80.61285,  41.57968
 -80.61197,  41.57785
 -80.60070,  41.55538
 -80.58723,  41.53291
 -80.58275,  41.52781
 -80.56289,  41.51044
 -80.55496,  41.48796
 -80.55270,  41.48455
 -80.54537,  41.46548
 -80.53320,  41.44300
 -80.52641,  41.42052
 -80.52270,  41.41759
 -80.49916,  41.39803
 -80.49460,  41.37556
 -80.49274,  41.36235
 -80.49103,  41.35307
 -80.49265,  41.33059
 -80.48823,  41.30811
 -80.48834,  41.28563
 -80.48018,  41.26315
 -80.46289,  41.24654
 -80.45998,  41.24066
 -80.46291,  41.22257
 -80.46457,  41.21817
 -80.46293,  41.20983
 -80.46114,  41.19569
 -80.45956,  41.17321
 -80.45007,  41.15072
 -80.43744,  41.12823
 -80.43668,  41.10575
 -80.44021,  41.08327
 -80.43324,  41.06705
 -80.42999,  41.06078
 -80.42530,  41.03829
 -80.42300,  41.01581
 -80.43057,  40.99333
 -80.43335,  40.98492
 -80.43579,  40.97085
 -80.45732,  40.94839
 -80.46318,  40.92981
 -80.46719,  40.92591
 -80.49294,  40.90676
 -80.52270,  40.90836
 -80.53587,  40.90344
 -80.55243,  40.88570
 -80.55739,  40.88095
 -80.56904,  40.85846
 -80.58213,  40.84477
 -80.58653,  40.83597
 -80.59275,  40.81348
 -80.60538,  40.79100
 -80.60756,  40.76851
 -80.59853,  40.74603
 -80.58743,  40.72356
 -80.58202,  40.71805
 -80.56927,  40.70109
 -80.56114,  40.67861
 -80.55241,  40.65613
 -80.55233,  40.65595
 -80.54071,  40.63365
 -80.54536,  40.61116
 -80.54581,  40.58868
 -80.52270,  40.56924
 -80.49310,  40.57139
 -80.48736,  40.56620
 -80.47287,  40.54371
 -80.47897,  40.52123
 -80.49313,  40.50891
 -80.52270,  40.50756
 -80.55226,  40.50540
 -80.58183,  40.50941
 -80.60118,  40.52121
END
END
