 -15.00000, -71.92758,  43.38396
 -71.93679,  43.40719
 -71.94419,  43.41724
 -71.97326,  43.43206
 -71.97339,  43.43237
 -71.97308,  43.43334
 -71.94054,  43.44418
 -71.92406,  43.45141
 -71.90793,  43.45547
 -71.87755,  43.45025
 -71.87577,  43.44796
 -71.87627,  43.42543
 -71.88201,  43.41748
 -71.90245,  43.40474
 -71.90887,  43.38263
 -71.91856,  43.37708
 -71.92758,  43.38396
END
 -15.00000, -71.35040,  43.79287
 -71.36001,  43.80373
 -71.36958,  43.81690
 -71.38665,  43.83569
 -71.38833,  43.84089
 -71.38367,  43.85619
 -71.37973,  43.86281
 -71.38213,  43.86689
 -71.38654,  43.88590
 -71.39226,  43.90891
 -71.40296,  43.93228
 -71.40380,  43.93336
 -71.41487,  43.95575
 -71.42917,  43.97469
 -71.43504,  43.97984
 -71.44419,  44.00308
 -71.44934,  44.02604
 -71.44718,  44.04845
 -71.44054,  44.07052
 -71.41647,  44.09128
 -71.41183,  44.09429
 -71.39226,  44.11203
 -71.37706,  44.11720
 -71.34382,  44.12954
 -71.31296,  44.12556
 -71.28211,  44.12151
 -71.25129,  44.11736
 -71.22189,  44.10363
 -71.20387,  44.09774
 -71.19228,  44.09134
 -71.16132,  44.08820
 -71.15147,  44.09371
 -71.12862,  44.09672
 -71.11724,  44.09106
 -71.10058,  44.07410
 -71.09450,  44.06673
 -71.07278,  44.05005
 -71.06866,  44.04214
 -71.07233,  44.01985
 -71.07903,  44.00852
 -71.09196,  43.99879
 -71.11427,  43.98284
 -71.14398,  43.99399
 -71.16946,  43.98222
 -71.17740,  43.98031
 -71.21028,  43.97013
 -71.21664,  43.96328
 -71.21674,  43.94070
 -71.24010,  43.91992
 -71.24862,  43.89800
 -71.25504,  43.87591
 -71.25812,  43.85357
 -71.25684,  43.83089
 -71.26373,  43.82032
 -71.27994,  43.81008
 -71.28635,  43.78800
 -71.30039,  43.78360
 -71.33215,  43.78023
 -71.35040,  43.79287
END
 -15.00000, -71.79207,  43.98348
 -71.80209,  43.99869
 -71.80821,  44.00720
 -71.81575,  44.03029
 -71.81070,  44.05249
 -71.80890,  44.07492
 -71.80733,  44.09737
 -71.78555,  44.11763
 -71.78435,  44.11827
 -71.75246,  44.12963
 -71.72020,  44.13553
 -71.71304,  44.13569
 -71.68861,  44.13665
 -71.67351,  44.13282
 -71.65836,  44.12825
 -71.62901,  44.11364
 -71.61784,  44.10620
 -71.60120,  44.08817
 -71.59600,  44.08204
 -71.59132,  44.05913
 -71.59049,  44.03650
 -71.59460,  44.01424
 -71.60496,  43.99244
 -71.61532,  43.98878
 -71.64781,  43.98080
 -71.66034,  43.97393
 -71.68078,  43.96936
 -71.71239,  43.96741
 -71.74335,  43.97021
 -71.77434,  43.97285
 -71.79207,  43.98348
END
 -15.00000, -73.37901,  44.96497
 -73.38406,  44.96707
 -73.39935,  44.98864
 -73.40623,  45.01153
 -73.40400,  45.03390
 -73.40321,  45.05634
 -73.39236,  45.07822
 -73.37862,  45.09993
 -73.36804,  45.10549
 -73.33544,  45.11180
 -73.30352,  45.11219
 -73.27259,  45.10414
 -73.25506,  45.09273
 -73.24395,  45.07678
 -73.23708,  45.06918
 -73.22672,  45.04607
 -73.22820,  45.02365
 -73.23771,  45.00171
 -73.24681,  44.97976
 -73.25608,  44.97371
 -73.28496,  44.95950
 -73.28985,  44.95687
 -73.32219,  44.95218
 -73.35374,  44.95423
 -73.37901,  44.96497
END
 -15.00000, -73.37296,  45.36946
 -73.38506,  45.39264
 -73.39609,  45.41448
 -73.39639,  45.41578
 -73.40483,  45.43875
 -73.40791,  45.46140
 -73.40599,  45.48378
 -73.41330,  45.50667
 -73.41390,  45.52919
 -73.41467,  45.53050
 -73.42632,  45.55237
 -73.43986,  45.57561
 -73.44098,  45.58053
 -73.44330,  45.59829
 -73.44207,  45.62069
 -73.44402,  45.64328
 -73.44519,  45.66582
 -73.44822,  45.68847
 -73.45798,  45.71146
 -73.45800,  45.71149
 -73.46409,  45.73430
 -73.48399,  45.75789
 -73.48469,  45.75890
 -73.51517,  45.77396
 -73.52974,  45.78292
 -73.54482,  45.79635
 -73.55696,  45.80691
 -73.57414,  45.82178
 -73.57925,  45.83061
 -73.58746,  45.85353
 -73.59840,  45.87659
 -73.59998,  45.87812
 -73.61652,  45.90005
 -73.62865,  45.90987
 -73.64070,  45.92384
 -73.65722,  45.94272
 -73.66943,  45.94787
 -73.68826,  45.95388
 -73.71999,  45.95912
 -73.75182,  45.96328
 -73.78373,  45.96693
 -73.81483,  45.97779
 -73.81540,  45.97820
 -73.82755,  46.00129
 -73.83470,  46.02413
 -73.84040,  46.03914
 -73.84215,  46.04698
 -73.84820,  46.06975
 -73.85318,  46.09246
 -73.86491,  46.11055
 -73.87389,  46.11601
 -73.89474,  46.13395
 -73.90564,  46.14013
 -73.92507,  46.15281
 -73.94807,  46.16478
 -73.95559,  46.17024
 -73.97330,  46.18854
 -73.97580,  46.21111
 -73.98288,  46.21762
 -73.98897,  46.23423
 -73.97886,  46.25480
 -73.97720,  46.25607
 -73.96709,  46.27798
 -73.94618,  46.29935
 -73.94125,  46.30216
 -73.90765,  46.31242
 -73.87502,  46.31367
 -73.86929,  46.31776
 -73.85080,  46.33923
 -73.83874,  46.34791
 -73.80516,  46.35749
 -73.77270,  46.35702
 -73.74049,  46.35426
 -73.72136,  46.35479
 -73.70786,  46.35529
 -73.67488,  46.35934
 -73.64141,  46.36767
 -73.60876,  46.36876
 -73.57701,  46.36199
 -73.54498,  46.35772
 -73.51241,  46.35808
 -73.47950,  46.36144
 -73.47076,  46.36354
 -73.44485,  46.37954
 -73.41345,  46.38279
 -73.41190,  46.38295
 -73.41127,  46.38267
 -73.38026,  46.37537
 -73.34767,  46.37583
 -73.31588,  46.36953
 -73.29026,  46.37582
 -73.28157,  46.38432
 -73.26568,  46.39686
 -73.24736,  46.41826
 -73.24337,  46.43119
 -73.23949,  46.44026
 -73.23451,  46.46242
 -73.23734,  46.48108
 -73.23794,  46.48507
 -73.23615,  46.49093
 -73.22935,  46.50702
 -73.22380,  46.52915
 -73.19734,  46.54185
 -73.17863,  46.54899
 -73.16357,  46.55119
 -73.13107,  46.54997
 -73.09869,  46.54790
 -73.06475,  46.55838
 -73.05061,  46.56398
 -73.03016,  46.57399
 -72.99712,  46.57701
 -72.96542,  46.56936
 -72.93324,  46.56560
 -72.89945,  46.57455
 -72.88741,  46.57673
 -72.86445,  46.59291
 -72.86243,  46.59768
 -72.84994,  46.61938
 -72.84452,  46.64150
 -72.84393,  46.66392
 -72.84402,  46.68637
 -72.84679,  46.70898
 -72.84668,  46.73142
 -72.82379,  46.75248
 -72.81065,  46.75740
 -72.77755,  46.76001
 -72.74480,  46.75988
 -72.71170,  46.76246
 -72.68560,  46.76652
 -72.67804,  46.76926
 -72.65072,  46.78682
 -72.64048,  46.80558
 -72.63889,  46.80854
 -72.63388,  46.83067
 -72.62118,  46.85234
 -72.61389,  46.87433
 -72.59840,  46.89582
 -72.59544,  46.89802
 -72.56034,  46.91485
 -72.55471,  46.91555
 -72.52692,  46.91901
 -72.49352,  46.92306
 -72.46160,  46.91605
 -72.43554,  46.90807
 -72.43018,  46.90550
 -72.40002,  46.88565
 -72.39706,  46.88318
 -72.39111,  46.86035
 -72.38344,  46.83741
 -72.37543,  46.82511
 -72.35842,  46.81335
 -72.34728,  46.79093
 -72.34662,  46.79015
 -72.31646,  46.77653
 -72.28430,  46.77198
 -72.25992,  46.76210
 -72.25327,  46.75922
 -72.22301,  46.74102
 -72.21958,  46.73703
 -72.20892,  46.71387
 -72.19735,  46.69065
 -72.19727,  46.69051
 -72.17878,  46.66697
 -72.16972,  46.65318
 -72.14524,  46.64231
 -72.14422,  46.61977
 -72.17645,  46.60480
 -72.17999,  46.59966
 -72.18685,  46.57764
 -72.19635,  46.55580
 -72.20302,  46.53376
 -72.21718,  46.51222
 -72.22463,  46.49283
 -72.24337,  46.49146
 -72.25745,  46.49154
 -72.28979,  46.49368
 -72.29108,  46.49456
 -72.32118,  46.50282
 -72.33274,  46.49726
 -72.34591,  46.47565
 -72.35917,  46.46340
 -72.36559,  46.45444
 -72.37283,  46.43244
 -72.36751,  46.40963
 -72.36670,  46.40786
 -72.34697,  46.38584
 -72.33790,  46.37996
 -72.30592,  46.37561
 -72.27364,  46.37350
 -72.24197,  46.36685
 -72.23685,  46.35620
 -72.22101,  46.33269
 -72.23379,  46.31105
 -72.23019,  46.28834
 -72.22348,  46.26542
 -72.23061,  46.24340
 -72.23045,  46.22091
 -72.23812,  46.19894
 -72.24608,  46.17698
 -72.27025,  46.16026
 -72.27932,  46.15667
 -72.30489,  46.14418
 -72.32668,  46.13727
 -72.33900,  46.13187
 -72.37254,  46.12377
 -72.38335,  46.11847
 -72.40784,  46.10238
 -72.41005,  46.09770
 -72.41698,  46.07567
 -72.42266,  46.05356
 -72.42290,  46.03109
 -72.43127,  46.00914
 -72.43153,  45.98668
 -72.45079,  45.96543
 -72.45788,  45.94339
 -72.46373,  45.92128
 -72.46581,  45.89894
 -72.46617,  45.87646
 -72.46574,  45.85395
 -72.46881,  45.83166
 -72.47108,  45.80932
 -72.47421,  45.78703
 -72.48181,  45.76503
 -72.48581,  45.75893
 -72.51926,  45.74962
 -72.52862,  45.74553
 -72.55441,  45.72740
 -72.55989,  45.72503
 -72.58951,  45.70521
 -72.59058,  45.70449
 -72.61718,  45.68368
 -72.62498,  45.66168
 -72.62760,  45.65974
 -72.64487,  45.64045
 -72.65419,  45.61854
 -72.66596,  45.59679
 -72.66846,  45.59226
 -72.70161,  45.58436
 -72.72054,  45.57771
 -72.73493,  45.57503
 -72.76774,  45.56975
 -72.79832,  45.56006
 -72.80135,  45.55795
 -72.83526,  45.54378
 -72.84152,  45.54024
 -72.85027,  45.51828
 -72.85468,  45.49607
 -72.85638,  45.47367
 -72.85576,  45.45114
 -72.85805,  45.42879
 -72.86771,  45.40689
 -72.88702,  45.38558
 -72.88712,  45.38550
 -72.91613,  45.36486
 -72.92187,  45.36347
 -72.94879,  45.36686
 -72.95338,  45.36760
 -72.98472,  45.37311
 -73.00972,  45.39305
 -73.01379,  45.39717
 -73.04588,  45.39676
 -73.05872,  45.39600
 -73.07819,  45.39439
 -73.10794,  45.39894
 -73.10963,  45.39919
 -73.11020,  45.39907
 -73.14208,  45.39571
 -73.16891,  45.38006
 -73.17623,  45.37799
 -73.19695,  45.38172
 -73.20748,  45.38441
 -73.21434,  45.38274
 -73.24033,  45.37738
 -73.25849,  45.36283
 -73.27452,  45.35897
 -73.30681,  45.35657
 -73.33858,  45.35853
 -73.36961,  45.36691
 -73.37296,  45.36946
END
 -15.00000, -73.79250,  46.53809
 -73.81241,  46.56158
 -73.80918,  46.58384
 -73.81184,  46.58978
 -73.82262,  46.60698
 -73.82608,  46.62959
 -73.82360,  46.65189
 -73.81689,  46.67397
 -73.80017,  46.69416
 -73.79926,  46.69547
 -73.76930,  46.71631
 -73.76479,  46.71794
 -73.73116,  46.72609
 -73.70052,  46.73508
 -73.69732,  46.73589
 -73.69041,  46.73453
 -73.66561,  46.72704
 -73.64632,  46.73217
 -73.63064,  46.74661
 -73.62607,  46.75350
 -73.62748,  46.77407
 -73.62741,  46.77600
 -73.62711,  46.77729
 -73.62258,  46.79816
 -73.62405,  46.80389
 -73.62704,  46.82083
 -73.62088,  46.84293
 -73.62211,  46.86541
 -73.61569,  46.87623
 -73.60987,  46.88717
 -73.60333,  46.90924
 -73.57710,  46.92612
 -73.56909,  46.92981
 -73.54262,  46.94016
 -73.50989,  46.93921
 -73.47797,  46.93140
 -73.46404,  46.92406
 -73.44675,  46.91772
 -73.42872,  46.89968
 -73.42124,  46.87684
 -73.42132,  46.85555
 -73.42126,  46.85442
 -73.41452,  46.83162
 -73.40885,  46.80887
 -73.41595,  46.78683
 -73.41502,  46.76435
 -73.43049,  46.74278
 -73.43499,  46.74020
 -73.46789,  46.72242
 -73.46985,  46.72216
 -73.47441,  46.72278
 -73.50206,  46.72650
 -73.51655,  46.72510
 -73.53516,  46.72324
 -73.56805,  46.72178
 -73.60114,  46.71866
 -73.61073,  46.70782
 -73.61901,  46.68583
 -73.61855,  46.66338
 -73.61610,  46.64081
 -73.62379,  46.61879
 -73.62984,  46.59669
 -73.63827,  46.57470
 -73.65266,  46.55456
 -73.65433,  46.55314
 -73.68677,  46.54151
 -73.71424,  46.53392
 -73.72040,  46.53256
 -73.72819,  46.53467
 -73.75208,  46.54074
 -73.77763,  46.53730
 -73.78532,  46.53520
 -73.79250,  46.53809
END
 -15.00000, -73.33521,  46.62526
 -73.34890,  46.63898
 -73.35305,  46.64871
 -73.34622,  46.67076
 -73.34490,  46.67242
 -73.31060,  46.68575
 -73.30328,  46.66834
 -73.28252,  46.64738
 -73.28165,  46.64467
 -73.28378,  46.63702
 -73.29967,  46.62325
 -73.31927,  46.61364
 -73.33521,  46.62526
END
 -15.00000, -73.13411,  46.79327
 -73.14362,  46.81626
 -73.16227,  46.82827
 -73.16468,  46.83991
 -73.16019,  46.84516
 -73.13053,  46.86036
 -73.12734,  46.88262
 -73.12246,  46.88501
 -73.11768,  46.88206
 -73.11707,  46.85958
 -73.09517,  46.84052
 -73.08698,  46.83541
 -73.09633,  46.83118
 -73.12185,  46.81500
 -73.13293,  46.79321
 -73.13383,  46.79298
 -73.13411,  46.79327
END
 -15.00000, -71.13634,  46.99905
 -71.16276,  47.02010
 -71.16541,  47.02365
 -71.16382,  47.04601
 -71.15748,  47.05365
 -71.13755,  47.06656
 -71.12468,  47.08809
 -71.11864,  47.09067
 -71.10806,  47.08687
 -71.08975,  47.06469
 -71.08720,  47.06286
 -71.05933,  47.04855
 -71.05211,  47.03780
 -71.06319,  47.02425
 -71.08012,  47.01739
 -71.09977,  47.00149
 -71.11434,  46.99743
 -71.13353,  46.99640
 -71.13634,  46.99905
END
 -15.00000, -73.56863,  47.17637
 -73.57829,  47.19807
 -73.57841,  47.19931
 -73.58958,  47.22232
 -73.59003,  47.24475
 -73.57916,  47.26657
 -73.56867,  47.28024
 -73.56011,  47.28795
 -73.53336,  47.29965
 -73.50042,  47.29877
 -73.46896,  47.28556
 -73.46545,  47.28280
 -73.44929,  47.25951
 -73.44331,  47.23677
 -73.44447,  47.21442
 -73.45750,  47.19273
 -73.47601,  47.17133
 -73.48295,  47.16763
 -73.51698,  47.15862
 -73.54909,  47.16589
 -73.56863,  47.17637
END
 -15.00000, -72.61305,  47.14355
 -72.62769,  47.15086
 -72.65924,  47.16164
 -72.69170,  47.16568
 -72.72490,  47.16407
 -72.75650,  47.17472
 -72.75654,  47.17473
 -72.78710,  47.19310
 -72.79144,  47.19926
 -72.80234,  47.22234
 -72.80320,  47.24482
 -72.79549,  47.26677
 -72.78799,  47.28875
 -72.77225,  47.30685
 -72.76501,  47.30979
 -72.73788,  47.31678
 -72.70358,  47.32608
 -72.69528,  47.32800
 -72.66788,  47.34585
 -72.66657,  47.34867
 -72.63962,  47.36945
 -72.63369,  47.39151
 -72.62747,  47.40068
 -72.61816,  47.41298
 -72.61918,  47.43546
 -72.61956,  47.45791
 -72.60537,  47.47946
 -72.59769,  47.50140
 -72.57918,  47.51360
 -72.55912,  47.52145
 -72.54420,  47.52688
 -72.51075,  47.52870
 -72.47743,  47.52954
 -72.44447,  47.52779
 -72.41974,  47.53521
 -72.40990,  47.53772
 -72.39996,  47.53397
 -72.38311,  47.51050
 -72.38448,  47.48816
 -72.38388,  47.48566
 -72.37330,  47.46503
 -72.38025,  47.44305
 -72.36167,  47.41945
 -72.36004,  47.41813
 -72.32906,  47.40249
 -72.31110,  47.41624
 -72.29260,  47.42634
 -72.28332,  47.43690
 -72.28549,  47.45947
 -72.28705,  47.46618
 -72.29289,  47.48236
 -72.29137,  47.50469
 -72.29292,  47.52721
 -72.27578,  47.54686
 -72.27477,  47.54848
 -72.24184,  47.56879
 -72.23889,  47.57302
 -72.22016,  47.58983
 -72.21292,  47.61179
 -72.21288,  47.63420
 -72.19958,  47.65577
 -72.19160,  47.67245
 -72.18733,  47.67739
 -72.15553,  47.69198
 -72.14881,  47.69734
 -72.12038,  47.70491
 -72.09263,  47.69370
 -72.08915,  47.69034
 -72.06322,  47.66936
 -72.05929,  47.66642
 -72.04815,  47.64596
 -72.04650,  47.62343
 -72.04978,  47.60122
 -72.05006,  47.57881
 -72.04465,  47.55603
 -72.04324,  47.54678
 -72.04079,  47.53335
 -72.03777,  47.51073
 -72.03194,  47.48791
 -72.03628,  47.46577
 -72.03223,  47.44307
 -72.03233,  47.42064
 -72.04066,  47.39875
 -72.04615,  47.37667
 -72.06674,  47.35559
 -72.07220,  47.34462
 -72.08894,  47.33461
 -72.10733,  47.33049
 -72.14211,  47.31864
 -72.14886,  47.31608
 -72.17699,  47.30595
 -72.18853,  47.29622
 -72.19278,  47.27406
 -72.20015,  47.25210
 -72.20227,  47.22980
 -72.19944,  47.20717
 -72.20648,  47.18519
 -72.21033,  47.16300
 -72.23039,  47.14185
 -72.23346,  47.13883
 -72.25789,  47.12119
 -72.26922,  47.11891
 -72.30181,  47.12170
 -72.33526,  47.11831
 -72.36842,  47.11696
 -72.40100,  47.11987
 -72.43379,  47.12121
 -72.46590,  47.12759
 -72.49894,  47.12717
 -72.53104,  47.13364
 -72.56371,  47.13600
 -72.59654,  47.13707
 -72.61305,  47.14355
END
 -15.00000, -70.96921,  47.03164
 -70.96004,  47.05054
 -70.94745,  47.05249
 -70.92876,  47.07357
 -70.92179,  47.08309
 -70.91932,  47.07286
 -70.92272,  47.05064
 -70.93027,  47.02873
 -70.93060,  47.02855
 -70.96380,  47.02715
 -70.96921,  47.03164
END
 -15.00000, -70.83348,  47.33612
 -70.84351,  47.35935
 -70.84371,  47.35968
 -70.85088,  47.38237
 -70.85204,  47.40492
 -70.85011,  47.42724
 -70.85403,  47.45000
 -70.85992,  47.46341
 -70.87033,  47.47368
 -70.88884,  47.48980
 -70.89916,  47.49829
 -70.91949,  47.50571
 -70.95309,  47.50349
 -70.98587,  47.50640
 -71.01821,  47.51200
 -71.03496,  47.53080
 -71.04691,  47.54033
 -71.06709,  47.55560
 -71.07658,  47.56267
 -71.10936,  47.56579
 -71.14133,  47.57397
 -71.16585,  47.58523
 -71.17195,  47.59066
 -71.17560,  47.60838
 -71.17828,  47.63102
 -71.17671,  47.65335
 -71.17140,  47.67542
 -71.16291,  47.69725
 -71.15233,  47.71396
 -71.14724,  47.71856
 -71.11506,  47.73839
 -71.11468,  47.73864
 -71.08921,  47.75924
 -71.07705,  47.76720
 -71.07113,  47.78037
 -71.07123,  47.80281
 -71.05969,  47.82441
 -71.05709,  47.84666
 -71.05627,  47.86905
 -71.05125,  47.89111
 -71.05070,  47.91351
 -71.04530,  47.93555
 -71.03412,  47.95717
 -71.02059,  47.97863
 -71.01381,  48.00056
 -71.01128,  48.02281
 -71.00973,  48.04513
 -71.00644,  48.06731
 -71.00878,  48.08992
 -71.00742,  48.11224
 -70.99961,  48.13410
 -70.98686,  48.15559
 -70.97901,  48.16438
 -70.96301,  48.17628
 -70.94080,  48.19708
 -70.93922,  48.20190
 -70.93357,  48.21897
 -70.93333,  48.23758
 -70.93327,  48.24137
 -70.93225,  48.24414
 -70.92605,  48.26326
 -70.92730,  48.27411
 -70.92970,  48.28595
 -70.94492,  48.30948
 -70.94492,  48.33189
 -70.94935,  48.34470
 -70.95167,  48.35480
 -70.95978,  48.37780
 -70.95710,  48.40002
 -70.97067,  48.42006
 -70.97155,  48.42349
 -70.96836,  48.44566
 -70.96513,  48.46783
 -70.95950,  48.48769
 -70.95873,  48.48978
 -70.95893,  48.49114
 -70.96047,  48.51232
 -70.95958,  48.53466
 -70.95451,  48.55670
 -70.95206,  48.57891
 -70.94548,  48.60085
 -70.94649,  48.62332
 -70.94174,  48.64537
 -70.93153,  48.65630
 -70.92372,  48.66646
 -70.91775,  48.68842
 -70.88998,  48.70206
 -70.88659,  48.70856
 -70.87613,  48.73018
 -70.85316,  48.75090
 -70.84690,  48.75647
 -70.83023,  48.77162
 -70.80997,  48.79253
 -70.80822,  48.81479
 -70.80027,  48.83661
 -70.79824,  48.84336
 -70.79385,  48.85852
 -70.78047,  48.87993
 -70.75632,  48.88977
 -70.74137,  48.89944
 -70.71982,  48.90413
 -70.69255,  48.89584
 -70.68776,  48.89243
 -70.65623,  48.87778
 -70.64552,  48.86995
 -70.62684,  48.85075
 -70.62467,  48.84600
 -70.61464,  48.82286
 -70.60015,  48.80820
 -70.58794,  48.79846
 -70.57038,  48.78374
 -70.53726,  48.77866
 -70.50317,  48.77919
 -70.46832,  48.78412
 -70.45539,  48.78844
 -70.43034,  48.80669
 -70.39711,  48.80227
 -70.36582,  48.78682
 -70.35074,  48.78045
 -70.33345,  48.77761
 -70.32862,  48.77875
 -70.29624,  48.79560
 -70.29120,  48.79827
 -70.27528,  48.81944
 -70.25911,  48.84060
 -70.26440,  48.86342
 -70.26528,  48.88589
 -70.25365,  48.90739
 -70.24285,  48.92896
 -70.23775,  48.93228
 -70.20101,  48.94689
 -70.19922,  48.94798
 -70.16494,  48.95774
 -70.13098,  48.95684
 -70.09596,  48.96177
 -70.09444,  48.96220
 -70.06030,  48.97019
 -70.02655,  48.97926
 -70.02056,  49.00119
 -70.02046,  49.00132
 -70.00321,  49.02223
 -69.99844,  49.04425
 -69.97968,  49.06517
 -69.97070,  49.08598
 -69.97029,  49.08683
 -69.93372,  49.10088
 -69.90069,  49.09452
 -69.87714,  49.07941
 -69.87032,  49.07394
 -69.86068,  49.05569
 -69.85824,  49.03308
 -69.85770,  49.01064
 -69.85500,  48.98801
 -69.86092,  48.96606
 -69.85712,  48.96148
 -69.85493,  48.94318
 -69.85717,  48.92094
 -69.85600,  48.89843
 -69.85410,  48.87586
 -69.85239,  48.85331
 -69.85125,  48.83079
 -69.85052,  48.81370
 -69.85040,  48.80830
 -69.84701,  48.78560
 -69.83419,  48.76215
 -69.82764,  48.75376
 -69.80511,  48.73737
 -69.79821,  48.72917
 -69.77631,  48.71260
 -69.77052,  48.69545
 -69.76600,  48.68933
 -69.75607,  48.66609
 -69.76253,  48.64419
 -69.75406,  48.62106
 -69.75158,  48.61502
 -69.74262,  48.59769
 -69.73059,  48.57427
 -69.72594,  48.57077
 -69.69302,  48.56544
 -69.66181,  48.55109
 -69.65697,  48.54578
 -69.65075,  48.52282
 -69.64162,  48.49962
 -69.63898,  48.49240
 -69.60734,  48.48059
 -69.59009,  48.49535
 -69.56955,  48.50129
 -69.53541,  48.50268
 -69.50294,  48.49528
 -69.48257,  48.48637
 -69.47209,  48.47943
 -69.46700,  48.46260
 -69.46284,  48.43980
 -69.46180,  48.41726
 -69.46127,  48.39476
 -69.46301,  48.37244
 -69.46719,  48.35033
 -69.46455,  48.34180
 -69.46316,  48.32753
 -69.45173,  48.30411
 -69.44241,  48.28096
 -69.44233,  48.28085
 -69.43507,  48.25777
 -69.43108,  48.23496
 -69.43414,  48.21276
 -69.43211,  48.19011
 -69.43021,  48.16823
 -69.42989,  48.16746
 -69.43056,  48.16637
 -69.43826,  48.14570
 -69.43742,  48.13037
 -69.43464,  48.12291
 -69.42782,  48.09986
 -69.42664,  48.07729
 -69.42908,  48.05502
 -69.43214,  48.03280
 -69.43916,  48.01093
 -69.44936,  47.98931
 -69.46709,  47.97421
 -69.48000,  47.96943
 -69.50329,  47.96039
 -69.53826,  47.95288
 -69.54253,  47.95224
 -69.57442,  47.93907
 -69.58000,  47.93292
 -69.60647,  47.91267
 -69.61440,  47.90467
 -69.62498,  47.89174
 -69.64143,  47.87064
 -69.65028,  47.84890
 -69.65524,  47.82683
 -69.66592,  47.80776
 -69.66859,  47.80547
 -69.66737,  47.80003
 -69.66839,  47.78296
 -69.67109,  47.77992
 -69.70475,  47.77883
 -69.73962,  47.77112
 -69.77335,  47.76958
 -69.80400,  47.78487
 -69.82856,  47.79626
 -69.83398,  47.80389
 -69.83717,  47.81945
 -69.84386,  47.84248
 -69.85847,  47.85318
 -69.89011,  47.86338
 -69.90275,  47.86978
 -69.91946,  47.88627
 -69.93237,  47.87219
 -69.95791,  47.85889
 -69.96463,  47.85235
 -69.97709,  47.83089
 -69.97725,  47.80843
 -69.97515,  47.78579
 -69.99583,  47.76499
 -70.00925,  47.75951
 -70.03458,  47.74566
 -70.04626,  47.73949
 -70.08187,  47.72720
 -70.08244,  47.72704
 -70.11591,  47.72363
 -70.14928,  47.72379
 -70.17132,  47.71170
 -70.18597,  47.70514
 -70.20635,  47.69202
 -70.21591,  47.67031
 -70.22796,  47.65617
 -70.25099,  47.65063
 -70.26421,  47.63957
 -70.29070,  47.63130
 -70.30067,  47.62170
 -70.30892,  47.61027
 -70.32977,  47.58944
 -70.33994,  47.58746
 -70.35926,  47.56929
 -70.37766,  47.56196
 -70.40629,  47.55050
 -70.41443,  47.54174
 -70.42416,  47.52943
 -70.43697,  47.50797
 -70.43966,  47.48570
 -70.44361,  47.46353
 -70.44893,  47.44147
 -70.45341,  47.41935
 -70.46449,  47.39774
 -70.46916,  47.37562
 -70.47723,  47.36873
 -70.51146,  47.36258
 -70.53345,  47.35815
 -70.54637,  47.35234
 -70.58048,  47.34679
 -70.59465,  47.34040
 -70.61644,  47.33016
 -70.64579,  47.32186
 -70.65116,  47.32084
 -70.68560,  47.31312
 -70.71870,  47.31345
 -70.75167,  47.31450
 -70.78465,  47.31553
 -70.81644,  47.32380
 -70.83348,  47.33612
END
 -15.00000, -72.95562,  47.59005
 -72.96596,  47.60271
 -72.97279,  47.61345
 -72.97935,  47.63623
 -72.96617,  47.65787
 -72.95775,  47.66669
 -72.94115,  47.67881
 -72.92152,  47.68961
 -72.90571,  47.67673
 -72.89170,  47.66300
 -72.88095,  47.65288
 -72.86196,  47.63588
 -72.86014,  47.62925
 -72.86351,  47.62397
 -72.88598,  47.60836
 -72.88844,  47.58611
 -72.90305,  47.57528
 -72.93680,  47.57117
 -72.95562,  47.59005
END
 -15.00000, -73.73439,  47.96880
 -73.75295,  47.97994
 -73.77232,  47.99314
 -73.78303,  48.00894
 -73.78535,  48.01617
 -73.79282,  48.03893
 -73.77833,  48.06054
 -73.77654,  48.06528
 -73.76888,  48.08242
 -73.73908,  48.09963
 -73.70543,  48.10104
 -73.67381,  48.08516
 -73.66720,  48.07713
 -73.64933,  48.05383
 -73.64646,  48.03308
 -73.64611,  48.03130
 -73.64696,  48.02888
 -73.65388,  48.00933
 -73.66705,  47.98766
 -73.68610,  47.98008
 -73.70798,  47.96743
 -73.72131,  47.96469
 -73.73439,  47.96880
END
 -15.00000, -73.17308,  48.18454
 -73.19039,  48.20170
 -73.19322,  48.20803
 -73.20425,  48.23102
 -73.20583,  48.25348
 -73.20201,  48.27562
 -73.20213,  48.29799
 -73.20391,  48.32045
 -73.20335,  48.34278
 -73.20512,  48.35164
 -73.20820,  48.36541
 -73.20923,  48.38783
 -73.20929,  48.41019
 -73.21294,  48.43274
 -73.20586,  48.45470
 -73.20214,  48.47685
 -73.19623,  48.49887
 -73.18495,  48.51121
 -73.17196,  48.51987
 -73.14854,  48.53221
 -73.12278,  48.53947
 -73.11345,  48.54265
 -73.07975,  48.54222
 -73.04532,  48.54742
 -73.01183,  48.54531
 -72.97932,  48.53567
 -72.94578,  48.53402
 -72.91273,  48.52859
 -72.87846,  48.53251
 -72.84937,  48.54622
 -72.84262,  48.54816
 -72.81199,  48.56640
 -72.80582,  48.57084
 -72.78396,  48.58712
 -72.78275,  48.60940
 -72.77715,  48.63143
 -72.76583,  48.65312
 -72.76022,  48.65886
 -72.73533,  48.67368
 -72.72152,  48.69477
 -72.68809,  48.69162
 -72.68558,  48.69309
 -72.65190,  48.70866
 -72.64795,  48.71321
 -72.61503,  48.73059
 -72.60799,  48.73318
 -72.57931,  48.74386
 -72.54514,  48.74580
 -72.51093,  48.74805
 -72.50044,  48.74906
 -72.47677,  48.74995
 -72.45860,  48.74652
 -72.44392,  48.74247
 -72.41047,  48.73928
 -72.37881,  48.72338
 -72.34929,  48.71747
 -72.34586,  48.71682
 -72.31280,  48.71098
 -72.27974,  48.70525
 -72.24800,  48.69031
 -72.24477,  48.68861
 -72.23079,  48.66537
 -72.22082,  48.64381
 -72.22029,  48.64236
 -72.21986,  48.61996
 -72.22594,  48.60815
 -72.23202,  48.59836
 -72.24052,  48.57652
 -72.26718,  48.55582
 -72.26728,  48.55560
 -72.27965,  48.53423
 -72.30668,  48.51614
 -72.30933,  48.51371
 -72.33795,  48.49312
 -72.34457,  48.48693
 -72.35668,  48.47191
 -72.37102,  48.45043
 -72.38612,  48.43144
 -72.38706,  48.42905
 -72.38692,  48.42580
 -72.38191,  48.40635
 -72.39194,  48.38991
 -72.39438,  48.38475
 -72.39801,  48.36260
 -72.41312,  48.34115
 -72.43403,  48.32975
 -72.44273,  48.32060
 -72.47018,  48.31178
 -72.50392,  48.31110
 -72.53761,  48.31079
 -72.57108,  48.31203
 -72.60395,  48.31767
 -72.63718,  48.32079
 -72.67069,  48.32176
 -72.70394,  48.32469
 -72.73753,  48.32504
 -72.76322,  48.31754
 -72.77248,  48.31536
 -72.79775,  48.29721
 -72.80562,  48.27530
 -72.81415,  48.25481
 -72.81460,  48.25345
 -72.81452,  48.25198
 -72.81370,  48.23103
 -72.81826,  48.22372
 -72.82700,  48.20943
 -72.82935,  48.18719
 -72.85178,  48.16613
 -72.85988,  48.16265
 -72.89510,  48.14983
 -72.92854,  48.15064
 -72.96196,  48.15151
 -72.99519,  48.15386
 -73.02769,  48.16203
 -73.06085,  48.16494
 -73.09437,  48.16511
 -73.12801,  48.16437
 -73.16015,  48.17542
 -73.17308,  48.18454
END
 -15.00000, -71.36932,  48.78759
 -71.37702,  48.81050
 -71.38122,  48.81321
 -71.39088,  48.83382
 -71.38141,  48.85555
 -71.37180,  48.87242
 -71.36808,  48.87701
 -71.35041,  48.89815
 -71.33297,  48.90244
 -71.30016,  48.89484
 -71.29912,  48.89460
 -71.27222,  48.87036
 -71.27028,  48.86909
 -71.25360,  48.84668
 -71.25419,  48.82434
 -71.26656,  48.80283
 -71.28346,  48.78711
 -71.28843,  48.78197
 -71.32034,  48.76893
 -71.35271,  48.77885
 -71.36932,  48.78759
END
 -15.00000, -72.12082,  48.88203
 -72.11723,  48.89011
 -72.11639,  48.88176
 -72.11906,  48.87767
 -72.12082,  48.88203
END
 -15.00000, -72.14625,  48.95069
 -72.17293,  48.97470
 -72.17294,  48.97472
 -72.17711,  48.99733
 -72.18413,  49.02011
 -72.18481,  49.04250
 -72.17665,  49.06433
 -72.16671,  49.08605
 -72.15535,  49.09516
 -72.13290,  49.10627
 -72.11912,  49.10952
 -72.08578,  49.10418
 -72.08245,  49.10309
 -72.05358,  49.09113
 -72.03286,  49.07760
 -72.02287,  49.06818
 -72.01450,  49.07643
 -71.99311,  49.09740
 -71.98412,  49.09928
 -71.94952,  49.10247
 -71.91487,  49.10595
 -71.89000,  49.09077
 -71.88435,  49.08207
 -71.87701,  49.06758
 -71.86191,  49.04425
 -71.86529,  49.02212
 -71.87955,  49.00070
 -71.89791,  48.97953
 -71.89993,  48.97866
 -71.93587,  48.96610
 -71.96921,  48.97083
 -72.00227,  48.97749
 -72.03488,  48.98721
 -72.05355,  48.96718
 -72.07441,  48.95011
 -72.08492,  48.94681
 -72.11121,  48.93129
 -72.14318,  48.94529
 -72.14625,  48.95069
END
 -15.00000, -69.54726,  50.77437
 -69.56800,  50.79832
 -69.57239,  50.80190
 -69.58512,  50.82197
 -69.58440,  50.84421
 -69.57270,  50.86558
 -69.55732,  50.87758
 -69.54705,  50.88583
 -69.51727,  50.90117
 -69.48668,  50.88102
 -69.48611,  50.88030
 -69.47006,  50.85740
 -69.45767,  50.84604
 -69.45317,  50.83375
 -69.46357,  50.81669
 -69.46912,  50.81273
 -69.47546,  50.79093
 -69.50143,  50.77071
 -69.50833,  50.76934
 -69.54288,  50.77292
 -69.54726,  50.77437
END
 -15.00000, -68.37596,  56.63675
 -68.37574,  56.63713
 -68.36528,  56.63593
 -68.37589,  56.63653
 -68.37596,  56.63675
END
END
