 -15.00000, -78.98964,  37.56716
 -78.99335,  37.57014
 -79.00858,  37.58987
 -79.01933,  37.61246
 -79.01538,  37.63486
 -79.01989,  37.65293
 -79.02094,  37.65739
 -79.01969,  37.66205
 -79.01337,  37.67974
 -79.01244,  37.70218
 -79.00167,  37.72449
 -78.99576,  37.74686
 -78.99299,  37.76928
 -78.99390,  37.79174
 -78.99055,  37.81415
 -78.99348,  37.83664
 -78.98701,  37.85901
 -78.98897,  37.88149
 -78.98615,  37.89585
 -78.98301,  37.90387
 -78.98568,  37.91712
 -78.98671,  37.92638
 -78.99447,  37.94894
 -79.01301,  37.96897
 -79.01413,  37.97166
 -79.01719,  37.99416
 -79.02044,  38.01667
 -79.02216,  38.03915
 -79.02489,  38.06165
 -79.03307,  38.08422
 -79.03260,  38.10667
 -79.03833,  38.11623
 -79.04182,  38.12926
 -79.04964,  38.15182
 -79.06590,  38.16233
 -79.09439,  38.16613
 -79.12300,  38.16436
 -79.15148,  38.16863
 -79.18002,  38.17042
 -79.18635,  38.17600
 -79.18973,  38.19851
 -79.19205,  38.22100
 -79.19349,  38.24347
 -79.19233,  38.26592
 -79.19339,  38.28840
 -79.19343,  38.31086
 -79.19464,  38.33334
 -79.20518,  38.34821
 -79.22375,  38.35615
 -79.23363,  38.35907
 -79.26228,  38.35876
 -79.29095,  38.35705
 -79.31958,  38.35838
 -79.34219,  38.35746
 -79.34825,  38.35707
 -79.35165,  38.35756
 -79.37684,  38.36042
 -79.40546,  38.36240
 -79.43406,  38.36543
 -79.46261,  38.37177
 -79.49117,  38.37752
 -79.51986,  38.37530
 -79.54143,  38.38186
 -79.54836,  38.38678
 -79.55930,  38.38201
 -79.57713,  38.37859
 -79.58675,  38.38224
 -79.60547,  38.40193
 -79.60802,  38.40488
 -79.61685,  38.42741
 -79.62337,  38.44993
 -79.63333,  38.46344
 -79.63569,  38.47250
 -79.63963,  38.49499
 -79.64391,  38.51749
 -79.65083,  38.54000
 -79.66096,  38.54759
 -79.68965,  38.55093
 -79.71834,  38.55416
 -79.74710,  38.55153
 -79.77579,  38.55486
 -79.80453,  38.55375
 -79.83323,  38.55616
 -79.86197,  38.55497
 -79.89066,  38.55965
 -79.91621,  38.56422
 -79.91933,  38.56501
 -79.94803,  38.56929
 -79.97677,  38.56854
 -80.00546,  38.57370
 -80.03413,  38.58446
 -80.03567,  38.58727
 -80.03404,  38.59622
 -80.02727,  38.60970
 -80.03390,  38.61638
 -80.03881,  38.63222
 -80.03880,  38.65469
 -80.04535,  38.67718
 -80.04819,  38.69965
 -80.05252,  38.72215
 -80.05885,  38.74464
 -80.06178,  38.74676
 -80.09057,  38.74893
 -80.11935,  38.75274
 -80.14819,  38.74916
 -80.17696,  38.75442
 -80.20576,  38.75698
 -80.23454,  38.76342
 -80.25217,  38.76773
 -80.26332,  38.77532
 -80.28793,  38.79029
 -80.28186,  38.81274
 -80.27125,  38.83519
 -80.28865,  38.85769
 -80.29184,  38.86383
 -80.30467,  38.88020
 -80.31991,  38.90269
 -80.31470,  38.92516
 -80.31615,  38.94763
 -80.31787,  38.97010
 -80.31680,  38.99257
 -80.32030,  38.99464
 -80.33131,  38.99259
 -80.34925,  38.98196
 -80.36558,  38.99265
 -80.37813,  38.99630
 -80.40703,  39.00286
 -80.41709,  39.01517
 -80.42527,  39.03766
 -80.43590,  39.04375
 -80.46482,  39.04785
 -80.49375,  39.05864
 -80.49566,  39.06016
 -80.50857,  39.08264
 -80.50422,  39.10511
 -80.49373,  39.11451
 -80.46476,  39.12202
 -80.43579,  39.12536
 -80.42620,  39.12754
 -80.40679,  39.14355
 -80.40396,  39.14999
 -80.38551,  39.17245
 -80.37892,  39.19491
 -80.40667,  39.21627
 -80.40781,  39.21742
 -80.43565,  39.23202
 -80.44611,  39.23993
 -80.46465,  39.24600
 -80.49329,  39.26242
 -80.49367,  39.26312
 -80.50602,  39.28490
 -80.52270,  39.28963
 -80.55173,  39.29806
 -80.56377,  39.30737
 -80.56976,  39.32984
 -80.57786,  39.35231
 -80.58083,  39.35756
 -80.60991,  39.36749
 -80.63898,  39.36478
 -80.66802,  39.35336
 -80.66919,  39.35223
 -80.67170,  39.32975
 -80.66796,  39.32616
 -80.64082,  39.30731
 -80.64111,  39.28484
 -80.64457,  39.26236
 -80.66780,  39.25087
 -80.69684,  39.25645
 -80.70175,  39.26228
 -80.71101,  39.28474
 -80.72598,  39.29761
 -80.75506,  39.30633
 -80.75626,  39.30713
 -80.76760,  39.32958
 -80.78425,  39.34388
 -80.79746,  39.35199
 -80.81256,  39.37443
 -80.81348,  39.38226
 -80.82056,  39.39688
 -80.83501,  39.41932
 -80.84283,  39.43996
 -80.84363,  39.44176
 -80.84884,  39.46423
 -80.85519,  39.48669
 -80.86445,  39.50914
 -80.86494,  39.53161
 -80.87245,  39.54109
 -80.89500,  39.55400
 -80.90173,  39.56432
 -80.90736,  39.57643
 -80.91109,  39.59889
 -80.90751,  39.62139
 -80.91129,  39.64385
 -80.93145,  39.65751
 -80.94527,  39.66621
 -80.95628,  39.68864
 -80.96087,  39.69198
 -80.99013,  39.69881
 -81.00685,  39.71092
 -81.01134,  39.73337
 -81.01974,  39.75225
 -81.02705,  39.75579
 -81.04581,  39.77818
 -81.04276,  39.80067
 -81.02019,  39.81319
 -80.99088,  39.80746
 -80.96164,  39.81005
 -80.93243,  39.81868
 -80.90317,  39.82083
 -80.89096,  39.82375
 -80.89533,  39.84621
 -80.90334,  39.85021
 -80.92673,  39.86858
 -80.93276,  39.87387
 -80.94616,  39.89100
 -80.96223,  39.90209
 -80.98154,  39.91333
 -80.99172,  39.92787
 -80.99633,  39.93575
 -81.02119,  39.94924
 -81.03790,  39.95805
 -81.04732,  39.98049
 -81.05078,  39.98265
 -81.08023,  39.99620
 -81.10227,  40.00270
 -81.10968,  40.00853
 -81.12476,  40.02507
 -81.13926,  40.03337
 -81.16241,  40.02487
 -81.16851,  40.02215
 -81.17319,  40.02481
 -81.19806,  40.04093
 -81.20408,  40.04711
 -81.22761,  40.05883
 -81.24452,  40.06934
 -81.25632,  40.09175
 -81.25735,  40.09253
 -81.28688,  40.10457
 -81.30053,  40.11394
 -81.30840,  40.13636
 -81.31677,  40.14674
 -81.34384,  40.15859
 -81.34636,  40.16125
 -81.35844,  40.18097
 -81.36329,  40.20342
 -81.37646,  40.21437
 -81.39153,  40.22569
 -81.39270,  40.24816
 -81.37717,  40.26986
 -81.34756,  40.25824
 -81.32851,  40.24863
 -81.31789,  40.24142
 -81.28847,  40.24347
 -81.28567,  40.24892
 -81.28856,  40.25154
 -81.30295,  40.27129
 -81.30740,  40.29374
 -81.31866,  40.30521
 -81.34080,  40.31599
 -81.34840,  40.32629
 -81.35513,  40.33838
 -81.36318,  40.36079
 -81.36657,  40.38325
 -81.36835,  40.40572
 -81.36967,  40.42820
 -81.37794,  40.45062
 -81.37949,  40.45153
 -81.40481,  40.47290
 -81.40917,  40.49535
 -81.40963,  40.49631
 -81.43151,  40.51765
 -81.43967,  40.53068
 -81.44586,  40.54002
 -81.45556,  40.56243
 -81.45753,  40.58490
 -81.46642,  40.60731
 -81.47066,  40.62951
 -81.47075,  40.62976
 -81.48216,  40.65215
 -81.49281,  40.67454
 -81.48971,  40.69705
 -81.47179,  40.70905
 -81.44353,  40.69743
 -81.44195,  40.69567
 -81.41203,  40.67611
 -81.41154,  40.67519
 -81.39378,  40.65285
 -81.39046,  40.63039
 -81.38161,  40.61626
 -81.36880,  40.60806
 -81.35169,  40.59222
 -81.34641,  40.58575
 -81.33780,  40.56332
 -81.33244,  40.54087
 -81.32412,  40.51845
 -81.32117,  40.51637
 -81.29279,  40.49619
 -81.29132,  40.49223
 -81.27461,  40.47382
 -81.26145,  40.46419
 -81.24792,  40.47399
 -81.24017,  40.49652
 -81.23236,  40.50762
 -81.22999,  40.51907
 -81.23118,  40.54155
 -81.23274,  40.54371
 -81.26247,  40.55682
 -81.27427,  40.56376
 -81.29240,  40.58520
 -81.29303,  40.58612
 -81.29263,  40.60548
 -81.29261,  40.60860
 -81.29267,  40.60896
 -81.29826,  40.63105
 -81.29652,  40.65354
 -81.29662,  40.67602
 -81.30698,  40.69844
 -81.31420,  40.72087
 -81.31750,  40.74333
 -81.32404,  40.75488
 -81.34595,  40.76562
 -81.35411,  40.78573
 -81.35516,  40.78803
 -81.36417,  40.81045
 -81.35995,  40.83296
 -81.38293,  40.85528
 -81.38473,  40.85655
 -81.40578,  40.87759
 -81.41306,  40.90002
 -81.41508,  40.90297
 -81.44000,  40.92229
 -81.44530,  40.93723
 -81.44817,  40.94471
 -81.44724,  40.96720
 -81.44696,  40.98969
 -81.44611,  40.99472
 -81.44279,  41.01221
 -81.43855,  41.03472
 -81.41714,  41.05576
 -81.39250,  41.05756
 -81.39033,  41.08006
 -81.38773,  41.08692
 -81.38461,  41.10259
 -81.37966,  41.12511
 -81.38844,  41.14034
 -81.39512,  41.14747
 -81.41800,  41.16978
 -81.41763,  41.19227
 -81.41903,  41.19494
 -81.44811,  41.21451
 -81.44942,  41.23109
 -81.44999,  41.23698
 -81.45697,  41.25941
 -81.47993,  41.27376
 -81.48658,  41.28165
 -81.49956,  41.30403
 -81.50971,  41.32642
 -81.51089,  41.34373
 -81.51193,  41.34888
 -81.51103,  41.35282
 -81.50404,  41.37144
 -81.49968,  41.39395
 -81.51170,  41.39688
 -81.53626,  41.41612
 -81.54205,  41.42198
 -81.55150,  41.43848
 -81.57264,  41.45947
 -81.57514,  41.46075
 -81.58833,  41.48311
 -81.60031,  41.50548
 -81.60300,  41.52794
 -81.60167,  41.55043
 -81.57436,  41.56683
 -81.54435,  41.56935
 -81.52097,  41.57364
 -81.51451,  41.58324
 -81.51277,  41.59619
 -81.50000,  41.61877
 -81.50027,  41.64125
 -81.51571,  41.66270
 -81.51740,  41.66359
 -81.51872,  41.68605
 -81.52178,  41.70852
 -81.51644,  41.71053
 -81.50469,  41.73114
 -81.50549,  41.75362
 -81.50803,  41.77607
 -81.51772,  41.79509
 -81.54787,  41.79501
 -81.55540,  41.79815
 -81.55843,  41.82060
 -81.56029,  41.84306
 -81.56224,  41.86553
 -81.56095,  41.88802
 -81.57164,  41.91040
 -81.57999,  41.91580
 -81.59538,  41.93267
 -81.58923,  41.95521
 -81.58079,  41.96528
 -81.57144,  41.97784
 -81.56751,  42.00036
 -81.56106,  42.02290
 -81.56561,  42.04534
 -81.57125,  42.06777
 -81.57278,  42.09023
 -81.58086,  42.11264
 -81.58326,  42.11706
 -81.59685,  42.13497
 -81.61299,  42.15730
 -81.61107,  42.17980
 -81.61480,  42.19065
 -81.63891,  42.20201
 -81.64542,  42.20659
 -81.66314,  42.22426
 -81.66889,  42.24669
 -81.67683,  42.26641
 -81.70687,  42.24835
 -81.73222,  42.26853
 -81.73775,  42.27623
 -81.74053,  42.29092
 -81.73810,  42.29438
 -81.70792,  42.30627
 -81.69587,  42.31385
 -81.68999,  42.33638
 -81.67847,  42.35888
 -81.64777,  42.34237
 -81.62824,  42.33698
 -81.61725,  42.33574
 -81.59343,  42.31482
 -81.58633,  42.29240
 -81.58613,  42.29210
 -81.55558,  42.28213
 -81.52740,  42.27044
 -81.52500,  42.26942
 -81.52458,  42.27047
 -81.52052,  42.29298
 -81.51408,  42.31552
 -81.50875,  42.33803
 -81.52637,  42.35736
 -81.53324,  42.36031
 -81.55035,  42.38263
 -81.55740,  42.39626
 -81.57118,  42.40492
 -81.58813,  42.41401
 -81.60077,  42.42714
 -81.59975,  42.44962
 -81.58894,  42.46283
 -81.57355,  42.47233
 -81.56201,  42.49491
 -81.58122,  42.51721
 -81.59017,  42.53781
 -81.59081,  42.53960
 -81.59022,  42.54073
 -81.57372,  42.56222
 -81.56026,  42.57471
 -81.55403,  42.58487
 -81.53246,  42.60752
 -81.53027,  42.60845
 -81.52666,  42.60757
 -81.49956,  42.59642
 -81.47858,  42.60797
 -81.46928,  42.61337
 -81.46292,  42.63057
 -81.46975,  42.64547
 -81.47820,  42.65292
 -81.49315,  42.67527
 -81.49831,  42.69770
 -81.50066,  42.72016
 -81.49909,  42.74263
 -81.49783,  42.76512
 -81.48030,  42.78773
 -81.47816,  42.81022
 -81.47226,  42.81569
 -81.46001,  42.83284
 -81.46346,  42.85527
 -81.47046,  42.87769
 -81.47067,  42.90016
 -81.47019,  42.92263
 -81.46791,  42.94512
 -81.44607,  42.96775
 -81.44384,  42.97032
 -81.41335,  42.98601
 -81.38268,  42.98839
 -81.35196,  42.98817
 -81.32124,  42.98788
 -81.30917,  42.99120
 -81.29078,  43.00941
 -81.28604,  43.01382
 -81.26028,  43.02848
 -81.25287,  43.03649
 -81.25343,  43.05896
 -81.24548,  43.08147
 -81.23324,  43.10401
 -81.23041,  43.10679
 -81.21163,  43.12660
 -81.19990,  43.13127
 -81.17081,  43.14930
 -81.16930,  43.14973
 -81.16575,  43.14932
 -81.13843,  43.14134
 -81.10766,  43.14269
 -81.08819,  43.14971
 -81.07694,  43.15133
 -81.06600,  43.14981
 -81.04610,  43.14497
 -81.02049,  43.15001
 -81.01535,  43.15054
 -81.01148,  43.15005
 -80.98448,  43.14009
 -80.95364,  43.13234
 -80.93470,  43.12787
 -80.93952,  43.10538
 -80.93835,  43.08293
 -80.92243,  43.06287
 -80.89551,  43.08307
 -80.89185,  43.09367
 -80.88496,  43.08310
 -80.88803,  43.06062
 -80.87998,  43.03818
 -80.86070,  43.02029
 -80.85979,  43.01578
 -80.84769,  42.99334
 -80.82978,  42.97895
 -80.79907,  42.97869
 -80.77736,  42.97105
 -80.76833,  42.96932
 -80.73967,  42.97112
 -80.73763,  42.97146
 -80.73218,  42.97113
 -80.70692,  42.97020
 -80.67621,  42.96717
 -80.64550,  42.96331
 -80.61478,  42.95203
 -80.60052,  42.94883
 -80.58407,  42.93642
 -80.56268,  42.92637
 -80.55688,  42.90391
 -80.55685,  42.88144
 -80.56792,  42.85897
 -80.58398,  42.83903
 -80.58788,  42.83649
 -80.58395,  42.81660
 -80.58356,  42.81403
 -80.57910,  42.79156
 -80.58393,  42.78813
 -80.61453,  42.77981
 -80.62029,  42.76907
 -80.64063,  42.74657
 -80.63012,  42.72412
 -80.61443,  42.70649
 -80.58386,  42.72107
 -80.57434,  42.72416
 -80.55329,  42.74398
 -80.55145,  42.74663
 -80.52270,  42.76528
 -80.50233,  42.74663
 -80.50002,  42.72417
 -80.49986,  42.70169
 -80.50028,  42.67922
 -80.49974,  42.65676
 -80.50047,  42.63428
 -80.49973,  42.61180
 -80.50043,  42.58934
 -80.49218,  42.57314
 -80.48714,  42.56686
 -80.47012,  42.54438
 -80.46358,  42.52191
 -80.46172,  42.51589
 -80.45581,  42.49943
 -80.45741,  42.47696
 -80.46176,  42.47285
 -80.47169,  42.45449
 -80.47331,  42.43202
 -80.46181,  42.41629
 -80.43137,  42.41607
 -80.41653,  42.43198
 -80.41476,  42.45446
 -80.40812,  42.47692
 -80.40079,  42.49000
 -80.39552,  42.49939
 -80.37026,  42.51246
 -80.35015,  42.49932
 -80.34064,  42.47684
 -80.33988,  42.47540
 -80.32690,  42.45434
 -80.32604,  42.43187
 -80.32253,  42.40939
 -80.32095,  42.38691
 -80.32100,  42.36444
 -80.31700,  42.34196
 -80.31796,  42.31948
 -80.31825,  42.29700
 -80.31945,  42.27453
 -80.31013,  42.25699
 -80.30864,  42.25204
 -80.30509,  42.22956
 -80.31024,  42.22193
 -80.32028,  42.20711
 -80.32243,  42.18464
 -80.32128,  42.16216
 -80.32617,  42.13969
 -80.31637,  42.11720
 -80.31064,  42.10110
 -80.28817,  42.09467
 -80.28039,  42.08974
 -80.26756,  42.07215
 -80.25845,  42.04965
 -80.25546,  42.02716
 -80.25954,  42.00470
 -80.28075,  41.99097
 -80.28259,  41.98227
 -80.28081,  41.97685
 -80.25058,  41.97360
 -80.24234,  41.98217
 -80.22021,  42.00159
 -80.20589,  41.98208
 -80.19571,  41.95958
 -80.19466,  41.93710
 -80.19099,  41.91461
 -80.19541,  41.89215
 -80.19079,  41.86966
 -80.19064,  41.86935
 -80.16058,  41.84813
 -80.15943,  41.84708
 -80.15327,  41.82458
 -80.14927,  41.80209
 -80.14790,  41.77961
 -80.16106,  41.75977
 -80.17285,  41.75721
 -80.19125,  41.75135
 -80.22144,  41.73721
 -80.22180,  41.73486
 -80.22429,  41.71239
 -80.22295,  41.68990
 -80.22435,  41.66743
 -80.22248,  41.64494
 -80.22396,  41.62247
 -80.23067,  41.60001
 -80.23321,  41.57753
 -80.23495,  41.55505
 -80.23366,  41.53257
 -80.22820,  41.51007
 -80.22256,  41.49256
 -80.21765,  41.48757
 -80.19302,  41.46502
 -80.19270,  41.46400
 -80.18754,  41.44252
 -80.17394,  41.42000
 -80.16933,  41.39750
 -80.16544,  41.37501
 -80.16320,  41.37153
 -80.14102,  41.35245
 -80.13799,  41.32996
 -80.13355,  41.31956
 -80.12038,  41.30743
 -80.12550,  41.28496
 -80.10717,  41.26241
 -80.10402,  41.25583
 -80.09716,  41.23989
 -80.09656,  41.21741
 -80.09610,  41.19492
 -80.10455,  41.17272
 -80.10495,  41.17247
 -80.13445,  41.16619
 -80.14204,  41.17260
 -80.15120,  41.19511
 -80.16412,  41.20413
 -80.18095,  41.19521
 -80.18959,  41.17275
 -80.18743,  41.15026
 -80.17840,  41.12775
 -80.16458,  41.11889
 -80.14294,  41.10516
 -80.13945,  41.08266
 -80.13502,  41.07080
 -80.12148,  41.06012
 -80.10625,  41.03758
 -80.10541,  41.03736
 -80.07974,  41.01501
 -80.08079,  40.99253
 -80.07603,  40.97267
 -80.07294,  40.97001
 -80.07408,  40.94754
 -80.05711,  40.92499
 -80.04664,  40.92031
 -80.03447,  40.90241
 -80.03156,  40.87992
 -80.03788,  40.85746
 -80.04227,  40.83500
 -80.03114,  40.81246
 -80.02673,  40.78997
 -80.02557,  40.76748
 -80.02347,  40.74498
 -80.02517,  40.72251
 -80.01854,  40.70311
 -80.01630,  40.69999
 -80.00397,  40.67745
 -79.98922,  40.66048
 -79.98591,  40.65488
 -79.98898,  40.63242
 -79.98450,  40.60991
 -79.98970,  40.60107
 -79.99657,  40.58749
 -79.99403,  40.56499
 -79.99410,  40.54251
 -79.99539,  40.52003
 -80.01215,  40.49763
 -79.99069,  40.47683
 -79.98946,  40.47504
 -79.97240,  40.45248
 -79.97030,  40.42999
 -79.97704,  40.40754
 -79.99136,  40.39318
 -80.00198,  40.38517
 -80.00201,  40.36269
 -79.99161,  40.36214
 -79.96214,  40.35775
 -79.94704,  40.33995
 -79.94371,  40.31744
 -79.94370,  40.29496
 -79.93909,  40.27245
 -79.93357,  40.25138
 -79.90404,  40.26036
 -79.87449,  40.26919
 -79.84509,  40.26226
 -79.83613,  40.24940
 -79.82349,  40.22685
 -79.81607,  40.22077
 -79.78980,  40.20416
 -79.78688,  40.19753
 -79.76962,  40.18155
 -79.75767,  40.17837
 -79.73016,  40.15879
 -79.73277,  40.13634
 -79.72890,  40.12304
 -79.71812,  40.11375
 -79.72914,  40.10275
 -79.73240,  40.09137
 -79.72933,  40.08664
 -79.70207,  40.06868
 -79.70020,  40.06560
 -79.68574,  40.04608
 -79.67833,  40.02354
 -79.67191,  40.00101
 -79.67168,  39.99843
 -79.65372,  39.97839
 -79.64270,  39.97059
 -79.62747,  39.95571
 -79.62016,  39.93317
 -79.61394,  39.92852
 -79.61002,  39.93309
 -79.60838,  39.95555
 -79.58401,  39.97208
 -79.55468,  39.97202
 -79.53462,  39.95494
 -79.53246,  39.93244
 -79.52600,  39.92734
 -79.49666,  39.92915
 -79.47682,  39.90947
 -79.46879,  39.88692
 -79.46805,  39.88442
 -79.43899,  39.86949
 -79.40965,  39.87277
 -79.40311,  39.88629
 -79.40260,  39.90877
 -79.39080,  39.93113
 -79.37905,  39.94926
 -79.35004,  39.93162
 -79.34946,  39.93071
 -79.34221,  39.90816
 -79.33722,  39.88562
 -79.34258,  39.86320
 -79.34927,  39.84079
 -79.35176,  39.83249
 -79.35741,  39.81839
 -79.35644,  39.79590
 -79.35390,  39.77339
 -79.35286,  39.76945
 -79.34940,  39.75087
 -79.34238,  39.72831
 -79.32446,  39.72165
 -79.29538,  39.71372
 -79.28882,  39.70527
 -79.27866,  39.68267
 -79.26691,  39.67313
 -79.24090,  39.65977
 -79.23975,  39.63728
 -79.23846,  39.63339
 -79.21912,  39.61457
 -79.20985,  39.60339
 -79.20004,  39.59187
 -79.20485,  39.56944
 -79.21064,  39.56307
 -79.22027,  39.54714
 -79.22134,  39.52467
 -79.21294,  39.50210
 -79.21185,  39.50072
 -79.19473,  39.47941
 -79.18336,  39.46784
 -79.17384,  39.45668
 -79.18125,  39.43429
 -79.16510,  39.41162
 -79.17521,  39.38927
 -79.15628,  39.36747
 -79.15453,  39.36654
 -79.13662,  39.34384
 -79.13702,  39.32137
 -79.15757,  39.30341
 -79.17493,  39.29935
 -79.18692,  39.28811
 -79.19226,  39.27708
 -79.18727,  39.27008
 -79.17727,  39.25443
 -79.17522,  39.23193
 -79.16814,  39.20937
 -79.17207,  39.18694
 -79.16763,  39.16441
 -79.18613,  39.14215
 -79.16106,  39.12923
 -79.15553,  39.14178
 -79.14265,  39.16411
 -79.13128,  39.16922
 -79.10213,  39.17694
 -79.09364,  39.18597
 -79.08738,  39.20837
 -79.07207,  39.22675
 -79.06047,  39.20802
 -79.05352,  39.18546
 -79.06404,  39.16312
 -79.07353,  39.15822
 -79.08476,  39.14091
 -79.08534,  39.11844
 -79.10203,  39.09618
 -79.10386,  39.09393
 -79.11634,  39.07388
 -79.12010,  39.05145
 -79.12970,  39.02910
 -79.11928,  39.00649
 -79.13503,  38.98534
 -79.13535,  38.98422
 -79.13508,  38.98318
 -79.11772,  38.96153
 -79.12907,  38.93920
 -79.10736,  38.92580
 -79.08718,  38.93867
 -79.07799,  38.94865
 -79.07004,  38.96092
 -79.04841,  38.97999
 -79.01958,  38.97620
 -78.99081,  38.97051
 -78.98214,  38.95975
 -78.97943,  38.93725
 -78.96317,  38.91484
 -78.93429,  38.91499
 -78.90540,  38.91540
 -78.87654,  38.91388
 -78.86486,  38.91314
 -78.84772,  38.91175
 -78.81901,  38.90474
 -78.80431,  38.88976
 -78.79920,  38.86721
 -78.79626,  38.84469
 -78.80037,  38.82228
 -78.82139,  38.80939
 -78.83899,  38.80040
 -78.85086,  38.78348
 -78.85963,  38.77823
 -78.85947,  38.75575
 -78.85383,  38.73320
 -78.87396,  38.71103
 -78.88156,  38.70536
 -78.91031,  38.70737
 -78.93932,  38.69812
 -78.95339,  38.68969
 -78.96870,  38.67227
 -78.97131,  38.66747
 -78.98311,  38.64517
 -78.98297,  38.62270
 -78.97032,  38.60094
 -78.96913,  38.60003
 -78.94282,  38.57720
 -78.94212,  38.57700
 -78.91357,  38.56908
 -78.88476,  38.57636
 -78.88465,  38.57645
 -78.85586,  38.57857
 -78.85156,  38.57587
 -78.82737,  38.56855
 -78.79857,  38.57095
 -78.76994,  38.56670
 -78.74121,  38.56636
 -78.71255,  38.56340
 -78.68391,  38.56000
 -78.66697,  38.55050
 -78.65562,  38.54346
 -78.63931,  38.52757
 -78.62778,  38.51147
 -78.62292,  38.50482
 -78.62291,  38.48235
 -78.61294,  38.45971
 -78.61314,  38.43725
 -78.60581,  38.41465
 -78.60210,  38.40309
 -78.59771,  38.39205
 -78.58547,  38.36937
 -78.57471,  38.35780
 -78.56122,  38.34648
 -78.54688,  38.32924
 -78.53976,  38.32363
 -78.51892,  38.30592
 -78.51017,  38.30064
 -78.49364,  38.27787
 -78.49127,  38.27274
 -78.48824,  38.25530
 -78.48107,  38.23271
 -78.49124,  38.21043
 -78.49346,  38.19853
 -78.49831,  38.18809
 -78.52250,  38.18301
 -78.55116,  38.17995
 -78.57995,  38.17254
 -78.59326,  38.16731
 -78.60874,  38.16484
 -78.63765,  38.15249
 -78.64445,  38.14572
 -78.65095,  38.12337
 -78.65854,  38.10103
 -78.65990,  38.07860
 -78.66879,  38.05706
 -78.66995,  38.05630
 -78.66885,  38.05457
 -78.66524,  38.03376
 -78.66975,  38.02081
 -78.68061,  38.01156
 -78.67030,  38.00069
 -78.66702,  37.98887
 -78.67095,  37.97622
 -78.68575,  37.96672
 -78.69563,  37.94443
 -78.69806,  37.92201
 -78.67300,  37.89958
 -78.67278,  37.89913
 -78.67208,  37.87666
 -78.66697,  37.85412
 -78.66684,  37.83166
 -78.66987,  37.80925
 -78.67599,  37.78783
 -78.67662,  37.78691
 -78.70499,  37.76569
 -78.70647,  37.76495
 -78.73373,  37.75268
 -78.75385,  37.74326
 -78.76264,  37.73267
 -78.77041,  37.72107
 -78.78056,  37.69878
 -78.78506,  37.67639
 -78.78809,  37.65399
 -78.79332,  37.64089
 -78.79575,  37.63165
 -78.80226,  37.60930
 -78.81009,  37.58698
 -78.82310,  37.58291
 -78.85178,  37.56821
 -78.85690,  37.56524
 -78.88049,  37.55153
 -78.90892,  37.54675
 -78.93723,  37.54730
 -78.96537,  37.55480
 -78.98964,  37.56716
END
 -15.00000, -79.42315,  38.94246
 -79.42482,  38.94351
 -79.42621,  38.94249
 -79.42490,  38.93882
 -79.42315,  38.94246
END
 -15.00000, -79.21833,  38.94027
 -79.22254,  38.94501
 -79.22577,  38.94035
 -79.22277,  38.93293
 -79.21833,  38.94027
END
 -15.00000, -80.60303,  38.97026
 -80.60942,  38.98874
 -80.61413,  38.99272
 -80.63835,  38.99843
 -80.66050,  39.01514
 -80.66125,  39.03761
 -80.66738,  39.05290
 -80.68017,  39.06006
 -80.69212,  39.08251
 -80.67909,  39.10500
 -80.66750,  39.11010
 -80.63981,  39.10505
 -80.63853,  39.10470
 -80.60957,  39.09776
 -80.59636,  39.08262
 -80.58059,  39.07441
 -80.55164,  39.06272
 -80.54845,  39.06016
 -80.53735,  39.03770
 -80.52713,  39.01523
 -80.52270,  39.01137
 -80.49869,  38.99275
 -80.50201,  38.97028
 -80.52270,  38.95876
 -80.55159,  38.95051
 -80.58048,  38.95434
 -80.60303,  38.97026
END
 -15.00000, -80.17535,  38.99222
 -80.17575,  38.99271
 -80.17619,  38.99222
 -80.17576,  38.99129
 -80.17535,  38.99222
END
 -15.00000, -80.02916,  38.99167
 -80.03120,  38.99241
 -80.03472,  38.99170
 -80.03121,  38.99013
 -80.02916,  38.99167
END
 -15.00000, -78.87704,  38.98074
 -78.89337,  39.00346
 -78.90283,  39.02304
 -78.90372,  39.02608
 -78.91582,  39.04873
 -78.91946,  39.07125
 -78.92354,  39.09379
 -78.92989,  39.10326
 -78.95113,  39.11665
 -78.95587,  39.13919
 -78.95787,  39.14593
 -78.96725,  39.16183
 -78.95881,  39.18419
 -78.97832,  39.20693
 -78.98521,  39.21836
 -78.99502,  39.22964
 -78.98843,  39.25203
 -78.98438,  39.25505
 -78.96674,  39.27420
 -78.95461,  39.28732
 -78.94856,  39.29643
 -78.92495,  39.31332
 -78.89682,  39.29570
 -78.89633,  39.29505
 -78.88309,  39.27302
 -78.87890,  39.25048
 -78.87730,  39.22799
 -78.87524,  39.20547
 -78.87392,  39.18298
 -78.87009,  39.18032
 -78.85767,  39.18274
 -78.84063,  39.19893
 -78.81184,  39.19022
 -78.80905,  39.18201
 -78.81219,  39.17645
 -78.81745,  39.15967
 -78.81822,  39.13720
 -78.81958,  39.11474
 -78.82355,  39.09233
 -78.82599,  39.06989
 -78.82996,  39.04747
 -78.83948,  39.02514
 -78.84531,  39.00971
 -78.85121,  39.00284
 -78.87241,  38.98067
 -78.87498,  38.97882
 -78.87704,  38.98074
END
 -15.00000, -80.11636,  39.03697
 -80.11766,  39.03800
 -80.12106,  39.03698
 -80.11768,  39.03449
 -80.11636,  39.03697
END
 -15.00000, -79.21782,  39.03015
 -79.22031,  39.05265
 -79.21511,  39.07507
 -79.21044,  39.09748
 -79.21926,  39.11648
 -79.22566,  39.09766
 -79.22734,  39.07521
 -79.22083,  39.05266
 -79.22584,  39.03024
 -79.22098,  39.02658
 -79.21782,  39.03015
END
 -15.00000, -79.36106,  39.23399
 -79.36207,  39.23505
 -79.36269,  39.23400
 -79.36210,  39.23307
 -79.36106,  39.23399
END
 -15.00000, -80.71980,  39.37463
 -80.71568,  39.39711
 -80.72630,  39.40141
 -80.72955,  39.39708
 -80.72839,  39.37461
 -80.72621,  39.37322
 -80.71980,  39.37463
END
 -15.00000, -79.41528,  39.39186
 -79.41745,  39.39798
 -79.44648,  39.40147
 -79.46764,  39.39236
 -79.44668,  39.38887
 -79.41767,  39.38451
 -79.41528,  39.39186
END
 -15.00000, -79.41521,  39.43681
 -79.41671,  39.44316
 -79.42306,  39.43689
 -79.41693,  39.42969
 -79.41521,  39.43681
END
 -15.00000, -80.66537,  39.53204
 -80.66842,  39.53743
 -80.69209,  39.53200
 -80.66838,  39.51983
 -80.66537,  39.53204
END
 -15.00000, -80.71942,  39.57691
 -80.72688,  39.59435
 -80.73865,  39.57688
 -80.72678,  39.56286
 -80.71942,  39.57691
END
 -15.00000, -80.78246,  39.62174
 -80.78536,  39.63068
 -80.78945,  39.62172
 -80.78532,  39.61929
 -80.78246,  39.62174
END
 -15.00000, -79.34941,  39.63846
 -79.35502,  39.64474
 -79.36375,  39.63861
 -79.35514,  39.63767
 -79.34941,  39.63846
END
 -15.00000, -79.36060,  39.68354
 -79.37846,  39.70620
 -79.38313,  39.70861
 -79.38765,  39.70629
 -79.39611,  39.68390
 -79.38374,  39.67325
 -79.36060,  39.68354
END
 -15.00000, -80.75496,  39.77914
 -80.75671,  39.78276
 -80.77443,  39.80158
 -80.78611,  39.82192
 -80.81529,  39.80350
 -80.84454,  39.80221
 -80.87389,  39.81831
 -80.88512,  39.80128
 -80.88198,  39.77882
 -80.87365,  39.77224
 -80.84442,  39.77572
 -80.81515,  39.77058
 -80.78590,  39.76846
 -80.75668,  39.77539
 -80.75496,  39.77914
END
 -15.00000, -79.59008,  40.11278
 -79.60155,  40.13536
 -79.59589,  40.15779
 -79.58124,  40.16972
 -79.55193,  40.16162
 -79.54926,  40.15740
 -79.54079,  40.13485
 -79.55261,  40.11494
 -79.56020,  40.11253
 -79.58211,  40.10803
 -79.59008,  40.11278
END
 -15.00000, -81.07378,  40.13773
 -81.08153,  40.15161
 -81.10793,  40.16004
 -81.11104,  40.16322
 -81.11298,  40.16002
 -81.14022,  40.13771
 -81.14042,  40.13739
 -81.14021,  40.13720
 -81.11073,  40.12719
 -81.08130,  40.12477
 -81.07378,  40.13773
END
 -15.00000, -79.69767,  40.18105
 -79.69875,  40.18342
 -79.71877,  40.20368
 -79.72792,  40.20572
 -79.75318,  40.22640
 -79.75300,  40.24888
 -79.72719,  40.26699
 -79.69781,  40.25992
 -79.68941,  40.24844
 -79.68372,  40.22591
 -79.66895,  40.21347
 -79.65192,  40.20319
 -79.64761,  40.18068
 -79.66962,  40.16067
 -79.69767,  40.18105
END
 -15.00000, -81.11059,  40.22747
 -81.11162,  40.22921
 -81.11665,  40.22744
 -81.11157,  40.22400
 -81.11059,  40.22747
END
 -15.00000, -81.17053,  40.29459
 -81.17115,  40.29505
 -81.17263,  40.29458
 -81.17098,  40.27799
 -81.17053,  40.29459
END
 -15.00000, -80.04115,  40.29541
 -80.02148,  40.31266
 -80.01401,  40.31778
 -80.00149,  40.34021
 -80.02111,  40.36232
 -80.02238,  40.36278
 -80.04482,  40.38536
 -80.05045,  40.38672
 -80.07995,  40.38888
 -80.08325,  40.38551
 -80.08332,  40.36303
 -80.10973,  40.34439
 -80.11227,  40.34066
 -80.10987,  40.32316
 -80.10680,  40.31815
 -80.08901,  40.29560
 -80.08064,  40.28374
 -80.05115,  40.28668
 -80.04115,  40.29541
END
 -15.00000, -81.22964,  40.33921
 -81.23058,  40.34077
 -81.23158,  40.33920
 -81.23055,  40.33760
 -81.22964,  40.33921
END
 -15.00000, -81.50205,  40.38218
 -81.52644,  40.39975
 -81.53185,  40.40440
 -81.55151,  40.42672
 -81.55670,  40.44709
 -81.55836,  40.44913
 -81.58647,  40.46148
 -81.59824,  40.47126
 -81.60346,  40.49369
 -81.61290,  40.51608
 -81.61606,  40.53854
 -81.61731,  40.53973
 -81.63380,  40.56085
 -81.64415,  40.58324
 -81.64465,  40.60571
 -81.61873,  40.62583
 -81.60648,  40.60608
 -81.59956,  40.58366
 -81.58807,  40.56135
 -81.58796,  40.56128
 -81.55824,  40.54605
 -81.55291,  40.53912
 -81.54378,  40.51671
 -81.53452,  40.49432
 -81.52760,  40.47671
 -81.52124,  40.47195
 -81.49779,  40.45940
 -81.49228,  40.44971
 -81.48685,  40.42728
 -81.46751,  40.40800
 -81.46224,  40.40499
 -81.45148,  40.38260
 -81.46691,  40.36584
 -81.49660,  40.37808
 -81.50205,  40.38218
END
 -15.00000, -80.07498,  40.67775
 -80.07797,  40.68466
 -80.10761,  40.68641
 -80.11233,  40.67789
 -80.10772,  40.66888
 -80.07803,  40.67686
 -80.07498,  40.67775
END
 -15.00000, -79.87823,  40.87917
 -79.86836,  40.89523
 -79.86179,  40.87907
 -79.86861,  40.86953
 -79.87823,  40.87917
END
 -15.00000, -79.94736,  40.92450
 -79.94753,  40.94698
 -79.92725,  40.96222
 -79.89863,  40.94673
 -79.89767,  40.94123
 -79.89408,  40.92422
 -79.89793,  40.91381
 -79.92772,  40.90961
 -79.94736,  40.92450
END
 -15.00000, -81.32539,  40.99059
 -81.32699,  40.99771
 -81.33045,  40.99056
 -81.32684,  40.98508
 -81.32539,  40.99059
END
 -15.00000, -80.16275,  40.99281
 -80.16522,  40.99935
 -80.18032,  40.99286
 -80.16532,  40.98159
 -80.16275,  40.99281
END
 -15.00000, -80.21812,  41.03793
 -80.22461,  41.04146
 -80.22759,  41.03796
 -80.22465,  41.03320
 -80.21812,  41.03793
END
 -15.00000, -81.54011,  41.23623
 -81.53921,  41.23768
 -81.50945,  41.24730
 -81.50368,  41.23655
 -81.50907,  41.22181
 -81.53915,  41.23407
 -81.54011,  41.23623
END
 -15.00000, -81.42275,  41.48450
 -81.42271,  41.50698
 -81.41984,  41.52949
 -81.42368,  41.53506
 -81.43573,  41.52937
 -81.42965,  41.50693
 -81.42538,  41.48448
 -81.42297,  41.48392
 -81.42275,  41.48450
END
 -15.00000, -80.13820,  41.48734
 -80.13243,  41.50889
 -80.11428,  41.48725
 -80.13261,  41.47928
 -80.13820,  41.48734
END
 -15.00000, -81.50646,  41.52879
 -81.50626,  41.55128
 -81.51434,  41.57181
 -81.52623,  41.55111
 -81.52164,  41.52866
 -81.51361,  41.52400
 -81.50646,  41.52879
END
 -15.00000, -80.13789,  41.53229
 -80.14111,  41.55479
 -80.15174,  41.57730
 -80.14826,  41.59977
 -80.13181,  41.61267
 -80.10442,  41.59962
 -80.10186,  41.59429
 -80.09809,  41.57712
 -80.10207,  41.56277
 -80.11037,  41.55468
 -80.11511,  41.53222
 -80.13242,  41.51073
 -80.13789,  41.53229
END
 -15.00000, -81.63968,  41.61753
 -81.64891,  41.63992
 -81.66607,  41.65628
 -81.68091,  41.66209
 -81.69657,  41.67924
 -81.69933,  41.68439
 -81.69849,  41.70688
 -81.69717,  41.71252
 -81.68994,  41.72945
 -81.66851,  41.75214
 -81.66775,  41.75243
 -81.66730,  41.75215
 -81.65474,  41.72979
 -81.64311,  41.70742
 -81.64061,  41.68496
 -81.63626,  41.67298
 -81.61938,  41.66268
 -81.60589,  41.65626
 -81.59724,  41.64040
 -81.60527,  41.61905
 -81.60953,  41.61781
 -81.63524,  41.61266
 -81.63968,  41.61753
END
 -15.00000, -81.74001,  41.81886
 -81.74513,  41.84129
 -81.73001,  41.86034
 -81.69973,  41.85492
 -81.69730,  41.84178
 -81.69939,  41.83607
 -81.71041,  41.81916
 -81.72906,  41.80892
 -81.74001,  41.81886
END
 -15.00000, -81.63885,  41.81987
 -81.64806,  41.84226
 -81.63939,  41.85630
 -81.60916,  41.85362
 -81.59909,  41.84272
 -81.60200,  41.82021
 -81.60851,  41.81469
 -81.63876,  41.81979
 -81.63885,  41.81987
END
 -15.00000, -81.68482,  41.88687
 -81.67028,  41.89674
 -81.66148,  41.88709
 -81.66985,  41.87198
 -81.68482,  41.88687
END
 -15.00000, -80.19254,  42.11691
 -80.20235,  42.13942
 -80.18916,  42.16047
 -80.16434,  42.16179
 -80.15883,  42.16228
 -80.15837,  42.16177
 -80.14374,  42.13924
 -80.15018,  42.11679
 -80.15911,  42.11072
 -80.18939,  42.11441
 -80.19254,  42.11691
END
 -15.00000, -81.52199,  42.18058
 -81.52372,  42.18642
 -81.52528,  42.18056
 -81.52360,  42.17828
 -81.52199,  42.18058
END
 -15.00000, -80.35752,  42.22964
 -80.36445,  42.25213
 -80.37087,  42.25355
 -80.37134,  42.25214
 -80.37280,  42.22966
 -80.37093,  42.22641
 -80.35752,  42.22964
END
 -15.00000, -81.74010,  42.38084
 -81.74809,  42.40322
 -81.77082,  42.41582
 -81.78335,  42.42533
 -81.78589,  42.44778
 -81.77167,  42.45954
 -81.74110,  42.45454
 -81.71121,  42.44855
 -81.71053,  42.44822
 -81.70305,  42.42616
 -81.70063,  42.40371
 -81.69793,  42.38126
 -81.70908,  42.36938
 -81.73971,  42.38030
 -81.74010,  42.38084
END
 -15.00000, -81.46448,  42.58561
 -81.46916,  42.60531
 -81.49226,  42.58539
 -81.46871,  42.57471
 -81.46448,  42.58561
END
 -14.00000, -79.58584,  38.76416
 -79.60056,  38.76756
 -79.62931,  38.77249
 -79.65812,  38.77330
 -79.68694,  38.77342
 -79.71577,  38.77231
 -79.74456,  38.77502
 -79.77326,  38.78596
 -79.78239,  38.78810
 -79.80200,  38.79374
 -79.82837,  38.81086
 -79.83065,  38.81173
 -79.85513,  38.83348
 -79.85912,  38.84869
 -79.86378,  38.85601
 -79.85899,  38.86189
 -79.85384,  38.87842
 -79.84469,  38.90083
 -79.82971,  38.90429
 -79.81015,  38.92309
 -79.81240,  38.94558
 -79.82626,  38.96814
 -79.82899,  38.97484
 -79.85791,  38.97379
 -79.88677,  38.97773
 -79.89631,  38.96855
 -79.91578,  38.96627
 -79.91935,  38.96867
 -79.94449,  38.98894
 -79.94612,  38.99128
 -79.97321,  39.01158
 -79.98082,  39.01393
 -80.00205,  39.02323
 -80.03090,  39.03410
 -80.05988,  39.02613
 -80.08878,  39.02994
 -80.09234,  39.03688
 -80.11755,  39.05696
 -80.13389,  39.05950
 -80.14645,  39.06347
 -80.17532,  39.07923
 -80.17818,  39.08212
 -80.18820,  39.10462
 -80.20405,  39.12413
 -80.20879,  39.12715
 -80.23297,  39.13441
 -80.24165,  39.12724
 -80.26202,  39.11712
 -80.29096,  39.12207
 -80.29866,  39.12737
 -80.31071,  39.14986
 -80.31481,  39.17234
 -80.31941,  39.19482
 -80.31971,  39.19501
 -80.34866,  39.21191
 -80.35210,  39.21735
 -80.36308,  39.23984
 -80.37758,  39.25380
 -80.40242,  39.26236
 -80.40658,  39.26664
 -80.43385,  39.28486
 -80.43559,  39.28601
 -80.46461,  39.30399
 -80.47627,  39.30737
 -80.49364,  39.31342
 -80.51886,  39.32985
 -80.52270,  39.34290
 -80.52523,  39.35232
 -80.52814,  39.37479
 -80.52719,  39.39727
 -80.52270,  39.40183
 -80.51369,  39.41975
 -80.51367,  39.44222
 -80.52270,  39.44951
 -80.55180,  39.45111
 -80.57316,  39.46469
 -80.58092,  39.47036
 -80.59208,  39.48715
 -80.60654,  39.50962
 -80.61010,  39.51590
 -80.62450,  39.53209
 -80.63029,  39.55455
 -80.63210,  39.57703
 -80.63445,  39.59950
 -80.62870,  39.62199
 -80.63401,  39.64445
 -80.63947,  39.64898
 -80.65086,  39.66692
 -80.65297,  39.68939
 -80.65771,  39.71186
 -80.66368,  39.73433
 -80.66885,  39.73608
 -80.68858,  39.75678
 -80.69551,  39.77925
 -80.69820,  39.78340
 -80.70899,  39.80171
 -80.72020,  39.82417
 -80.72764,  39.84504
 -80.72913,  39.84663
 -80.75696,  39.85712
 -80.78057,  39.86901
 -80.78631,  39.87428
 -80.79877,  39.89145
 -80.81573,  39.90354
 -80.84505,  39.90726
 -80.85946,  39.91376
 -80.87442,  39.92020
 -80.89500,  39.93612
 -80.90389,  39.94780
 -80.91439,  39.95854
 -80.93336,  39.97134
 -80.94836,  39.98090
 -80.93759,  40.00342
 -80.93357,  40.00600
 -80.91181,  40.02599
 -80.91234,  40.04847
 -80.93395,  40.06855
 -80.93663,  40.07087
 -80.94936,  40.09330
 -80.96355,  40.10276
 -80.99209,  40.11562
 -80.99304,  40.11627
 -81.01720,  40.13799
 -81.00360,  40.16053
 -80.99698,  40.18304
 -81.02309,  40.20448
 -81.02465,  40.20540
 -81.05147,  40.22776
 -81.05276,  40.23357
 -81.06028,  40.25020
 -81.08251,  40.26985
 -81.08685,  40.27255
 -81.10352,  40.29495
 -81.11224,  40.29955
 -81.14185,  40.31318
 -81.14751,  40.31720
 -81.16500,  40.33959
 -81.17171,  40.35271
 -81.17664,  40.36201
 -81.17796,  40.38448
 -81.17540,  40.40698
 -81.17227,  40.41017
 -81.16044,  40.42955
 -81.16528,  40.45200
 -81.16891,  40.47446
 -81.17026,  40.49694
 -81.16525,  40.51945
 -81.16854,  40.54191
 -81.16196,  40.56443
 -81.16660,  40.58689
 -81.15808,  40.60942
 -81.15607,  40.63192
 -81.15489,  40.65440
 -81.17483,  40.67186
 -81.18182,  40.67673
 -81.18101,  40.69922
 -81.17519,  40.70855
 -81.16451,  40.72180
 -81.16647,  40.74427
 -81.16016,  40.76679
 -81.16123,  40.78926
 -81.16761,  40.81171
 -81.17641,  40.83228
 -81.17805,  40.83414
 -81.18338,  40.85659
 -81.19470,  40.87901
 -81.19859,  40.90147
 -81.20696,  40.91395
 -81.22082,  40.92382
 -81.23700,  40.94053
 -81.23879,  40.94620
 -81.25314,  40.96859
 -81.26730,  40.98812
 -81.26881,  40.99097
 -81.28420,  41.01336
 -81.28949,  41.03580
 -81.28821,  41.05829
 -81.27026,  41.08089
 -81.28031,  41.10331
 -81.29301,  41.12571
 -81.29745,  41.14816
 -81.29910,  41.15999
 -81.30266,  41.17061
 -81.32928,  41.18619
 -81.33260,  41.19289
 -81.33370,  41.21537
 -81.33922,  41.23781
 -81.33415,  41.26033
 -81.33859,  41.28278
 -81.33065,  41.29733
 -81.30076,  41.30017
 -81.28987,  41.30560
 -81.27102,  41.31685
 -81.26812,  41.32821
 -81.27052,  41.35069
 -81.26302,  41.37321
 -81.26193,  41.39570
 -81.27203,  41.40561
 -81.29041,  41.41800
 -81.30026,  41.44041
 -81.30251,  41.44859
 -81.30822,  41.46284
 -81.31051,  41.48531
 -81.31717,  41.50775
 -81.32019,  41.53021
 -81.32175,  41.55268
 -81.32681,  41.57513
 -81.32732,  41.59761
 -81.32787,  41.62008
 -81.33484,  41.63716
 -81.33607,  41.64251
 -81.34158,  41.66495
 -81.35067,  41.68736
 -81.34821,  41.70986
 -81.33590,  41.72234
 -81.32845,  41.73248
 -81.33291,  41.75493
 -81.33640,  41.76225
 -81.34459,  41.77733
 -81.35415,  41.79975
 -81.36468,  41.82215
 -81.36552,  41.84462
 -81.36768,  41.85049
 -81.38118,  41.86699
 -81.37647,  41.88951
 -81.38944,  41.91188
 -81.38766,  41.93438
 -81.39927,  41.95567
 -81.40017,  41.95677
 -81.42966,  41.96820
 -81.44460,  41.97890
 -81.44855,  42.00136
 -81.44749,  42.02384
 -81.44599,  42.04633
 -81.43559,  42.06889
 -81.43299,  42.09139
 -81.43143,  42.09453
 -81.42451,  42.11393
 -81.42420,  42.13641
 -81.43211,  42.14304
 -81.44814,  42.15871
 -81.45686,  42.18112
 -81.46020,  42.20357
 -81.45440,  42.22609
 -81.45182,  42.24859
 -81.43389,  42.27030
 -81.43157,  42.27122
 -81.41528,  42.29382
 -81.41547,  42.31630
 -81.41211,  42.33880
 -81.41265,  42.36127
 -81.40502,  42.38076
 -81.40420,  42.38381
 -81.40511,  42.38688
 -81.41475,  42.40620
 -81.42026,  42.42863
 -81.41511,  42.45115
 -81.40616,  42.46378
 -81.40160,  42.47373
 -81.39605,  42.49624
 -81.37640,  42.51746
 -81.37412,  42.51887
 -81.34618,  42.53897
 -81.34010,  42.54158
 -81.33323,  42.56410
 -81.31612,  42.57405
 -81.31017,  42.58673
 -81.31652,  42.60702
 -81.31919,  42.60914
 -81.31659,  42.61285
 -81.31226,  42.63166
 -81.31312,  42.65414
 -81.28678,  42.67410
 -81.28341,  42.67680
 -81.26768,  42.69937
 -81.25668,  42.71516
 -81.25257,  42.72193
 -81.23763,  42.74449
 -81.22655,  42.75634
 -81.21786,  42.76708
 -81.21177,  42.78959
 -81.20150,  42.81211
 -81.19672,  42.83010
 -81.19464,  42.83462
 -81.18995,  42.85712
 -81.18753,  42.87960
 -81.17501,  42.90214
 -81.16686,  42.90805
 -81.13623,  42.91212
 -81.10558,  42.91529
 -81.07491,  42.91633
 -81.04428,  42.92266
 -81.01358,  42.91954
 -80.98285,  42.91348
 -80.95213,  42.90768
 -80.92145,  42.90509
 -80.91192,  42.90329
 -80.89072,  42.89611
 -80.85998,  42.88206
 -80.85929,  42.88097
 -80.85790,  42.85851
 -80.84035,  42.83609
 -80.82906,  42.82734
 -80.81921,  42.81367
 -80.81385,  42.79122
 -80.80014,  42.76878
 -80.79816,  42.76561
 -80.76749,  42.75150
 -80.76391,  42.74638
 -80.75384,  42.72395
 -80.73676,  42.70935
 -80.72714,  42.70152
 -80.70635,  42.67908
 -80.70609,  42.67879
 -80.67831,  42.65666
 -80.67546,  42.65378
 -80.66396,  42.63420
 -80.65040,  42.61174
 -80.64480,  42.59615
 -80.64014,  42.58928
 -80.62367,  42.56682
 -80.61423,  42.56202
 -80.60023,  42.54437
 -80.60179,  42.52189
 -80.61414,  42.50703
 -80.62528,  42.49941
 -80.62182,  42.47694
 -80.61410,  42.47171
 -80.58362,  42.46412
 -80.55956,  42.45450
 -80.55315,  42.45013
 -80.54099,  42.43203
 -80.54051,  42.40955
 -80.53287,  42.38708
 -80.52795,  42.36461
 -80.52270,  42.35889
 -80.50802,  42.34213
 -80.50217,  42.31966
 -80.49561,  42.29718
 -80.49232,  42.28493
 -80.48779,  42.27470
 -80.48028,  42.25223
 -80.47875,  42.22975
 -80.46585,  42.20727
 -80.46201,  42.20076
 -80.45303,  42.18479
 -80.44608,  42.16230
 -80.43175,  42.14730
 -80.42342,  42.13981
 -80.41065,  42.11732
 -80.40153,  42.09825
 -80.39393,  42.09483
 -80.40154,  42.09310
 -80.41971,  42.07238
 -80.43186,  42.06728
 -80.43835,  42.04992
 -80.43777,  42.02744
 -80.43192,  42.01969
 -80.40337,  42.00493
 -80.40170,  42.00325
 -80.38685,  41.98243
 -80.38241,  41.95995
 -80.37904,  41.93747
 -80.37319,  41.91498
 -80.37167,  41.91157
 -80.34766,  41.89247
 -80.34156,  41.87452
 -80.33958,  41.86998
 -80.32449,  41.84748
 -80.31152,  41.82831
 -80.31075,  41.82497
 -80.30807,  41.80249
 -80.30317,  41.78000
 -80.30426,  41.75752
 -80.30197,  41.73504
 -80.31188,  41.71636
 -80.31467,  41.71258
 -80.32152,  41.69011
 -80.32558,  41.66764
 -80.32825,  41.64517
 -80.32745,  41.62268
 -80.32578,  41.60020
 -80.32278,  41.57772
 -80.31851,  41.55523
 -80.31246,  41.53684
 -80.31062,  41.53273
 -80.29240,  41.51022
 -80.28873,  41.48773
 -80.28266,  41.47264
 -80.27570,  41.46522
 -80.28226,  41.44275
 -80.27157,  41.42025
 -80.28209,  41.39779
 -80.28296,  41.39150
 -80.28353,  41.37531
 -80.28302,  41.37445
 -80.25311,  41.36195
 -80.24506,  41.35275
 -80.24149,  41.33025
 -80.24469,  41.30779
 -80.24577,  41.28531
 -80.24773,  41.26283
 -80.24742,  41.24035
 -80.25322,  41.21788
 -80.25372,  41.21410
 -80.25765,  41.19541
 -80.26792,  41.17294
 -80.28382,  41.15412
 -80.29543,  41.15052
 -80.31374,  41.13454
 -80.31582,  41.12808
 -80.32487,  41.10561
 -80.32660,  41.08313
 -80.32597,  41.06065
 -80.32024,  41.03815
 -80.31407,  41.03172
 -80.30051,  41.01564
 -80.29092,  40.99314
 -80.28531,  40.97064
 -80.28449,  40.96870
 -80.25479,  40.95107
 -80.22501,  40.95221
 -80.22012,  40.94801
 -80.21384,  40.92551
 -80.20744,  40.90301
 -80.20164,  40.88051
 -80.19987,  40.85802
 -80.20142,  40.83554
 -80.20239,  40.81306
 -80.20443,  40.79059
 -80.20153,  40.76810
 -80.19726,  40.74561
 -80.19699,  40.72312
 -80.20538,  40.70066
 -80.21867,  40.67822
 -80.22626,  40.67276
 -80.23593,  40.65578
 -80.23963,  40.63330
 -80.22652,  40.61494
 -80.21079,  40.61074
 -80.19700,  40.59575
 -80.19105,  40.58821
 -80.18098,  40.56570
 -80.16764,  40.54934
 -80.16274,  40.54316
 -80.16779,  40.52097
 -80.16788,  40.52069
 -80.17651,  40.49824
 -80.17284,  40.47574
 -80.16808,  40.46750
 -80.16230,  40.45323
 -80.15672,  40.43073
 -80.16837,  40.41256
 -80.17142,  40.40829
 -80.17557,  40.38582
 -80.17126,  40.36333
 -80.16865,  40.35986
 -80.15721,  40.34081
 -80.14856,  40.31829
 -80.14101,  40.29578
 -80.13954,  40.29089
 -80.12795,  40.27326
 -80.11027,  40.25815
 -80.10217,  40.25069
 -80.09206,  40.22817
 -80.08108,  40.21760
 -80.05588,  40.20555
 -80.05176,  40.20086
 -80.03989,  40.18300
 -80.02535,  40.16046
 -80.02264,  40.15906
 -79.99813,  40.13786
 -79.99342,  40.13282
 -79.96659,  40.11523
 -79.96417,  40.11396
 -79.94204,  40.09262
 -79.93504,  40.08519
 -79.90577,  40.07254
 -79.88129,  40.09230
 -79.87614,  40.09851
 -79.84660,  40.11384
 -79.81721,  40.11231
 -79.79307,  40.09177
 -79.78812,  40.08430
 -79.76727,  40.06913
 -79.75895,  40.06630
 -79.74125,  40.04647
 -79.73933,  40.02398
 -79.73029,  40.00536
 -79.72596,  40.00140
 -79.72188,  39.97889
 -79.73068,  39.97239
 -79.73546,  39.97898
 -79.73978,  40.00150
 -79.75964,  40.00546
 -79.78899,  40.00533
 -79.81821,  40.01790
 -79.84178,  40.00215
 -79.83663,  39.97964
 -79.84248,  39.95719
 -79.81892,  39.94933
 -79.81062,  39.93451
 -79.81929,  39.91474
 -79.84288,  39.91223
 -79.82307,  39.88964
 -79.81959,  39.88615
 -79.80222,  39.86703
 -79.79057,  39.86086
 -79.76128,  39.86029
 -79.75648,  39.86673
 -79.74761,  39.88915
 -79.73142,  39.90956
 -79.71630,  39.91141
 -79.70205,  39.91473
 -79.68683,  39.91120
 -79.67281,  39.90886
 -79.65546,  39.88849
 -79.64402,  39.86981
 -79.63924,  39.86588
 -79.61491,  39.85655
 -79.60433,  39.84312
 -79.60644,  39.82066
 -79.61549,  39.81386
 -79.64475,  39.81359
 -79.67155,  39.79868
 -79.67441,  39.78255
 -79.67984,  39.79874
 -79.70336,  39.80686
 -79.73265,  39.80474
 -79.74297,  39.79919
 -79.74034,  39.77670
 -79.73312,  39.76462
 -79.72529,  39.75412
 -79.71869,  39.73158
 -79.70435,  39.72564
 -79.68391,  39.70886
 -79.68272,  39.68637
 -79.67570,  39.67986
 -79.64647,  39.68175
 -79.63753,  39.68603
 -79.62299,  39.70839
 -79.61686,  39.71169
 -79.59551,  39.73065
 -79.58715,  39.74693
 -79.55800,  39.74077
 -79.55222,  39.73029
 -79.52911,  39.71697
 -79.51252,  39.70747
 -79.50025,  39.69320
 -79.49625,  39.68484
 -79.49885,  39.66238
 -79.49839,  39.63990
 -79.49041,  39.61735
 -79.47243,  39.60386
 -79.44614,  39.59446
 -79.44856,  39.57201
 -79.45833,  39.54962
 -79.46040,  39.52716
 -79.45232,  39.50461
 -79.45282,  39.48213
 -79.46634,  39.45979
 -79.47476,  39.45385
 -79.49049,  39.43752
 -79.49567,  39.41510
 -79.49863,  39.39265
 -79.48580,  39.37005
 -79.47624,  39.35783
 -79.46327,  39.34737
 -79.44756,  39.33375
 -79.43707,  39.32465
 -79.41888,  39.31028
 -79.38966,  39.32020
 -79.38185,  39.32410
 -79.36646,  39.34642
 -79.36002,  39.35465
 -79.33088,  39.35870
 -79.31609,  39.34590
 -79.32154,  39.32348
 -79.33161,  39.31720
 -79.36031,  39.30140
 -79.36097,  39.29942
 -79.36961,  39.27903
 -79.38743,  39.25673
 -79.39083,  39.25032
 -79.39390,  39.23432
 -79.39129,  39.22286
 -79.38425,  39.21175
 -79.37614,  39.18919
 -79.37163,  39.16667
 -79.36337,  39.15875
 -79.35671,  39.14404
 -79.35889,  39.12159
 -79.36410,  39.11609
 -79.39329,  39.10262
 -79.39561,  39.09949
 -79.40271,  39.07708
 -79.40540,  39.05463
 -79.40591,  39.03217
 -79.39474,  39.01525
 -79.38730,  39.00951
 -79.36606,  39.00075
 -79.34987,  38.98665
 -79.33759,  38.97556
 -79.30872,  38.97346
 -79.27979,  38.97496
 -79.27142,  38.96334
 -79.26388,  38.94079
 -79.26569,  38.91833
 -79.28119,  38.89774
 -79.28458,  38.89607
 -79.31046,  38.87526
 -79.33926,  38.87889
 -79.35703,  38.89684
 -79.36761,  38.90942
 -79.37225,  38.91947
 -79.37012,  38.94193
 -79.39560,  38.96321
 -79.40003,  38.96469
 -79.42440,  38.96969
 -79.44514,  38.98761
 -79.45193,  39.01014
 -79.45262,  39.01288
 -79.46706,  39.03276
 -79.48118,  39.03691
 -79.48430,  39.03292
 -79.50334,  39.01062
 -79.51058,  39.00534
 -79.53355,  38.98841
 -79.53731,  38.96598
 -79.54012,  38.96284
 -79.54604,  38.94359
 -79.54067,  38.92414
 -79.53774,  38.92104
 -79.51196,  38.91198
 -79.49331,  38.92064
 -79.48719,  38.94306
 -79.48251,  38.94953
 -79.46913,  38.94289
 -79.46510,  38.92038
 -79.45435,  38.90265
 -79.45022,  38.89777
 -79.43405,  38.87514
 -79.42623,  38.85569
 -79.42425,  38.85257
 -79.42638,  38.84640
 -79.42883,  38.83015
 -79.42944,  38.80769
 -79.44883,  38.78540
 -79.45630,  38.77832
 -79.48534,  38.76381
 -79.48708,  38.76329
 -79.51423,  38.75884
 -79.54305,  38.75889
 -79.57182,  38.76121
 -79.58584,  38.76416
END
 -14.00000, -80.10150,  38.92456
 -80.10224,  38.94703
 -80.11809,  38.96667
 -80.12164,  38.96957
 -80.12547,  38.99205
 -80.11790,  38.99707
 -80.11222,  38.99201
 -80.11440,  38.96955
 -80.08925,  38.95694
 -80.06036,  38.95574
 -80.03600,  38.94677
 -80.03165,  38.92913
 -80.03032,  38.92427
 -80.03170,  38.92278
 -80.06068,  38.90830
 -80.08953,  38.91221
 -80.10150,  38.92456
END
 -14.00000, -79.66422,  38.98949
 -79.67828,  39.01207
 -79.67864,  39.03454
 -79.68368,  39.03860
 -79.71242,  39.05474
 -79.73153,  39.03492
 -79.71289,  39.01534
 -79.69920,  39.01222
 -79.69048,  38.98968
 -79.68439,  38.98119
 -79.66422,  38.98949
END
 -14.00000, -79.56521,  39.03363
 -79.56799,  39.03549
 -79.56962,  39.03367
 -79.56806,  39.03089
 -79.56521,  39.03363
END
 -14.00000, -79.90853,  39.08097
 -79.91467,  39.09144
 -79.94366,  39.08553
 -79.94956,  39.08118
 -79.94377,  39.07334
 -79.91489,  39.06656
 -79.90853,  39.08097
END
 -14.00000, -79.76282,  39.08008
 -79.76981,  39.09959
 -79.77437,  39.08016
 -79.77006,  39.07642
 -79.76282,  39.08008
END
 -14.00000, -79.27892,  39.12074
 -79.28359,  39.14326
 -79.27643,  39.15812
 -79.26382,  39.14304
 -79.27528,  39.12070
 -79.27715,  39.11927
 -79.27892,  39.12074
END
 -14.00000, -79.25278,  39.18787
 -79.24680,  39.19239
 -79.21770,  39.19762
 -79.21259,  39.18741
 -79.21805,  39.17972
 -79.24696,  39.18402
 -79.25278,  39.18787
END
 -14.00000, -79.24064,  39.39002
 -79.21378,  39.40113
 -79.20953,  39.38967
 -79.21420,  39.37930
 -79.24064,  39.39002
END
 -14.00000, -79.36944,  39.41388
 -79.38797,  39.42120
 -79.39353,  39.43660
 -79.38753,  39.44766
 -79.35829,  39.45506
 -79.34821,  39.43614
 -79.35471,  39.41373
 -79.35912,  39.40665
 -79.36944,  39.41388
END
 -14.00000, -80.51803,  39.53213
 -80.52270,  39.53857
 -80.53015,  39.53213
 -80.52270,  39.52766
 -80.51803,  39.53213
END
 -14.00000, -79.36514,  39.52623
 -79.38462,  39.54891
 -79.38582,  39.54961
 -79.39822,  39.57152
 -79.40342,  39.59405
 -79.38498,  39.59949
 -79.37102,  39.59373
 -79.35622,  39.57505
 -79.35486,  39.57108
 -79.32746,  39.55262
 -79.31757,  39.54822
 -79.30980,  39.52565
 -79.32832,  39.50371
 -79.35713,  39.52228
 -79.36514,  39.52623
END
 -14.00000, -79.66140,  39.82109
 -79.66599,  39.84360
 -79.67358,  39.84868
 -79.67937,  39.84370
 -79.68338,  39.82125
 -79.67414,  39.80352
 -79.66140,  39.82109
END
 -14.00000, -79.83735,  39.93468
 -79.84821,  39.95335
 -79.87752,  39.95533
 -79.89341,  39.93500
 -79.87788,  39.91768
 -79.84861,  39.91342
 -79.83735,  39.93468
END
 -14.00000, -79.82527,  40.02453
 -79.83121,  40.04705
 -79.84712,  40.06114
 -79.86754,  40.06974
 -79.87629,  40.08258
 -79.89642,  40.06990
 -79.89255,  40.04740
 -79.89012,  40.02491
 -79.87696,  40.01299
 -79.84768,  40.00587
 -79.82527,  40.02453
END
 -14.00000, -80.25661,  40.72327
 -80.25568,  40.73069
 -80.25529,  40.74575
 -80.25562,  40.74668
 -80.28526,  40.75571
 -80.30209,  40.74585
 -80.29990,  40.72337
 -80.28540,  40.71602
 -80.25661,  40.72327
END
 -14.00000, -81.26799,  41.19332
 -81.26724,  41.21581
 -81.26116,  41.23833
 -81.27037,  41.25993
 -81.28823,  41.23816
 -81.27966,  41.21573
 -81.27770,  41.19326
 -81.26957,  41.18882
 -81.26799,  41.19332
END
 -14.00000, -80.43520,  42.22972
 -80.43162,  42.23914
 -80.42825,  42.22972
 -80.43164,  42.22577
 -80.43520,  42.22972
END
 -14.00000, -81.32074,  42.72150
 -81.32213,  42.74395
 -81.31824,  42.74685
 -81.31277,  42.74401
 -81.31276,  42.72155
 -81.31786,  42.71545
 -81.32074,  42.72150
END
 -13.00000, -80.44403,  39.68944
 -80.43505,  39.70015
 -80.40584,  39.69764
 -80.39301,  39.68939
 -80.40588,  39.67742
 -80.43507,  39.67920
 -80.44403,  39.68944
END
 -13.00000, -80.29467,  39.73419
 -80.29404,  39.75668
 -80.29422,  39.77915
 -80.28864,  39.79470
 -80.25940,  39.79300
 -80.25333,  39.77906
 -80.23155,  39.75653
 -80.23031,  39.75331
 -80.20693,  39.73399
 -80.23042,  39.72688
 -80.25970,  39.71347
 -80.28889,  39.72410
 -80.29467,  39.73419
END
 -13.00000, -80.32389,  39.82417
 -80.32413,  39.84665
 -80.31773,  39.85168
 -80.31294,  39.84663
 -80.31184,  39.82414
 -80.31783,  39.81879
 -80.32389,  39.82417
END
 -13.00000, -80.53358,  40.47628
 -80.53194,  40.49876
 -80.52270,  40.50414
 -80.51640,  40.49876
 -80.51297,  40.47628
 -80.52270,  40.46763
 -80.53358,  40.47628
END
 -13.00000, -80.79308,  40.79071
 -80.78999,  40.80005
 -80.77414,  40.81323
 -80.76524,  40.83574
 -80.76705,  40.85822
 -80.79031,  40.87984
 -80.79057,  40.88065
 -80.80032,  40.90311
 -80.81065,  40.92557
 -80.81279,  40.94804
 -80.82040,  40.95689
 -80.83395,  40.97047
 -80.84175,  40.99293
 -80.84660,  41.01540
 -80.84438,  41.03788
 -80.83318,  41.06040
 -80.82090,  41.06987
 -80.80877,  41.08294
 -80.80088,  41.10545
 -80.79130,  41.12324
 -80.78362,  41.12797
 -80.76151,  41.13952
 -80.75328,  41.12803
 -80.74393,  41.10557
 -80.74267,  41.08309
 -80.73656,  41.06062
 -80.73138,  41.05212
 -80.72348,  41.03816
 -80.73130,  41.02546
 -80.76113,  41.03273
 -80.77255,  41.01558
 -80.79078,  40.99495
 -80.79185,  40.99305
 -80.79076,  40.99050
 -80.77186,  40.97062
 -80.76089,  40.96851
 -80.74117,  40.94820
 -80.74084,  40.92572
 -80.75050,  40.90321
 -80.75482,  40.88072
 -80.73852,  40.85827
 -80.73077,  40.85751
 -80.70100,  40.83940
 -80.69680,  40.83586
 -80.70097,  40.83225
 -80.72636,  40.81333
 -80.73063,  40.81182
 -80.74997,  40.79080
 -80.76020,  40.77459
 -80.78992,  40.78403
 -80.79308,  40.79071
END
 -13.00000, -80.65794,  41.17315
 -80.66557,  41.19562
 -80.67210,  41.20498
 -80.70197,  41.21805
 -80.70202,  41.21808
 -80.70228,  41.21805
 -80.73190,  41.21690
 -80.75574,  41.21796
 -80.76180,  41.21846
 -80.79177,  41.23909
 -80.79233,  41.24036
 -80.79179,  41.24427
 -80.78835,  41.26286
 -80.79190,  41.27142
 -80.79401,  41.28532
 -80.79200,  41.29539
 -80.78186,  41.30783
 -80.76215,  41.31665
 -80.75069,  41.33037
 -80.75130,  41.35285
 -80.75230,  41.37533
 -80.75900,  41.39780
 -80.76247,  41.40186
 -80.79244,  41.40369
 -80.79356,  41.39772
 -80.79573,  41.37524
 -80.80315,  41.35274
 -80.80764,  41.33025
 -80.82205,  41.32336
 -80.83005,  41.33019
 -80.83244,  41.35267
 -80.83801,  41.37514
 -80.83962,  41.39761
 -80.82246,  41.41483
 -80.80033,  41.42019
 -80.80051,  41.44267
 -80.82267,  41.46000
 -80.84587,  41.44256
 -80.85253,  41.43140
 -80.88253,  41.43457
 -80.88602,  41.44244
 -80.88268,  41.46207
 -80.87960,  41.46494
 -80.88271,  41.46677
 -80.89030,  41.48739
 -80.89609,  41.50985
 -80.90907,  41.53229
 -80.91312,  41.53479
 -80.94321,  41.54597
 -80.95196,  41.55462
 -80.96385,  41.57706
 -80.96921,  41.59952
 -80.97366,  41.60531
 -80.99202,  41.62191
 -81.00401,  41.64322
 -81.00483,  41.64434
 -81.02423,  41.66674
 -81.03437,  41.67886
 -81.04227,  41.68914
 -81.06472,  41.70925
 -81.06750,  41.71150
 -81.08219,  41.73391
 -81.09521,  41.75237
 -81.09721,  41.75632
 -81.11202,  41.77873
 -81.11876,  41.80117
 -81.12585,  41.80709
 -81.13892,  41.82355
 -81.14481,  41.84600
 -81.15157,  41.86844
 -81.15363,  41.89091
 -81.15688,  41.89740
 -81.17037,  41.91330
 -81.18740,  41.93568
 -81.18748,  41.93607
 -81.18983,  41.95815
 -81.19728,  41.98058
 -81.19698,  42.00307
 -81.19749,  42.02554
 -81.19920,  42.04801
 -81.20620,  42.07045
 -81.20750,  42.09292
 -81.21958,  42.11308
 -81.22105,  42.11531
 -81.22333,  42.13778
 -81.22231,  42.16026
 -81.22015,  42.16555
 -81.21133,  42.18280
 -81.20577,  42.20531
 -81.19474,  42.22785
 -81.19059,  42.24021
 -81.18494,  42.25038
 -81.17565,  42.27291
 -81.16792,  42.29543
 -81.16099,  42.31732
 -81.16082,  42.31794
 -81.15215,  42.34046
 -81.14484,  42.36298
 -81.13673,  42.38549
 -81.13135,  42.39758
 -81.12548,  42.40802
 -81.11731,  42.43054
 -81.10139,  42.45034
 -81.09953,  42.45310
 -81.07577,  42.47569
 -81.07121,  42.48281
 -81.04084,  42.49612
 -81.01031,  42.48904
 -81.00447,  42.47600
 -80.98876,  42.45359
 -80.97944,  42.43382
 -80.94911,  42.45239
 -80.94573,  42.45375
 -80.91873,  42.46565
 -80.91077,  42.45387
 -80.90160,  42.43142
 -80.89031,  42.40899
 -80.88792,  42.40323
 -80.87853,  42.38655
 -80.85902,  42.36414
 -80.85727,  42.36236
 -80.84514,  42.34170
 -80.83504,  42.31925
 -80.82657,  42.30235
 -80.82357,  42.29680
 -80.81757,  42.27434
 -80.80690,  42.25189
 -80.79591,  42.23680
 -80.77394,  42.22949
 -80.78181,  42.20700
 -80.76539,  42.19233
 -80.76299,  42.18456
 -80.75938,  42.16209
 -80.74538,  42.13964
 -80.74450,  42.11717
 -80.74886,  42.09468
 -80.74496,  42.07222
 -80.73564,  42.04976
 -80.73455,  42.03967
 -80.72887,  42.02729
 -80.71063,  42.00484
 -80.70415,  41.99055
 -80.70063,  41.98238
 -80.68688,  41.95992
 -80.67899,  41.93745
 -80.67374,  41.91779
 -80.67219,  41.91498
 -80.67373,  41.91388
 -80.68214,  41.89249
 -80.67364,  41.87372
 -80.66312,  41.87004
 -80.64340,  41.85030
 -80.64233,  41.84758
 -80.62968,  41.82512
 -80.61893,  41.80265
 -80.61314,  41.78826
 -80.60876,  41.78017
 -80.61311,  41.76198
 -80.61395,  41.75769
 -80.61309,  41.75415
 -80.60979,  41.73521
 -80.61306,  41.73063
 -80.63301,  41.71272
 -80.64312,  41.69776
 -80.64788,  41.69022
 -80.65211,  41.66774
 -80.67312,  41.64920
 -80.70325,  41.66608
 -80.72980,  41.64514
 -80.71233,  41.62269
 -80.70310,  41.61200
 -80.67304,  41.61695
 -80.64297,  41.61687
 -80.63452,  41.60032
 -80.64291,  41.58635
 -80.64577,  41.57782
 -80.66196,  41.55532
 -80.66740,  41.53283
 -80.67284,  41.52814
 -80.69722,  41.51031
 -80.69631,  41.48784
 -80.69473,  41.46536
 -80.68802,  41.44288
 -80.68595,  41.42041
 -80.67255,  41.40387
 -80.66211,  41.39796
 -80.65716,  41.37548
 -80.65488,  41.35300
 -80.65359,  41.33052
 -80.65975,  41.30804
 -80.64237,  41.28812
 -80.63869,  41.28558
 -80.61730,  41.26312
 -80.61242,  41.26165
 -80.60197,  41.24065
 -80.60458,  41.21816
 -80.60617,  41.19567
 -80.60736,  41.17319
 -80.61227,  41.15728
 -80.64213,  41.15548
 -80.65794,  41.17315
END
 -13.00000, -80.65511,  41.28556
 -80.67229,  41.28984
 -80.70221,  41.28603
 -80.73212,  41.28643
 -80.73257,  41.28545
 -80.73212,  41.28454
 -80.70220,  41.28403
 -80.67227,  41.28028
 -80.65511,  41.28556
END
 -13.00000, -80.70026,  41.53279
 -80.70289,  41.53568
 -80.70618,  41.53278
 -80.70287,  41.53055
 -80.70026,  41.53279
END
END
