 -15.00000, -71.00648,  43.94696
 -71.02296,  43.96408
 -71.02647,  43.97110
 -71.02452,  43.99353
 -71.02935,  44.01649
 -71.02526,  44.03876
 -71.02557,  44.06136
 -71.02350,  44.08377
 -71.00679,  44.10505
 -71.00073,  44.11073
 -70.96774,  44.12091
 -70.95057,  44.12321
 -70.93552,  44.12588
 -70.90414,  44.12536
 -70.87259,  44.12597
 -70.84243,  44.11760
 -70.81125,  44.11585
 -70.77939,  44.11844
 -70.74686,  44.12530
 -70.71616,  44.12036
 -70.68593,  44.11257
 -70.67503,  44.10119
 -70.65943,  44.08101
 -70.65861,  44.07728
 -70.65869,  44.05470
 -70.65498,  44.03180
 -70.66437,  44.00998
 -70.66603,  43.98752
 -70.67609,  43.97495
 -70.70726,  43.96827
 -70.70854,  43.96818
 -70.73991,  43.96832
 -70.77126,  43.96853
 -70.79861,  43.97563
 -70.80131,  43.97714
 -70.80523,  43.97616
 -70.83358,  43.97144
 -70.86056,  43.95800
 -70.86782,  43.93600
 -70.87239,  43.92306
 -70.90409,  43.92083
 -70.93536,  43.92133
 -70.96648,  43.92291
 -70.99586,  43.93587
 -71.00648,  43.94696
END
 -15.00000, -69.97746,  44.99173
 -69.98989,  45.01538
 -69.99561,  45.03589
 -69.99620,  45.03851
 -69.99407,  45.04491
 -69.98801,  45.06039
 -69.98357,  45.08259
 -69.95276,  45.09940
 -69.94923,  45.10224
 -69.91881,  45.11078
 -69.88813,  45.10311
 -69.85729,  45.09644
 -69.85008,  45.09372
 -69.82917,  45.07411
 -69.79740,  45.07289
 -69.76366,  45.08292
 -69.75962,  45.08587
 -69.72908,  45.09767
 -69.69868,  45.08855
 -69.68150,  45.07903
 -69.67056,  45.06656
 -69.66168,  45.05469
 -69.65250,  45.03129
 -69.66042,  45.00940
 -69.67490,  44.98807
 -69.68524,  44.98314
 -69.70576,  44.96819
 -69.72045,  44.96450
 -69.74862,  44.97195
 -69.75091,  44.97295
 -69.78191,  44.97832
 -69.81106,  44.99437
 -69.84314,  44.99357
 -69.86179,  44.98179
 -69.87753,  44.97941
 -69.90935,  44.98008
 -69.94143,  44.97922
 -69.97182,  44.98817
 -69.97746,  44.99173
END
 -15.00000, -71.19527,  46.17112
 -71.19668,  46.17192
 -71.22594,  46.19298
 -71.23093,  46.19626
 -71.25497,  46.21572
 -71.26295,  46.22113
 -71.28148,  46.24499
 -71.28267,  46.24726
 -71.30903,  46.26950
 -71.31158,  46.27103
 -71.34154,  46.28813
 -71.34628,  46.29472
 -71.37112,  46.30770
 -71.38696,  46.32017
 -71.39962,  46.33463
 -71.40777,  46.34416
 -71.41576,  46.36724
 -71.42410,  46.38836
 -71.42466,  46.39037
 -71.43137,  46.41335
 -71.42539,  46.43541
 -71.43010,  46.45824
 -71.42796,  46.48057
 -71.42480,  46.50284
 -71.41457,  46.52460
 -71.40260,  46.53027
 -71.36836,  46.54044
 -71.33566,  46.54051
 -71.32020,  46.54028
 -71.30301,  46.54015
 -71.27509,  46.55950
 -71.26676,  46.56318
 -71.24790,  46.58000
 -71.24138,  46.60202
 -71.23377,  46.62395
 -71.23512,  46.64654
 -71.23633,  46.66912
 -71.23222,  46.69131
 -71.23270,  46.71383
 -71.22636,  46.73585
 -71.20777,  46.75698
 -71.20325,  46.76147
 -71.17661,  46.77718
 -71.16550,  46.79294
 -71.15749,  46.79827
 -71.12956,  46.81262
 -71.11581,  46.81769
 -71.09482,  46.82462
 -71.06091,  46.83123
 -71.05083,  46.83537
 -71.02523,  46.84887
 -70.99508,  46.83179
 -70.99427,  46.83115
 -70.96494,  46.81475
 -70.93352,  46.80575
 -70.89930,  46.81417
 -70.88005,  46.82257
 -70.86388,  46.82994
 -70.85660,  46.84328
 -70.85123,  46.86538
 -70.83647,  46.88674
 -70.81997,  46.90798
 -70.81818,  46.90889
 -70.78339,  46.92030
 -70.76332,  46.92616
 -70.74902,  46.92912
 -70.71640,  46.92716
 -70.68261,  46.93238
 -70.65016,  46.92941
 -70.61650,  46.93372
 -70.60116,  46.93616
 -70.58236,  46.94090
 -70.54804,  46.94908
 -70.53699,  46.95366
 -70.52349,  46.97509
 -70.52056,  46.99736
 -70.52000,  47.01981
 -70.51971,  47.04228
 -70.50828,  47.06388
 -70.50867,  47.08640
 -70.49101,  47.09198
 -70.46950,  47.10582
 -70.45387,  47.11617
 -70.43759,  47.12581
 -70.41694,  47.13896
 -70.40887,  47.14604
 -70.38133,  47.15384
 -70.34856,  47.15207
 -70.31483,  47.15594
 -70.28270,  47.15852
 -70.28125,  47.15882
 -70.25076,  47.17846
 -70.24251,  47.20029
 -70.23849,  47.22247
 -70.23889,  47.24499
 -70.24195,  47.26773
 -70.24505,  47.29047
 -70.24663,  47.31309
 -70.23787,  47.33487
 -70.24308,  47.35777
 -70.24461,  47.37015
 -70.24605,  47.38050
 -70.24389,  47.40281
 -70.24265,  47.42519
 -70.24076,  47.44753
 -70.22948,  47.46911
 -70.22763,  47.49144
 -70.22018,  47.51332
 -70.21956,  47.51381
 -70.20175,  47.53433
 -70.18054,  47.55512
 -70.17888,  47.55591
 -70.14457,  47.56158
 -70.11054,  47.56561
 -70.08199,  47.56967
 -70.07587,  47.57327
 -70.06546,  47.59082
 -70.05750,  47.61265
 -70.04802,  47.63437
 -70.04558,  47.65664
 -70.04208,  47.67884
 -70.04237,  47.70134
 -70.03751,  47.72342
 -70.02834,  47.74515
 -70.00816,  47.76599
 -70.00808,  47.76605
 -69.97370,  47.77130
 -69.93972,  47.77429
 -69.91602,  47.78097
 -69.90307,  47.79198
 -69.89829,  47.80199
 -69.89060,  47.82383
 -69.88772,  47.84608
 -69.89147,  47.85590
 -69.89973,  47.86953
 -69.90744,  47.89264
 -69.91678,  47.90102
 -69.94995,  47.90293
 -69.98202,  47.91095
 -69.99707,  47.92238
 -70.00224,  47.94527
 -70.00085,  47.96762
 -69.99816,  47.98986
 -69.99992,  47.99766
 -70.00122,  48.01257
 -70.00624,  48.03544
 -70.00350,  48.05768
 -69.99659,  48.07957
 -69.98745,  48.10130
 -69.98013,  48.10725
 -69.95622,  48.12123
 -69.94252,  48.12911
 -69.90726,  48.13796
 -69.90453,  48.13950
 -69.88013,  48.15997
 -69.86877,  48.16436
 -69.84789,  48.17980
 -69.83791,  48.20144
 -69.82547,  48.21673
 -69.79156,  48.21787
 -69.75880,  48.21277
 -69.72610,  48.20737
 -69.72023,  48.21423
 -69.70009,  48.23503
 -69.69810,  48.25732
 -69.70026,  48.27995
 -69.70067,  48.30244
 -69.69892,  48.32475
 -69.69933,  48.34724
 -69.69976,  48.34874
 -69.71572,  48.37104
 -69.72566,  48.39099
 -69.72672,  48.39439
 -69.72736,  48.41690
 -69.71779,  48.43318
 -69.71490,  48.43833
 -69.70312,  48.45980
 -69.67586,  48.47637
 -69.67463,  48.47990
 -69.67104,  48.50201
 -69.67104,  48.50205
 -69.65092,  48.52283
 -69.64293,  48.54461
 -69.62661,  48.55797
 -69.61103,  48.56442
 -69.58794,  48.58309
 -69.57905,  48.58421
 -69.55321,  48.58732
 -69.54292,  48.58121
 -69.52151,  48.57558
 -69.51302,  48.57871
 -69.50076,  48.60013
 -69.48038,  48.61324
 -69.47588,  48.62049
 -69.47070,  48.64250
 -69.47343,  48.64945
 -69.49374,  48.66687
 -69.50124,  48.68165
 -69.51031,  48.69069
 -69.53138,  48.70182
 -69.56480,  48.70480
 -69.59309,  48.72000
 -69.59558,  48.72175
 -69.61001,  48.74384
 -69.61919,  48.76702
 -69.61314,  48.78896
 -69.61545,  48.79630
 -69.62044,  48.81199
 -69.61760,  48.83419
 -69.61906,  48.85673
 -69.61991,  48.87923
 -69.61040,  48.90087
 -69.59932,  48.92238
 -69.58782,  48.94385
 -69.58725,  48.94434
 -69.55238,  48.96336
 -69.54900,  48.96581
 -69.51308,  48.97498
 -69.50042,  48.98148
 -69.48861,  49.00291
 -69.47759,  49.02442
 -69.47188,  49.04637
 -69.48408,  49.06979
 -69.48422,  49.09223
 -69.48286,  49.11453
 -69.48254,  49.13316
 -69.48307,  49.13696
 -69.48158,  49.13811
 -69.46970,  49.15826
 -69.46261,  49.18009
 -69.46171,  49.20242
 -69.45296,  49.22411
 -69.45230,  49.24646
 -69.45670,  49.26637
 -69.45877,  49.26940
 -69.46741,  49.29253
 -69.48162,  49.31481
 -69.48610,  49.31647
 -69.51316,  49.32940
 -69.54583,  49.33820
 -69.56134,  49.34507
 -69.57690,  49.35536
 -69.58917,  49.36973
 -69.59691,  49.39276
 -69.60139,  49.40680
 -69.60268,  49.41562
 -69.60947,  49.43857
 -69.60548,  49.46063
 -69.61652,  49.48392
 -69.61972,  49.49047
 -69.62436,  49.50695
 -69.62881,  49.52969
 -69.63697,  49.55273
 -69.64040,  49.56220
 -69.64417,  49.57570
 -69.64552,  49.59819
 -69.64286,  49.62035
 -69.64320,  49.64276
 -69.64742,  49.66548
 -69.64430,  49.68760
 -69.64661,  49.70925
 -69.64690,  49.71018
 -69.65119,  49.73289
 -69.63805,  49.75357
 -69.60477,  49.74666
 -69.58406,  49.74984
 -69.56950,  49.75001
 -69.53557,  49.74642
 -69.50240,  49.74319
 -69.50159,  49.74311
 -69.50153,  49.74313
 -69.46516,  49.75227
 -69.43366,  49.75994
 -69.42879,  49.76109
 -69.39382,  49.76279
 -69.35928,  49.76225
 -69.32513,  49.75977
 -69.29004,  49.76203
 -69.25732,  49.76770
 -69.25410,  49.76846
 -69.21761,  49.77767
 -69.18175,  49.78362
 -69.18092,  49.78368
 -69.14594,  49.78928
 -69.12025,  49.77857
 -69.11375,  49.77703
 -69.10717,  49.77747
 -69.07561,  49.79409
 -69.07061,  49.79676
 -69.04638,  49.81708
 -69.03943,  49.83887
 -69.03020,  49.86047
 -69.03155,  49.88297
 -69.03174,  49.90536
 -69.02811,  49.92743
 -69.01969,  49.94909
 -69.00629,  49.97033
 -69.00066,  49.99065
 -69.00021,  49.99219
 -69.00028,  49.99247
 -69.00212,  50.01473
 -69.00627,  50.03745
 -68.99967,  50.05926
 -68.98979,  50.08079
 -68.97917,  50.09489
 -68.96794,  50.10130
 -68.94154,  50.10820
 -68.90611,  50.11086
 -68.87283,  50.10319
 -68.84907,  50.09114
 -68.84171,  50.08519
 -68.80820,  50.07874
 -68.78942,  50.08599
 -68.77080,  50.09076
 -68.73441,  50.09792
 -68.70128,  50.08963
 -68.68014,  50.07650
 -68.67061,  50.06979
 -68.65930,  50.05230
 -68.65569,  50.02959
 -68.65261,  50.00695
 -68.65018,  50.00177
 -68.64455,  49.98385
 -68.63285,  49.96044
 -68.62936,  49.93774
 -68.62909,  49.93716
 -68.61080,  49.91371
 -68.60316,  49.89550
 -68.60007,  49.89038
 -68.59574,  49.86760
 -68.59572,  49.84520
 -68.59824,  49.82302
 -68.60349,  49.80109
 -68.62228,  49.78035
 -68.62878,  49.77462
 -68.64271,  49.75975
 -68.66971,  49.74499
 -68.68075,  49.74069
 -68.70688,  49.73308
 -68.74159,  49.73283
 -68.76962,  49.72607
 -68.77817,  49.72362
 -68.81461,  49.71499
 -68.82131,  49.70818
 -68.82732,  49.68629
 -68.82624,  49.66380
 -68.83752,  49.64238
 -68.83431,  49.62004
 -68.83423,  49.61969
 -68.83276,  49.59715
 -68.82317,  49.57391
 -68.81332,  49.55453
 -68.81007,  49.55036
 -68.79968,  49.52705
 -68.78838,  49.50830
 -68.78368,  49.50323
 -68.77144,  49.47974
 -68.77244,  49.45741
 -68.77220,  49.43497
 -68.76997,  49.43081
 -68.74492,  49.41016
 -68.74237,  49.39773
 -68.72200,  49.38572
 -68.71091,  49.38334
 -68.67839,  49.37415
 -68.66192,  49.35798
 -68.64890,  49.35044
 -68.63298,  49.33297
 -68.62006,  49.32384
 -68.58828,  49.31132
 -68.56368,  49.30436
 -68.55595,  49.30146
 -68.52272,  49.29590
 -68.48981,  49.28885
 -68.45812,  49.27605
 -68.45363,  49.27201
 -68.43824,  49.24818
 -68.43174,  49.23841
 -68.41731,  49.22384
 -68.40243,  49.21469
 -68.38107,  49.19810
 -68.37329,  49.19020
 -68.34161,  49.17776
 -68.30933,  49.16909
 -68.30913,  49.16904
 -68.30859,  49.16902
 -68.27478,  49.16909
 -68.24038,  49.16936
 -68.22971,  49.16176
 -68.20980,  49.15195
 -68.20138,  49.13668
 -68.19962,  49.11406
 -68.19815,  49.09146
 -68.19374,  49.06860
 -68.19373,  49.06764
 -68.19158,  49.04594
 -68.19448,  49.02374
 -68.20260,  49.00203
 -68.20626,  48.97990
 -68.21505,  48.96884
 -68.22361,  48.95904
 -68.22585,  48.93679
 -68.24832,  48.91640
 -68.26184,  48.91024
 -68.29807,  48.90068
 -68.31420,  48.90002
 -68.33266,  48.89877
 -68.35534,  48.88134
 -68.36510,  48.85977
 -68.37637,  48.85380
 -68.38965,  48.83955
 -68.38322,  48.82148
 -68.37595,  48.81583
 -68.35536,  48.79197
 -68.35498,  48.79143
 -68.32629,  48.76826
 -68.29191,  48.76958
 -68.27297,  48.76137
 -68.26038,  48.75752
 -68.23626,  48.73548
 -68.23164,  48.73252
 -68.20149,  48.71416
 -68.18973,  48.70866
 -68.17039,  48.70032
 -68.13567,  48.70334
 -68.10337,  48.69515
 -68.07320,  48.67717
 -68.07234,  48.67514
 -68.05873,  48.65136
 -68.05138,  48.62817
 -68.05435,  48.60706
 -68.05452,  48.60598
 -68.05353,  48.58338
 -68.06332,  48.56564
 -68.06667,  48.56214
 -68.07073,  48.54003
 -68.07262,  48.52256
 -68.07339,  48.51778
 -68.07392,  48.51657
 -68.09017,  48.49687
 -68.09309,  48.47465
 -68.09753,  48.45257
 -68.12353,  48.44383
 -68.13002,  48.45564
 -68.14382,  48.47944
 -68.14851,  48.48557
 -68.16026,  48.50348
 -68.17623,  48.51459
 -68.20863,  48.52192
 -68.24029,  48.53271
 -68.27393,  48.53421
 -68.30824,  48.53263
 -68.34193,  48.53387
 -68.37681,  48.52951
 -68.39432,  48.52530
 -68.41193,  48.52395
 -68.44123,  48.50713
 -68.45089,  48.50003
 -68.47660,  48.48789
 -68.48878,  48.48109
 -68.50230,  48.49025
 -68.51971,  48.49548
 -68.52571,  48.49239
 -68.53291,  48.47056
 -68.55625,  48.45020
 -68.56647,  48.43356
 -68.56784,  48.42878
 -68.56784,  48.42693
 -68.55480,  48.40510
 -68.54272,  48.38461
 -68.54038,  48.38129
 -68.51343,  48.36261
 -68.48085,  48.35647
 -68.47860,  48.35314
 -68.46525,  48.32942
 -68.45655,  48.31066
 -68.45544,  48.30602
 -68.44796,  48.28282
 -68.44537,  48.26009
 -68.44542,  48.23759
 -68.44085,  48.22379
 -68.43565,  48.21419
 -68.42773,  48.19095
 -68.42428,  48.16813
 -68.42003,  48.16170
 -68.40145,  48.14351
 -68.39275,  48.13076
 -68.37611,  48.11864
 -68.36371,  48.10837
 -68.33186,  48.09946
 -68.31505,  48.09042
 -68.30257,  48.07847
 -68.29165,  48.06572
 -68.27467,  48.05089
 -68.26826,  48.04100
 -68.27391,  48.01901
 -68.28381,  48.00745
 -68.29565,  47.99854
 -68.30893,  47.97727
 -68.32541,  47.96954
 -68.35980,  47.96590
 -68.36744,  47.96023
 -68.38715,  47.93956
 -68.40047,  47.93203
 -68.41628,  47.91976
 -68.44069,  47.89951
 -68.44085,  47.89938
 -68.46618,  47.87936
 -68.48089,  47.86809
 -68.50874,  47.88330
 -68.51118,  47.88400
 -68.51211,  47.88362
 -68.52740,  47.86251
 -68.54980,  47.84207
 -68.55701,  47.82420
 -68.55812,  47.82031
 -68.55791,  47.81977
 -68.54640,  47.79671
 -68.54116,  47.77371
 -68.53562,  47.76495
 -68.50475,  47.75213
 -68.48822,  47.74627
 -68.47419,  47.73779
 -68.47201,  47.72224
 -68.45446,  47.69807
 -68.45019,  47.69175
 -68.44131,  47.67432
 -68.43169,  47.65089
 -68.43314,  47.62849
 -68.43163,  47.61947
 -68.41980,  47.60471
 -68.41771,  47.58197
 -68.40910,  47.56667
 -68.40189,  47.55796
 -68.39323,  47.53460
 -68.39834,  47.51255
 -68.40251,  47.49040
 -68.40147,  47.46775
 -68.40131,  47.44520
 -68.40117,  47.44320
 -68.40076,  47.42260
 -68.39874,  47.39988
 -68.39767,  47.37722
 -68.39851,  47.35476
 -68.40154,  47.33250
 -68.40467,  47.31025
 -68.41191,  47.28838
 -68.41283,  47.26591
 -68.41026,  47.24312
 -68.41637,  47.22115
 -68.42370,  47.19928
 -68.42975,  47.17730
 -68.45343,  47.15698
 -68.46072,  47.15239
 -68.48692,  47.13758
 -68.49761,  47.13407
 -68.52946,  47.14046
 -68.56191,  47.14396
 -68.56517,  47.14491
 -68.59363,  47.15111
 -68.62311,  47.16942
 -68.62860,  47.17337
 -68.63575,  47.19658
 -68.64238,  47.21974
 -68.64447,  47.22823
 -68.64795,  47.24280
 -68.65417,  47.26592
 -68.65773,  47.28878
 -68.66407,  47.29606
 -68.69531,  47.30600
 -68.72726,  47.31246
 -68.76104,  47.30977
 -68.79084,  47.30101
 -68.79655,  47.29831
 -68.83167,  47.28883
 -68.86549,  47.28579
 -68.86740,  47.28545
 -68.90020,  47.27819
 -68.92494,  47.29066
 -68.93067,  47.29214
 -68.93343,  47.29143
 -68.94769,  47.27019
 -68.97037,  47.25901
 -68.97823,  47.25040
 -68.98213,  47.22823
 -68.97911,  47.21423
 -68.97134,  47.20472
 -68.98062,  47.18302
 -68.98682,  47.16104
 -68.99015,  47.15760
 -69.02602,  47.14354
 -69.02766,  47.14217
 -69.03725,  47.12050
 -69.06574,  47.10942
 -69.09889,  47.10921
 -69.13196,  47.10944
 -69.14419,  47.10751
 -69.16683,  47.10020
 -69.18102,  47.08825
 -69.19604,  47.06704
 -69.20816,  47.04559
 -69.21185,  47.02338
 -69.20796,  47.00050
 -69.20435,  46.97765
 -69.20654,  46.95530
 -69.19963,  46.93215
 -69.19903,  46.93155
 -69.18507,  46.90832
 -69.17467,  46.88620
 -69.16289,  46.88380
 -69.14493,  46.86924
 -69.14255,  46.85944
 -69.13234,  46.83599
 -69.14935,  46.81496
 -69.15578,  46.81232
 -69.16735,  46.79403
 -69.18981,  46.77348
 -69.19711,  46.76822
 -69.21298,  46.75299
 -69.23443,  46.74490
 -69.26887,  46.73675
 -69.27178,  46.73567
 -69.30273,  46.73161
 -69.33491,  46.73541
 -69.36784,  46.73516
 -69.40076,  46.73503
 -69.43299,  46.73854
 -69.46503,  46.74318
 -69.49738,  46.74607
 -69.53010,  46.74700
 -69.56229,  46.75083
 -69.58964,  46.76339
 -69.59257,  46.76507
 -69.61005,  46.78767
 -69.61856,  46.80286
 -69.62214,  46.81123
 -69.61804,  46.83342
 -69.62596,  46.85662
 -69.63216,  46.87968
 -69.63423,  46.89737
 -69.63483,  46.90243
 -69.64712,  46.92601
 -69.65988,  46.93747
 -69.69115,  46.94688
 -69.72292,  46.95358
 -69.75578,  46.95436
 -69.78844,  46.95616
 -69.82074,  46.96002
 -69.83430,  46.96433
 -69.85169,  46.97138
 -69.88285,  46.98169
 -69.91552,  46.98353
 -69.94724,  46.99071
 -69.97552,  46.99857
 -69.97856,  47.00021
 -70.00819,  47.01933
 -70.01301,  47.02417
 -70.03625,  47.04737
 -70.03682,  47.04863
 -70.05337,  47.07249
 -70.06158,  47.09117
 -70.06824,  47.09621
 -70.09167,  47.10803
 -70.12297,  47.11805
 -70.15520,  47.12287
 -70.18917,  47.11766
 -70.20345,  47.10717
 -70.21648,  47.08572
 -70.21049,  47.06274
 -70.21385,  47.04051
 -70.21886,  47.01841
 -70.22666,  46.99654
 -70.24674,  46.97608
 -70.24706,  46.97568
 -70.28276,  46.95604
 -70.28319,  46.95592
 -70.31734,  46.94901
 -70.35128,  46.94331
 -70.38299,  46.95065
 -70.41477,  46.95756
 -70.44797,  46.95619
 -70.47265,  46.94861
 -70.48537,  46.92712
 -70.48608,  46.92564
 -70.51101,  46.90663
 -70.51389,  46.88436
 -70.50903,  46.86147
 -70.50978,  46.83904
 -70.51233,  46.81673
 -70.51056,  46.79409
 -70.51309,  46.77179
 -70.51263,  46.76754
 -70.51082,  46.74910
 -70.51490,  46.72691
 -70.51996,  46.72382
 -70.53983,  46.70636
 -70.55221,  46.68482
 -70.56197,  46.66870
 -70.56441,  46.66328
 -70.57082,  46.64127
 -70.57177,  46.61883
 -70.57064,  46.61653
 -70.54768,  46.59443
 -70.54279,  46.58693
 -70.51924,  46.56969
 -70.51341,  46.56674
 -70.48093,  46.56514
 -70.46750,  46.54308
 -70.45483,  46.52553
 -70.45233,  46.51936
 -70.44345,  46.49614
 -70.44078,  46.47341
 -70.43998,  46.45082
 -70.44273,  46.42852
 -70.44594,  46.40625
 -70.45996,  46.38485
 -70.48084,  46.36398
 -70.48195,  46.36345
 -70.51545,  46.35820
 -70.54838,  46.35641
 -70.58064,  46.35869
 -70.61318,  46.35916
 -70.62981,  46.35322
 -70.64764,  46.34806
 -70.68171,  46.33920
 -70.70074,  46.33622
 -70.71505,  46.33475
 -70.74807,  46.33223
 -70.78030,  46.33460
 -70.81369,  46.32971
 -70.84159,  46.32458
 -70.84725,  46.32373
 -70.88183,  46.31139
 -70.91464,  46.31000
 -70.92223,  46.30822
 -70.94939,  46.29636
 -70.98260,  46.29239
 -70.98624,  46.29056
 -70.99305,  46.26856
 -71.00259,  46.24677
 -71.00620,  46.22453
 -71.01703,  46.20284
 -71.03089,  46.19258
 -71.03873,  46.18195
 -71.06754,  46.16622
 -71.08212,  46.16270
 -71.10146,  46.15717
 -71.13421,  46.15551
 -71.16595,  46.16042
 -71.19527,  46.17112
END
 -15.00000, -71.76112,  46.54899
 -71.79079,  46.55777
 -71.81702,  46.57532
 -71.81974,  46.58358
 -71.82394,  46.59827
 -71.83211,  46.62130
 -71.83407,  46.64391
 -71.83464,  46.66642
 -71.83784,  46.68452
 -71.83875,  46.68917
 -71.83627,  46.69533
 -71.82828,  46.71093
 -71.82722,  46.73333
 -71.79507,  46.75323
 -71.79421,  46.75354
 -71.76118,  46.76067
 -71.72842,  46.76042
 -71.69515,  46.76353
 -71.66211,  46.76517
 -71.64679,  46.76582
 -71.62874,  46.76893
 -71.59418,  46.78064
 -71.56151,  46.77965
 -71.55209,  46.78168
 -71.53251,  46.80278
 -71.52490,  46.80480
 -71.52356,  46.80214
 -71.52030,  46.77944
 -71.50951,  46.75619
 -71.50075,  46.74731
 -71.49213,  46.73249
 -71.47345,  46.71089
 -71.47231,  46.70860
 -71.47270,  46.68615
 -71.46528,  46.66314
 -71.45908,  46.64022
 -71.46157,  46.61791
 -71.46667,  46.59579
 -71.49387,  46.57544
 -71.49406,  46.57526
 -71.52836,  46.56360
 -71.56108,  46.56347
 -71.57794,  46.55870
 -71.59563,  46.55104
 -71.62908,  46.54594
 -71.66182,  46.54560
 -71.67400,  46.54295
 -71.69546,  46.53914
 -71.72424,  46.54644
 -71.72700,  46.54693
 -71.74619,  46.54796
 -71.75947,  46.54840
 -71.76112,  46.54899
END
 -15.00000, -69.55549,  46.37722
 -69.56330,  46.38670
 -69.57426,  46.40140
 -69.59035,  46.41772
 -69.59417,  46.42567
 -69.59428,  46.44822
 -69.58198,  46.46372
 -69.57488,  46.46909
 -69.55417,  46.48985
 -69.54417,  46.49151
 -69.50974,  46.50066
 -69.47803,  46.49492
 -69.44603,  46.49085
 -69.41240,  46.49556
 -69.40930,  46.49976
 -69.37705,  46.50953
 -69.34500,  46.51665
 -69.34286,  46.51719
 -69.30994,  46.51792
 -69.27844,  46.51112
 -69.27760,  46.51068
 -69.24918,  46.49242
 -69.24310,  46.48506
 -69.24284,  46.46248
 -69.23636,  46.43934
 -69.23740,  46.41687
 -69.25002,  46.39545
 -69.25967,  46.37374
 -69.27288,  46.36604
 -69.30714,  46.35765
 -69.32107,  46.35664
 -69.34057,  46.35368
 -69.37233,  46.35864
 -69.38480,  46.36228
 -69.40313,  46.36883
 -69.43366,  46.38053
 -69.46765,  46.37345
 -69.48737,  46.37128
 -69.50077,  46.37113
 -69.53400,  46.36814
 -69.55549,  46.37722
END
 -15.00000, -67.92268,  46.58629
 -67.91355,  46.60539
 -67.91613,  46.58564
 -67.91792,  46.58469
 -67.92268,  46.58629
END
 -15.00000, -67.97858,  46.63703
 -67.96880,  46.65559
 -67.96033,  46.65782
 -67.93854,  46.67825
 -67.92934,  46.68658
 -67.91716,  46.67613
 -67.90308,  46.65500
 -67.90112,  46.65194
 -67.87610,  46.62694
 -67.87610,  46.62684
 -67.87613,  46.62680
 -67.91277,  46.60912
 -67.94457,  46.61429
 -67.97451,  46.62837
 -67.97858,  46.63703
END
 -15.00000, -69.30099,  46.98617
 -69.28539,  46.99857
 -69.26689,  47.00570
 -69.24784,  47.02228
 -69.23756,  47.02565
 -69.24629,  47.03047
 -69.25177,  47.04944
 -69.27329,  47.06243
 -69.29745,  47.07598
 -69.30328,  47.07876
 -69.33586,  47.08142
 -69.33865,  47.07959
 -69.34558,  47.05767
 -69.37597,  47.04399
 -69.38120,  47.03825
 -69.37851,  47.03047
 -69.35444,  47.01339
 -69.34992,  47.00672
 -69.33952,  46.98955
 -69.32278,  46.97542
 -69.30099,  46.98617
END
 -15.00000, -70.98914,  47.16798
 -71.00550,  47.17875
 -71.02890,  47.19340
 -71.03484,  47.20203
 -71.05733,  47.21796
 -71.06354,  47.22940
 -71.07549,  47.24177
 -71.07109,  47.26392
 -71.05650,  47.28531
 -71.05350,  47.29222
 -71.04939,  47.30725
 -71.04206,  47.32917
 -71.03198,  47.35090
 -71.02472,  47.37283
 -71.02026,  47.39497
 -71.01708,  47.41719
 -71.01735,  47.43967
 -71.00600,  47.46130
 -71.00244,  47.48349
 -70.98710,  47.49879
 -70.97625,  47.50401
 -70.95143,  47.51374
 -70.91772,  47.51655
 -70.88502,  47.51320
 -70.85288,  47.50639
 -70.82187,  47.49276
 -70.82132,  47.49247
 -70.79756,  47.46822
 -70.79365,  47.46230
 -70.77374,  47.44396
 -70.76799,  47.42106
 -70.76747,  47.41968
 -70.73975,  47.39645
 -70.73832,  47.39519
 -70.70847,  47.37510
 -70.70387,  47.37125
 -70.67834,  47.35674
 -70.67407,  47.34650
 -70.66045,  47.32298
 -70.65216,  47.31485
 -70.64144,  47.29905
 -70.63314,  47.27593
 -70.63099,  47.25328
 -70.63693,  47.23126
 -70.63910,  47.20895
 -70.65096,  47.18738
 -70.67648,  47.16874
 -70.68092,  47.16720
 -70.71022,  47.16463
 -70.74323,  47.16502
 -70.77615,  47.16584
 -70.80901,  47.16712
 -70.84275,  47.16293
 -70.86513,  47.15871
 -70.87667,  47.15767
 -70.91032,  47.15399
 -70.94338,  47.15392
 -70.97504,  47.16255
 -70.98914,  47.16798
END
 -15.00000, -70.20908,  47.13013
 -70.21881,  47.13737
 -70.22529,  47.13143
 -70.22076,  47.12614
 -70.20908,  47.13013
END
 -15.00000, -68.98258,  47.02542
 -68.98273,  47.02552
 -68.98314,  47.04801
 -68.97644,  47.05787
 -68.95969,  47.06844
 -68.95184,  47.09027
 -68.93629,  47.09409
 -68.91932,  47.08732
 -68.90682,  47.07544
 -68.89803,  47.06285
 -68.88075,  47.03964
 -68.88072,  47.03872
 -68.88110,  47.03790
 -68.90778,  47.01864
 -68.92160,  46.99988
 -68.95172,  47.01495
 -68.98258,  47.02542
END
 -15.00000, -67.39133,  49.17155
 -67.41144,  49.18739
 -67.42529,  49.19738
 -67.43974,  49.21391
 -67.44542,  49.22184
 -67.45435,  49.24520
 -67.46399,  49.25809
 -67.48825,  49.27100
 -67.49480,  49.27388
 -67.52657,  49.28558
 -67.56113,  49.27810
 -67.56279,  49.27785
 -67.56690,  49.27866
 -67.59606,  49.28300
 -67.62003,  49.28381
 -67.63039,  49.28355
 -67.63148,  49.28492
 -67.65494,  49.30965
 -67.65789,  49.31416
 -67.66946,  49.33352
 -67.67886,  49.35688
 -67.68059,  49.36611
 -67.69203,  49.38062
 -67.69945,  49.40379
 -67.69445,  49.42577
 -67.68668,  49.44748
 -67.67906,  49.46921
 -67.65676,  49.48952
 -67.65082,  49.49711
 -67.64454,  49.51081
 -67.62733,  49.53160
 -67.60646,  49.53992
 -67.58900,  49.55036
 -67.56814,  49.55613
 -67.53356,  49.55593
 -67.49850,  49.55783
 -67.47266,  49.56155
 -67.46265,  49.56314
 -67.42570,  49.57318
 -67.41158,  49.57805
 -67.40158,  49.59953
 -67.39266,  49.62111
 -67.38926,  49.64324
 -67.37213,  49.66402
 -67.36921,  49.66688
 -67.34702,  49.68401
 -67.32864,  49.69191
 -67.29580,  49.68397
 -67.28161,  49.67758
 -67.26534,  49.66592
 -67.25445,  49.65244
 -67.24640,  49.62919
 -67.24306,  49.61327
 -67.23917,  49.60601
 -67.22396,  49.58204
 -67.21680,  49.57770
 -67.18410,  49.56944
 -67.14940,  49.56966
 -67.11562,  49.56604
 -67.09037,  49.56872
 -67.07919,  49.57348
 -67.04872,  49.58701
 -67.03754,  49.60271
 -67.03452,  49.60806
 -67.02838,  49.62991
 -67.01672,  49.65121
 -67.00233,  49.67223
 -66.98796,  49.69326
 -66.98051,  49.69569
 -66.94547,  49.69695
 -66.90953,  49.70190
 -66.87872,  49.68571
 -66.87693,  49.68203
 -66.86241,  49.65807
 -66.85316,  49.64793
 -66.84739,  49.63406
 -66.85027,  49.61188
 -66.85147,  49.58952
 -66.84264,  49.56614
 -66.83960,  49.56092
 -66.81867,  49.54121
 -66.81171,  49.53305
 -66.78043,  49.51925
 -66.74586,  49.51894
 -66.71233,  49.51443
 -66.68109,  49.50457
 -66.68021,  49.50414
 -66.66420,  49.48032
 -66.65562,  49.46328
 -66.65384,  49.45675
 -66.64743,  49.43358
 -66.65379,  49.41175
 -66.65897,  49.38979
 -66.66595,  49.36801
 -66.68211,  49.35516
 -66.71489,  49.35058
 -66.71806,  49.34941
 -66.75446,  49.34174
 -66.78942,  49.33997
 -66.79891,  49.33675
 -66.81687,  49.31610
 -66.83208,  49.30638
 -66.84563,  49.29655
 -66.85186,  49.27468
 -66.85525,  49.25254
 -66.86133,  49.23066
 -66.87814,  49.20988
 -66.89413,  49.18901
 -66.89484,  49.18883
 -66.93027,  49.18466
 -66.96220,  49.19513
 -66.96700,  49.19646
 -66.99425,  49.20516
 -67.02512,  49.22017
 -67.05987,  49.21885
 -67.09645,  49.20980
 -67.09708,  49.20965
 -67.13309,  49.20045
 -67.16582,  49.20765
 -67.19115,  49.19662
 -67.20358,  49.19341
 -67.24036,  49.18331
 -67.24506,  49.17952
 -67.27873,  49.16631
 -67.30032,  49.16253
 -67.31437,  49.16094
 -67.34805,  49.16399
 -67.38146,  49.16824
 -67.39133,  49.17155
END
 -15.00000, -67.27729,  49.38508
 -67.27241,  49.40707
 -67.26058,  49.42838
 -67.26261,  49.45105
 -67.26935,  49.47419
 -67.27180,  49.49106
 -67.27731,  49.49745
 -67.30188,  49.51033
 -67.33659,  49.50987
 -67.35181,  49.50480
 -67.37061,  49.48418
 -67.36768,  49.46143
 -67.38594,  49.44075
 -67.37080,  49.41679
 -67.36254,  49.39851
 -67.35871,  49.39313
 -67.33490,  49.36895
 -67.29910,  49.37447
 -67.27729,  49.38508
END
 -15.00000, -69.91932,  49.77660
 -69.94285,  49.78945
 -69.95525,  49.80177
 -69.97272,  49.81482
 -69.97987,  49.82605
 -69.97836,  49.84828
 -69.96812,  49.86984
 -69.96001,  49.88255
 -69.95407,  49.89109
 -69.92950,  49.91152
 -69.91901,  49.91600
 -69.88493,  49.91268
 -69.84978,  49.91497
 -69.81441,  49.91841
 -69.78022,  49.91567
 -69.74531,  49.91934
 -69.74480,  49.91937
 -69.74393,  49.91923
 -69.71105,  49.91430
 -69.67889,  49.90108
 -69.67312,  49.89121
 -69.66188,  49.86795
 -69.65305,  49.85526
 -69.64936,  49.84458
 -69.64738,  49.82206
 -69.65189,  49.80006
 -69.65213,  49.77771
 -69.67146,  49.75986
 -69.67946,  49.75754
 -69.70798,  49.75002
 -69.74273,  49.74929
 -69.77548,  49.75907
 -69.80855,  49.76724
 -69.81100,  49.76805
 -69.84087,  49.77932
 -69.87489,  49.78257
 -69.89452,  49.77465
 -69.91112,  49.77404
 -69.91932,  49.77660
END
 -15.00000, -67.78066,  50.57724
 -67.78631,  50.58126
 -67.79391,  50.60085
 -67.80022,  50.62381
 -67.80058,  50.64621
 -67.79646,  50.66820
 -67.78201,  50.68923
 -67.75692,  50.70844
 -67.75568,  50.70915
 -67.72002,  50.71522
 -67.68656,  50.70718
 -67.67362,  50.70150
 -67.65525,  50.69001
 -67.64462,  50.67641
 -67.63657,  50.65328
 -67.63891,  50.63112
 -67.64144,  50.60898
 -67.65265,  50.58766
 -67.68109,  50.56794
 -67.68411,  50.56607
 -67.72076,  50.56001
 -67.75420,  50.56773
 -67.78066,  50.57724
END
 -15.00000, -68.74442,  50.79734
 -68.75881,  50.80955
 -68.76970,  50.82183
 -68.78284,  50.84527
 -68.76663,  50.86621
 -68.76674,  50.88853
 -68.74986,  50.90941
 -68.73438,  50.92355
 -68.72248,  50.92940
 -68.71481,  50.95105
 -68.72621,  50.96157
 -68.73336,  50.97495
 -68.73841,  50.99769
 -68.74052,  51.02018
 -68.73650,  51.04215
 -68.72817,  51.06374
 -68.72128,  51.08546
 -68.69762,  51.09420
 -68.68444,  51.10462
 -68.66022,  51.12487
 -68.65368,  51.13300
 -68.64651,  51.14599
 -68.63914,  51.16767
 -68.63122,  51.18929
 -68.62426,  51.21099
 -68.62564,  51.23341
 -68.61120,  51.25447
 -68.60168,  51.27595
 -68.58263,  51.29548
 -68.57915,  51.29631
 -68.54651,  51.29759
 -68.50932,  51.30449
 -68.47348,  51.30531
 -68.45423,  51.30784
 -68.43693,  51.30932
 -68.39902,  51.31939
 -68.36279,  51.32185
 -68.35964,  51.32191
 -68.32629,  51.32550
 -68.29096,  51.32388
 -68.25625,  51.31956
 -68.22865,  51.31041
 -68.22310,  51.30833
 -68.19152,  51.29025
 -68.17281,  51.28316
 -68.16396,  51.26006
 -68.16320,  51.25786
 -68.13116,  51.24203
 -68.09770,  51.23241
 -68.09648,  51.23173
 -68.06711,  51.21034
 -68.06432,  51.20654
 -68.03728,  51.18505
 -68.02936,  51.18108
 -68.00453,  51.17257
 -67.97137,  51.16195
 -67.93732,  51.15522
 -67.90252,  51.15172
 -67.86747,  51.14936
 -67.86012,  51.14341
 -67.83932,  51.11917
 -67.83897,  51.11881
 -67.82129,  51.09519
 -67.81852,  51.07259
 -67.81991,  51.05038
 -67.81998,  51.04750
 -67.81718,  51.02779
 -67.81790,  51.00552
 -67.83337,  50.98976
 -67.83631,  50.98487
 -67.83777,  50.97075
 -67.83762,  50.96264
 -67.84096,  50.95699
 -67.85110,  50.94154
 -67.86750,  50.92069
 -67.88886,  50.90307
 -67.89976,  50.90129
 -67.92600,  50.89562
 -67.94798,  50.88335
 -67.96794,  50.86717
 -67.97123,  50.86312
 -67.98338,  50.84188
 -67.98767,  50.81992
 -68.00550,  50.79919
 -68.01752,  50.77794
 -68.02423,  50.77541
 -68.06212,  50.76419
 -68.07505,  50.76080
 -68.09980,  50.75382
 -68.13544,  50.75245
 -68.16970,  50.75718
 -68.20397,  50.76190
 -68.23884,  50.76397
 -68.27438,  50.76300
 -68.31021,  50.76069
 -68.34502,  50.76301
 -68.37890,  50.76956
 -68.41006,  50.78845
 -68.41568,  50.79118
 -68.43832,  50.81550
 -68.43921,  50.81665
 -68.45520,  50.83931
 -68.46531,  50.85884
 -68.47348,  50.86324
 -68.49678,  50.87669
 -68.51939,  50.88957
 -68.52865,  50.89278
 -68.54482,  50.89178
 -68.56618,  50.88295
 -68.59150,  50.87350
 -68.60476,  50.86825
 -68.62167,  50.85378
 -68.64105,  50.83313
 -68.64897,  50.82735
 -68.66415,  50.81279
 -68.69104,  50.79609
 -68.69733,  50.79331
 -68.72859,  50.78568
 -68.74442,  50.79734
END
 -15.00000, -68.31535,  51.02797
 -68.31973,  51.03642
 -68.33423,  51.02964
 -68.32390,  51.01768
 -68.31535,  51.02797
END
 -15.00000, -65.95538,  55.18046
 -65.96081,  55.18708
 -65.97672,  55.20452
 -65.99080,  55.21635
 -65.99745,  55.22852
 -65.99552,  55.25035
 -65.97540,  55.27044
 -65.97197,  55.28045
 -65.96796,  55.29175
 -65.92590,  55.30558
 -65.89035,  55.29503
 -65.87437,  55.28278
 -65.86597,  55.25996
 -65.86274,  55.25777
 -65.85542,  55.23692
 -65.86167,  55.21550
 -65.88113,  55.19564
 -65.88160,  55.19540
 -65.90118,  55.17525
 -65.92786,  55.16798
 -65.95538,  55.18046
END
END
