 -15.00000, -78.74840,  37.87790
 -78.75877,  37.88490
 -78.77530,  37.90079
 -78.78666,  37.90696
 -78.80567,  37.92373
 -78.81438,  37.93700
 -78.81690,  37.94636
 -78.83369,  37.96907
 -78.84188,  37.97705
 -78.87011,  37.98813
 -78.89853,  37.99127
 -78.91839,  37.99278
 -78.92670,  38.00583
 -78.93172,  38.01543
 -78.95456,  38.03398
 -78.96050,  38.03830
 -78.95831,  38.06073
 -78.95906,  38.08320
 -78.95334,  38.08740
 -78.92448,  38.10158
 -78.89597,  38.09994
 -78.87826,  38.10450
 -78.86728,  38.10618
 -78.83871,  38.10706
 -78.80995,  38.11573
 -78.78120,  38.12367
 -78.77535,  38.12539
 -78.75242,  38.13273
 -78.72396,  38.12885
 -78.69536,  38.13059
 -78.68172,  38.12388
 -78.66715,  38.11762
 -78.64618,  38.10083
 -78.63953,  38.08342
 -78.63686,  38.07821
 -78.62933,  38.05562
 -78.62634,  38.03311
 -78.62851,  38.01068
 -78.62971,  37.98824
 -78.63664,  37.96590
 -78.64320,  37.94894
 -78.64674,  37.94361
 -78.65890,  37.92136
 -78.67265,  37.89913
 -78.67306,  37.89775
 -78.69540,  37.87705
 -78.70231,  37.86771
 -78.73096,  37.85978
 -78.74840,  37.87790
END
 -15.00000, -79.02347,  38.12901
 -79.03786,  38.13848
 -79.04594,  38.15177
 -79.06599,  38.15834
 -79.09461,  38.15552
 -79.12315,  38.15705
 -79.15173,  38.15590
 -79.18018,  38.16194
 -79.19627,  38.17612
 -79.20068,  38.19864
 -79.20295,  38.22113
 -79.20216,  38.24358
 -79.20367,  38.26606
 -79.19968,  38.28848
 -79.20095,  38.31095
 -79.19753,  38.33337
 -79.20525,  38.34502
 -79.23100,  38.35623
 -79.23367,  38.35696
 -79.26231,  38.35702
 -79.27010,  38.35668
 -79.29099,  38.35545
 -79.31290,  38.35715
 -79.31960,  38.35752
 -79.32545,  38.35728
 -79.34827,  38.35582
 -79.36178,  38.35767
 -79.37686,  38.35929
 -79.40549,  38.36056
 -79.43407,  38.36470
 -79.46253,  38.37666
 -79.47608,  38.38126
 -79.49088,  38.39689
 -79.50183,  38.40396
 -79.51917,  38.42220
 -79.52984,  38.42668
 -79.54771,  38.43148
 -79.57636,  38.43366
 -79.58143,  38.42712
 -79.57858,  38.40463
 -79.60556,  38.39460
 -79.63428,  38.38969
 -79.64857,  38.40520
 -79.65672,  38.42773
 -79.66233,  38.43854
 -79.67774,  38.45036
 -79.69073,  38.46156
 -79.70572,  38.47303
 -79.71861,  38.49558
 -79.71902,  38.49584
 -79.74770,  38.49781
 -79.77621,  38.51576
 -79.77930,  38.51847
 -79.80475,  38.53231
 -79.81388,  38.54116
 -79.83326,  38.55296
 -79.84193,  38.56380
 -79.85835,  38.58636
 -79.86155,  38.59834
 -79.86865,  38.60889
 -79.86133,  38.62143
 -79.85922,  38.63130
 -79.86118,  38.63628
 -79.87993,  38.65389
 -79.88965,  38.66867
 -79.89836,  38.67646
 -79.91817,  38.69642
 -79.94699,  38.69266
 -79.96438,  38.69927
 -79.97570,  38.70217
 -80.00444,  38.70904
 -80.01489,  38.72198
 -80.03305,  38.73447
 -80.03748,  38.74454
 -80.06166,  38.76357
 -80.07056,  38.76715
 -80.09034,  38.78420
 -80.10330,  38.78975
 -80.09023,  38.80293
 -80.08696,  38.81216
 -80.08331,  38.83461
 -80.07494,  38.85704
 -80.06180,  38.87946
 -80.06087,  38.88031
 -80.04377,  38.90186
 -80.03182,  38.90615
 -80.00289,  38.91262
 -79.97399,  38.91537
 -79.96263,  38.92395
 -79.97042,  38.94647
 -79.97373,  38.94763
 -79.99099,  38.94657
 -80.00269,  38.93909
 -80.00835,  38.94664
 -80.02630,  38.96920
 -80.03122,  38.98970
 -80.03278,  38.99169
 -80.05695,  39.01426
 -80.05994,  39.01761
 -80.08883,  39.02225
 -80.10390,  39.01445
 -80.11784,  39.00708
 -80.14674,  39.01233
 -80.14823,  39.01461
 -80.15652,  39.03711
 -80.15592,  39.05957
 -80.15654,  39.08205
 -80.17522,  39.09781
 -80.20419,  39.09383
 -80.23312,  39.09954
 -80.24495,  39.10477
 -80.25846,  39.12728
 -80.26196,  39.13115
 -80.29090,  39.13861
 -80.31486,  39.14986
 -80.31984,  39.15212
 -80.34782,  39.17240
 -80.34876,  39.17318
 -80.37117,  39.19490
 -80.37769,  39.19988
 -80.38137,  39.19492
 -80.38242,  39.17245
 -80.40425,  39.14999
 -80.40678,  39.14865
 -80.43577,  39.14535
 -80.45172,  39.15004
 -80.46474,  39.15261
 -80.49371,  39.16520
 -80.50057,  39.17253
 -80.51503,  39.19500
 -80.52270,  39.20641
 -80.53613,  39.21748
 -80.52383,  39.23995
 -80.54868,  39.26242
 -80.55007,  39.28489
 -80.55173,  39.28850
 -80.58078,  39.30531
 -80.58546,  39.30735
 -80.60403,  39.32982
 -80.60307,  39.35229
 -80.58083,  39.36786
 -80.55177,  39.36436
 -80.54141,  39.35232
 -80.53531,  39.32985
 -80.52270,  39.31549
 -80.50483,  39.30737
 -80.49365,  39.30108
 -80.47673,  39.28489
 -80.46462,  39.28133
 -80.45695,  39.28488
 -80.44372,  39.30734
 -80.43555,  39.31295
 -80.40649,  39.31732
 -80.37746,  39.31244
 -80.36156,  39.32973
 -80.36391,  39.35221
 -80.36784,  39.37469
 -80.37402,  39.39717
 -80.37727,  39.40081
 -80.40636,  39.39817
 -80.43543,  39.40446
 -80.45462,  39.41973
 -80.45708,  39.44220
 -80.45934,  39.46468
 -80.46137,  39.48716
 -80.46445,  39.48826
 -80.47370,  39.48716
 -80.49358,  39.47831
 -80.50510,  39.48717
 -80.52270,  39.49400
 -80.55182,  39.48949
 -80.58095,  39.49998
 -80.59978,  39.50963
 -80.60606,  39.53210
 -80.61015,  39.55362
 -80.61100,  39.55457
 -80.61465,  39.57705
 -80.61576,  39.59952
 -80.61022,  39.61026
 -80.60888,  39.62201
 -80.61025,  39.63094
 -80.61908,  39.64447
 -80.63947,  39.65106
 -80.66868,  39.65859
 -80.68440,  39.66687
 -80.69794,  39.68204
 -80.70309,  39.68933
 -80.72720,  39.70281
 -80.74603,  39.71173
 -80.75297,  39.73419
 -80.75655,  39.73969
 -80.78581,  39.74699
 -80.81509,  39.75538
 -80.81762,  39.75652
 -80.84258,  39.77893
 -80.84444,  39.78082
 -80.85896,  39.80136
 -80.87386,  39.81374
 -80.88923,  39.82375
 -80.90330,  39.84371
 -80.90529,  39.84618
 -80.92212,  39.86860
 -80.93285,  39.88844
 -80.93489,  39.89103
 -80.95765,  39.91343
 -80.95724,  39.93591
 -80.96256,  39.95135
 -80.97784,  39.95831
 -80.99203,  39.97206
 -80.99680,  39.98071
 -80.99216,  39.99180
 -80.97942,  40.00326
 -80.96294,  40.00869
 -80.94688,  40.00339
 -80.93349,  39.99227
 -80.92487,  40.00347
 -80.91913,  40.02597
 -80.93182,  40.04840
 -80.93384,  40.04947
 -80.96116,  40.07078
 -80.96303,  40.09325
 -80.96349,  40.09380
 -80.99292,  40.09883
 -81.01287,  40.11553
 -81.01419,  40.13800
 -81.01848,  40.16047
 -81.02280,  40.16513
 -81.04202,  40.18284
 -81.02990,  40.20538
 -81.02312,  40.20878
 -80.99368,  40.20834
 -80.97219,  40.22810
 -80.97083,  40.25059
 -80.96458,  40.25759
 -80.96096,  40.27310
 -80.95843,  40.29559
 -80.93662,  40.31816
 -80.93549,  40.31872
 -80.90612,  40.33859
 -80.90465,  40.34076
 -80.90614,  40.34187
 -80.92232,  40.36317
 -80.91934,  40.38567
 -80.93597,  40.39526
 -80.96543,  40.38691
 -80.99502,  40.39733
 -81.00425,  40.40783
 -81.01241,  40.43027
 -81.01481,  40.45274
 -81.02505,  40.46399
 -81.04075,  40.47511
 -81.05485,  40.49553
 -81.05688,  40.49752
 -81.08459,  40.51659
 -81.08887,  40.51984
 -81.09952,  40.54227
 -81.10816,  40.56472
 -81.10763,  40.58720
 -81.11497,  40.60820
 -81.11652,  40.60964
 -81.11500,  40.61121
 -81.11047,  40.63216
 -81.11392,  40.65462
 -81.10714,  40.67714
 -81.10298,  40.69964
 -81.08752,  40.72220
 -81.08634,  40.72423
 -81.05676,  40.73495
 -81.02705,  40.73006
 -81.02556,  40.74497
 -81.02214,  40.76747
 -81.02326,  40.78994
 -81.02759,  40.79986
 -81.05299,  40.81229
 -81.05522,  40.83477
 -81.05759,  40.83756
 -81.08220,  40.85712
 -81.08759,  40.86983
 -81.09602,  40.87954
 -81.10863,  40.90196
 -81.11275,  40.92442
 -81.11396,  40.94690
 -81.11808,  40.95494
 -81.13888,  40.96925
 -81.14817,  40.98944
 -81.14940,  40.99168
 -81.15749,  41.01411
 -81.17091,  41.03652
 -81.14871,  41.04666
 -81.13976,  41.05917
 -81.11909,  41.06756
 -81.11153,  41.08181
 -81.11932,  41.09283
 -81.14509,  41.10411
 -81.14930,  41.10843
 -81.16100,  41.12651
 -81.16859,  41.14895
 -81.17970,  41.16403
 -81.19011,  41.17131
 -81.19960,  41.19374
 -81.21001,  41.20789
 -81.21970,  41.21611
 -81.22085,  41.23858
 -81.21127,  41.26112
 -81.21058,  41.26162
 -81.18178,  41.28377
 -81.18090,  41.28477
 -81.17270,  41.30630
 -81.16425,  41.32883
 -81.16434,  41.35131
 -81.17337,  41.37374
 -81.16815,  41.39626
 -81.15214,  41.40588
 -81.12924,  41.41895
 -81.12231,  41.42147
 -81.11353,  41.44151
 -81.12261,  41.45539
 -81.13745,  41.46387
 -81.14359,  41.48632
 -81.13568,  41.50883
 -81.12330,  41.52979
 -81.09316,  41.51791
 -81.06315,  41.51878
 -81.03317,  41.52562
 -81.02248,  41.53186
 -81.00740,  41.55441
 -81.03349,  41.56617
 -81.04479,  41.57673
 -81.04234,  41.59922
 -81.03381,  41.60635
 -81.00637,  41.59937
 -81.00367,  41.59750
 -80.99449,  41.57694
 -80.97340,  41.56692
 -80.94334,  41.56596
 -80.91330,  41.56640
 -80.90120,  41.57727
 -80.89722,  41.59977
 -80.91357,  41.61134
 -80.93725,  41.62211
 -80.94263,  41.64458
 -80.91385,  41.65818
 -80.89964,  41.64472
 -80.89847,  41.62225
 -80.88350,  41.61060
 -80.85696,  41.59989
 -80.85337,  41.59867
 -80.83453,  41.57747
 -80.82320,  41.57415
 -80.80944,  41.57754
 -80.79321,  41.59047
 -80.76314,  41.58463
 -80.75787,  41.57765
 -80.73671,  41.55521
 -80.73296,  41.54631
 -80.72011,  41.55524
 -80.70297,  41.56512
 -80.67294,  41.57255
 -80.64290,  41.57642
 -80.61283,  41.56474
 -80.59854,  41.55538
 -80.58829,  41.53291
 -80.58275,  41.52748
 -80.55627,  41.51044
 -80.55271,  41.50291
 -80.52443,  41.48797
 -80.52270,  41.48359
 -80.51720,  41.46548
 -80.50222,  41.44300
 -80.49271,  41.42857
 -80.48444,  41.42051
 -80.46275,  41.40850
 -80.43727,  41.39801
 -80.43279,  41.39581
 -80.40283,  41.38804
 -80.38644,  41.37548
 -80.37290,  41.37180
 -80.35733,  41.37544
 -80.35124,  41.39791
 -80.35477,  41.42040
 -80.35398,  41.44288
 -80.34271,  41.45786
 -80.31270,  41.46254
 -80.29332,  41.44278
 -80.29158,  41.42029
 -80.29646,  41.39782
 -80.30163,  41.37535
 -80.31301,  41.36544
 -80.32849,  41.35292
 -80.32364,  41.33043
 -80.31315,  41.32204
 -80.28981,  41.30788
 -80.28694,  41.28540
 -80.28338,  41.27728
 -80.25601,  41.26285
 -80.25353,  41.25959
 -80.22497,  41.24030
 -80.22372,  41.23938
 -80.21038,  41.21777
 -80.21618,  41.19530
 -80.20352,  41.17279
 -80.19843,  41.15029
 -80.19436,  41.13213
 -80.19224,  41.12779
 -80.18336,  41.10529
 -80.17710,  41.08278
 -80.17351,  41.06029
 -80.17279,  41.03780
 -80.16511,  41.02094
 -80.15175,  41.01526
 -80.13914,  40.99273
 -80.13552,  40.98546
 -80.11024,  40.97015
 -80.10584,  40.96778
 -80.07620,  40.94805
 -80.04642,  40.95125
 -80.01658,  40.96000
 -79.98681,  40.95985
 -79.95710,  40.95249
 -79.95169,  40.94700
 -79.94673,  40.92449
 -79.94706,  40.90201
 -79.94662,  40.87952
 -79.94731,  40.85704
 -79.94829,  40.83456
 -79.95822,  40.82045
 -79.96037,  40.81214
 -79.96799,  40.78970
 -79.95866,  40.76981
 -79.95395,  40.76715
 -79.93628,  40.74457
 -79.93324,  40.72208
 -79.93447,  40.69960
 -79.93253,  40.67711
 -79.92982,  40.67429
 -79.90035,  40.65569
 -79.89930,  40.65445
 -79.88571,  40.63189
 -79.88302,  40.60939
 -79.88036,  40.58690
 -79.88291,  40.56443
 -79.88596,  40.54196
 -79.89059,  40.51950
 -79.88946,  40.49702
 -79.87232,  40.49178
 -79.84286,  40.48123
 -79.83547,  40.47423
 -79.82507,  40.45168
 -79.81716,  40.42915
 -79.81389,  40.42671
 -79.78448,  40.41531
 -79.77654,  40.40641
 -79.77820,  40.38394
 -79.75546,  40.37173
 -79.74110,  40.36121
 -79.73508,  40.33869
 -79.73662,  40.31622
 -79.75626,  40.30102
 -79.78577,  40.29822
 -79.81520,  40.30267
 -79.83984,  40.29439
 -79.84480,  40.29079
 -79.87444,  40.27351
 -79.87605,  40.27211
 -79.88107,  40.24967
 -79.88084,  40.22718
 -79.87749,  40.20469
 -79.88186,  40.18222
 -79.87540,  40.17522
 -79.84602,  40.17101
 -79.81670,  40.16069
 -79.78729,  40.16040
 -79.78305,  40.15915
 -79.75798,  40.15094
 -79.74855,  40.13644
 -79.73561,  40.11387
 -79.73600,  40.09140
 -79.72942,  40.07879
 -79.70913,  40.06873
 -79.70024,  40.06237
 -79.68817,  40.04609
 -79.67881,  40.02354
 -79.67139,  40.02069
 -79.64214,  40.01268
 -79.63406,  40.00072
 -79.61323,  39.98088
 -79.58389,  39.98078
 -79.57264,  39.97775
 -79.55463,  39.97498
 -79.53107,  39.95491
 -79.53067,  39.93243
 -79.52601,  39.92719
 -79.49679,  39.92076
 -79.48770,  39.90957
 -79.48077,  39.88702
 -79.47634,  39.86450
 -79.47528,  39.84201
 -79.47797,  39.81956
 -79.49241,  39.79720
 -79.49874,  39.79245
 -79.52803,  39.79073
 -79.55740,  39.78275
 -79.58669,  39.78020
 -79.59176,  39.77558
 -79.61626,  39.75571
 -79.61844,  39.75332
 -79.62052,  39.73085
 -79.61670,  39.72355
 -79.58840,  39.70811
 -79.58769,  39.70768
 -79.58301,  39.70807
 -79.55838,  39.71420
 -79.52899,  39.72537
 -79.49972,  39.72855
 -79.47740,  39.70715
 -79.47127,  39.68461
 -79.47118,  39.68456
 -79.47072,  39.68461
 -79.44177,  39.69660
 -79.42593,  39.68419
 -79.41292,  39.67459
 -79.38962,  39.66135
 -79.38772,  39.63885
 -79.38697,  39.61636
 -79.41415,  39.59937
 -79.42135,  39.59423
 -79.43036,  39.57183
 -79.41465,  39.56907
 -79.38920,  39.54895
 -79.38600,  39.53875
 -79.36761,  39.52626
 -79.35710,  39.52414
 -79.33244,  39.50341
 -79.33339,  39.48094
 -79.32896,  39.46786
 -79.30723,  39.45819
 -79.30005,  39.45628
 -79.27175,  39.43533
 -79.27132,  39.43523
 -79.27084,  39.43531
 -79.24194,  39.45041
 -79.21913,  39.43473
 -79.21317,  39.43266
 -79.18417,  39.42707
 -79.16917,  39.41167
 -79.17564,  39.38927
 -79.16336,  39.36664
 -79.16717,  39.34421
 -79.16795,  39.32175
 -79.17177,  39.29932
 -79.17578,  39.27689
 -79.16815,  39.25432
 -79.17249,  39.23190
 -79.17141,  39.20940
 -79.18883,  39.19088
 -79.21783,  39.19125
 -79.21999,  39.18750
 -79.22201,  39.16505
 -79.22868,  39.14264
 -79.21886,  39.13704
 -79.18986,  39.13840
 -79.16093,  39.13578
 -79.13213,  39.12759
 -79.12157,  39.11890
 -79.12006,  39.09640
 -79.11867,  39.07391
 -79.12318,  39.05149
 -79.13394,  39.03898
 -79.16302,  39.03164
 -79.16825,  39.02957
 -79.16308,  39.02855
 -79.13429,  39.02166
 -79.12100,  39.00652
 -79.10605,  38.98877
 -79.09927,  38.98377
 -79.07752,  38.97063
 -79.06613,  38.96087
 -79.07796,  38.95003
 -79.07990,  38.93858
 -79.07835,  38.93132
 -79.05710,  38.91581
 -79.05023,  38.89570
 -79.04810,  38.89322
 -79.04776,  38.87074
 -79.05087,  38.86608
 -79.08003,  38.85187
 -79.10894,  38.84933
 -79.10941,  38.84906
 -79.10897,  38.84813
 -79.08051,  38.82952
 -79.05154,  38.83481
 -79.04255,  38.82573
 -79.02303,  38.81948
 -78.99801,  38.82513
 -78.99397,  38.82928
 -78.96494,  38.83749
 -78.95257,  38.84698
 -78.96458,  38.85325
 -78.97212,  38.86973
 -78.97392,  38.89222
 -78.96494,  38.91457
 -78.96315,  38.91582
 -78.95707,  38.93694
 -78.95403,  38.95937
 -78.93296,  38.97169
 -78.92583,  38.98145
 -78.92387,  39.00389
 -78.91769,  39.02628
 -78.90233,  39.04418
 -78.89764,  39.04847
 -78.87292,  39.06384
 -78.84773,  39.04773
 -78.84443,  39.04515
 -78.82800,  39.02497
 -78.82334,  39.00242
 -78.82340,  38.97995
 -78.82812,  38.95755
 -78.84695,  38.94289
 -78.87590,  38.94044
 -78.88323,  38.93589
 -78.87761,  38.91333
 -78.87667,  38.90869
 -78.86890,  38.89073
 -78.86980,  38.86827
 -78.87576,  38.84588
 -78.87345,  38.82338
 -78.86433,  38.80077
 -78.86078,  38.77825
 -78.86461,  38.75583
 -78.87093,  38.73345
 -78.88113,  38.72333
 -78.91005,  38.71843
 -78.92568,  38.71177
 -78.93913,  38.70661
 -78.96197,  38.68981
 -78.96849,  38.68159
 -78.97459,  38.66752
 -78.98320,  38.64517
 -78.98405,  38.62271
 -78.97807,  38.60015
 -78.97466,  38.57764
 -78.97127,  38.55935
 -78.96854,  38.55508
 -78.95208,  38.53239
 -78.96049,  38.51004
 -78.96232,  38.48759
 -78.96011,  38.46510
 -78.97368,  38.45256
 -78.97871,  38.44289
 -78.97433,  38.42390
 -78.97134,  38.42032
 -78.95921,  38.39769
 -78.95280,  38.37514
 -78.94709,  38.36109
 -78.94118,  38.35250
 -78.94519,  38.33009
 -78.94783,  38.32871
 -78.95856,  38.30782
 -78.97736,  38.28919
 -78.97894,  38.28564
 -78.97770,  38.27411
 -78.97507,  38.26312
 -78.97800,  38.26067
 -78.98727,  38.24083
 -78.98306,  38.21830
 -78.98090,  38.19581
 -78.98032,  38.17334
 -78.98006,  38.16896
 -78.97597,  38.15082
 -78.98071,  38.14001
 -78.98560,  38.12849
 -79.00995,  38.10891
 -79.02347,  38.12901
END
 -15.00000, -78.79543,  38.35035
 -78.80399,  38.35492
 -78.82033,  38.37320
 -78.82703,  38.39576
 -78.83112,  38.41662
 -78.83193,  38.41830
 -78.83762,  38.44086
 -78.83019,  38.45415
 -78.82738,  38.46317
 -78.82392,  38.48558
 -78.80240,  38.50772
 -78.80012,  38.50942
 -78.77103,  38.52386
 -78.75335,  38.52943
 -78.74205,  38.53407
 -78.71346,  38.52904
 -78.71233,  38.52877
 -78.68485,  38.52469
 -78.66679,  38.50555
 -78.65694,  38.49488
 -78.65263,  38.48285
 -78.65298,  38.46039
 -78.64838,  38.43784
 -78.65191,  38.41543
 -78.65353,  38.39299
 -78.65675,  38.37058
 -78.66064,  38.35876
 -78.67200,  38.34837
 -78.68985,  38.33772
 -78.71872,  38.32928
 -78.74720,  38.33527
 -78.77576,  38.33836
 -78.79543,  38.35035
END
 -15.00000, -80.38194,  38.81291
 -80.39594,  38.83540
 -80.40728,  38.85397
 -80.41155,  38.85788
 -80.43146,  38.88037
 -80.43609,  38.89274
 -80.43787,  38.90284
 -80.44615,  38.92532
 -80.44239,  38.94779
 -80.43601,  38.95377
 -80.40984,  38.97023
 -80.40708,  38.97169
 -80.37817,  38.97358
 -80.34927,  38.97268
 -80.34604,  38.97015
 -80.33122,  38.94766
 -80.32856,  38.92518
 -80.32056,  38.90844
 -80.30410,  38.90266
 -80.29175,  38.88953
 -80.27953,  38.88015
 -80.27341,  38.85766
 -80.26305,  38.84457
 -80.25922,  38.83516
 -80.26313,  38.82534
 -80.28188,  38.81274
 -80.29204,  38.80418
 -80.32088,  38.80064
 -80.34972,  38.79840
 -80.37852,  38.81019
 -80.38194,  38.81291
END
 -15.00000, -79.75183,  38.92271
 -79.77125,  38.94531
 -79.77151,  38.94538
 -79.77164,  38.94532
 -79.77514,  38.92287
 -79.77180,  38.91898
 -79.75183,  38.92271
END
 -15.00000, -79.20943,  38.94017
 -79.22250,  38.94732
 -79.23576,  38.94047
 -79.22301,  38.91991
 -79.20943,  38.94017
END
 -15.00000, -79.09921,  39.16357
 -79.10233,  39.16696
 -79.12298,  39.18634
 -79.10152,  39.20590
 -79.09885,  39.20852
 -79.07231,  39.21537
 -79.05611,  39.20797
 -79.04625,  39.18536
 -79.05661,  39.16302
 -79.07358,  39.15583
 -79.09921,  39.16357
END
 -15.00000, -80.40617,  39.23989
 -80.40662,  39.24086
 -80.40968,  39.23989
 -80.40663,  39.23911
 -80.40617,  39.23989
END
 -15.00000, -79.26794,  39.27794
 -79.27393,  39.29387
 -79.28577,  39.27814
 -79.27451,  39.26276
 -79.26794,  39.27794
END
 -15.00000, -79.35053,  39.43616
 -79.35853,  39.44139
 -79.37318,  39.43640
 -79.35866,  39.43405
 -79.35053,  39.43616
END
 -15.00000, -79.47170,  39.54975
 -79.47325,  39.55122
 -79.47375,  39.54976
 -79.47350,  39.53494
 -79.47170,  39.54975
END
 -15.00000, -79.52852,  39.64017
 -79.53022,  39.64212
 -79.53139,  39.64019
 -79.53030,  39.63674
 -79.52852,  39.64017
END
 -15.00000, -80.71507,  39.77922
 -80.72035,  39.80169
 -80.72742,  39.82416
 -80.72758,  39.82497
 -80.73876,  39.84661
 -80.75698,  39.86228
 -80.76309,  39.86905
 -80.77729,  39.89149
 -80.78641,  39.89798
 -80.80963,  39.91389
 -80.81272,  39.93636
 -80.81589,  39.94030
 -80.84251,  39.95877
 -80.84534,  39.96875
 -80.85346,  39.98121
 -80.87482,  39.99505
 -80.90311,  39.98106
 -80.88476,  39.95864
 -80.88402,  39.93616
 -80.87445,  39.92532
 -80.84616,  39.91380
 -80.84507,  39.91219
 -80.83412,  39.89136
 -80.82050,  39.86891
 -80.81557,  39.86635
 -80.79159,  39.84650
 -80.78616,  39.83470
 -80.75962,  39.82410
 -80.75684,  39.82363
 -80.73199,  39.80167
 -80.73286,  39.77919
 -80.72742,  39.77217
 -80.71507,  39.77922
END
 -15.00000, -81.04462,  39.86811
 -81.04993,  39.87421
 -81.06091,  39.89051
 -81.07944,  39.90007
 -81.10342,  39.91278
 -81.10562,  39.93525
 -81.10910,  39.94189
 -81.13844,  39.94381
 -81.14491,  39.93504
 -81.14920,  39.91254
 -81.16726,  39.89125
 -81.19655,  39.89096
 -81.22602,  39.90721
 -81.23660,  39.91203
 -81.24960,  39.93442
 -81.25579,  39.94979
 -81.26247,  39.95682
 -81.27242,  39.97924
 -81.28555,  39.98714
 -81.30135,  40.00152
 -81.31525,  40.01786
 -81.32161,  40.02386
 -81.31991,  40.04636
 -81.31563,  40.05032
 -81.28945,  40.06905
 -81.28648,  40.07019
 -81.27278,  40.06916
 -81.25709,  40.06858
 -81.23557,  40.04692
 -81.23220,  40.02446
 -81.22719,  40.01888
 -81.19865,  40.00218
 -81.19765,  40.00080
 -81.18361,  39.97978
 -81.16801,  39.96932
 -81.16086,  39.97991
 -81.15943,  40.00240
 -81.13914,  40.02016
 -81.10979,  40.02032
 -81.08715,  40.00278
 -81.08527,  39.98031
 -81.08006,  39.97459
 -81.05070,  39.97238
 -81.03081,  39.95808
 -81.02174,  39.93564
 -81.02108,  39.93361
 -81.00341,  39.91324
 -80.99540,  39.89080
 -81.00000,  39.86830
 -81.02051,  39.85677
 -81.04462,  39.86811
END
 -15.00000, -79.81569,  39.97951
 -79.81859,  39.98140
 -79.81940,  39.97953
 -79.81861,  39.97913
 -79.81569,  39.97951
END
 -15.00000, -79.71902,  39.97887
 -79.73037,  39.99868
 -79.74832,  39.97907
 -79.73071,  39.96998
 -79.71902,  39.97887
END
 -15.00000, -79.90421,  40.29475
 -79.93316,  40.29811
 -79.93581,  40.29492
 -79.93323,  40.29074
 -79.90421,  40.29475
END
 -15.00000, -79.70776,  40.51836
 -79.71497,  40.54089
 -79.72381,  40.55000
 -79.75325,  40.56294
 -79.75381,  40.56364
 -79.76499,  40.58620
 -79.76939,  40.60871
 -79.76852,  40.63119
 -79.76416,  40.65364
 -79.75201,  40.66941
 -79.72234,  40.67257
 -79.69274,  40.66867
 -79.68115,  40.65306
 -79.67423,  40.63054
 -79.66380,  40.61455
 -79.65279,  40.60789
 -79.64217,  40.58533
 -79.63485,  40.56402
 -79.63384,  40.56278
 -79.63490,  40.56099
 -79.63834,  40.54033
 -79.63923,  40.51785
 -79.66525,  40.50135
 -79.69480,  40.50314
 -79.70776,  40.51836
END
 -15.00000, -79.95625,  40.54233
 -79.96054,  40.54748
 -79.96642,  40.54238
 -79.96062,  40.53863
 -79.95625,  40.54233
END
 -15.00000, -80.00903,  40.58754
 -80.01938,  40.59165
 -80.02448,  40.58761
 -80.01946,  40.58103
 -80.00903,  40.58754
END
 -15.00000, -80.07471,  40.79016
 -80.07724,  40.79368
 -80.07858,  40.79017
 -80.07729,  40.78617
 -80.07471,  40.79016
END
 -14.00000, -79.54549,  38.78629
 -79.57139,  38.79280
 -79.60026,  38.78959
 -79.62885,  38.80716
 -79.63508,  38.80950
 -79.65749,  38.82320
 -79.66819,  38.83222
 -79.67151,  38.85471
 -79.67600,  38.87722
 -79.67931,  38.89972
 -79.68528,  38.90862
 -79.68832,  38.92225
 -79.69581,  38.94479
 -79.71358,  38.95698
 -79.74239,  38.96499
 -79.76005,  38.96770
 -79.77122,  38.97163
 -79.80007,  38.97651
 -79.82587,  38.99060
 -79.82881,  38.99254
 -79.83385,  38.99065
 -79.83540,  38.96819
 -79.84332,  38.94577
 -79.85512,  38.92337
 -79.85841,  38.92162
 -79.87003,  38.92345
 -79.88722,  38.93000
 -79.89204,  38.94605
 -79.89525,  38.96854
 -79.90361,  38.99105
 -79.91551,  38.99626
 -79.93468,  38.99122
 -79.94450,  38.98814
 -79.97340,  38.98960
 -79.97471,  38.99142
 -79.97418,  39.01389
 -79.99171,  39.03645
 -80.00188,  39.04520
 -80.02467,  39.05907
 -80.03070,  39.06104
 -80.05963,  39.06244
 -80.08853,  39.06964
 -80.09899,  39.08184
 -80.10883,  39.10435
 -80.11723,  39.11030
 -80.14071,  39.12694
 -80.14041,  39.14941
 -80.11694,  39.15786
 -80.08796,  39.15865
 -80.05895,  39.16240
 -80.03632,  39.17149
 -80.04683,  39.19400
 -80.05870,  39.19955
 -80.07397,  39.21659
 -80.08749,  39.23087
 -80.09646,  39.23915
 -80.11641,  39.24714
 -80.14544,  39.24555
 -80.16608,  39.23939
 -80.16903,  39.21693
 -80.17466,  39.20654
 -80.18088,  39.19448
 -80.19086,  39.17204
 -80.20387,  39.16455
 -80.23286,  39.16154
 -80.25574,  39.17222
 -80.26177,  39.17982
 -80.28053,  39.19474
 -80.29067,  39.20658
 -80.30831,  39.21727
 -80.31963,  39.22324
 -80.32748,  39.23978
 -80.31954,  39.25003
 -80.29599,  39.26220
 -80.29045,  39.27223
 -80.27866,  39.28463
 -80.26134,  39.29160
 -80.23761,  39.28454
 -80.23234,  39.28337
 -80.20330,  39.28357
 -80.17437,  39.26272
 -80.16910,  39.28435
 -80.16407,  39.30680
 -80.14976,  39.32924
 -80.17396,  39.34343
 -80.20308,  39.33099
 -80.21759,  39.32944
 -80.23220,  39.31597
 -80.23594,  39.32948
 -80.26112,  39.34845
 -80.26771,  39.35204
 -80.29014,  39.36348
 -80.30652,  39.37459
 -80.31738,  39.39709
 -80.31910,  39.39976
 -80.33530,  39.41959
 -80.34476,  39.44208
 -80.34806,  39.44611
 -80.36137,  39.46459
 -80.37710,  39.47821
 -80.38409,  39.48709
 -80.40190,  39.50959
 -80.40616,  39.51166
 -80.43528,  39.51933
 -80.46442,  39.52020
 -80.48884,  39.53212
 -80.46563,  39.55459
 -80.46439,  39.55486
 -80.45559,  39.55458
 -80.43524,  39.55310
 -80.42543,  39.55457
 -80.40608,  39.55618
 -80.37691,  39.56479
 -80.37124,  39.57698
 -80.37685,  39.59204
 -80.38654,  39.59948
 -80.40600,  39.60668
 -80.42622,  39.62200
 -80.43514,  39.62899
 -80.46432,  39.63770
 -80.49351,  39.64009
 -80.50232,  39.64451
 -80.52270,  39.65377
 -80.53831,  39.66699
 -80.55141,  39.68946
 -80.55190,  39.68988
 -80.57206,  39.71194
 -80.58114,  39.71999
 -80.59195,  39.73440
 -80.60233,  39.75688
 -80.60725,  39.77935
 -80.61045,  39.78655
 -80.62305,  39.80182
 -80.63055,  39.82429
 -80.63979,  39.84008
 -80.64403,  39.84676
 -80.66267,  39.86921
 -80.66371,  39.89169
 -80.66922,  39.90808
 -80.68949,  39.91413
 -80.69855,  39.91611
 -80.72786,  39.91640
 -80.75075,  39.93650
 -80.75726,  39.94156
 -80.78316,  39.95892
 -80.78665,  39.96053
 -80.80222,  39.98135
 -80.80613,  40.00383
 -80.81622,  40.01488
 -80.83585,  40.02623
 -80.83495,  40.04871
 -80.81639,  40.05552
 -80.79202,  40.07130
 -80.79299,  40.09378
 -80.81664,  40.11236
 -80.82523,  40.11618
 -80.83920,  40.13862
 -80.82169,  40.16114
 -80.81687,  40.16405
 -80.80428,  40.18367
 -80.80852,  40.20614
 -80.81712,  40.22272
 -80.82377,  40.22858
 -80.83006,  40.25105
 -80.82950,  40.27353
 -80.82777,  40.29601
 -80.82406,  40.31850
 -80.81761,  40.33212
 -80.81545,  40.34101
 -80.81767,  40.34512
 -80.84088,  40.36343
 -80.84731,  40.37473
 -80.86613,  40.38584
 -80.87440,  40.40829
 -80.87700,  40.40934
 -80.89240,  40.43072
 -80.88475,  40.45322
 -80.87726,  40.45704
 -80.85496,  40.45331
 -80.84767,  40.45003
 -80.83225,  40.45338
 -80.81816,  40.45651
 -80.81335,  40.47591
 -80.81832,  40.49311
 -80.82420,  40.49836
 -80.84799,  40.51522
 -80.85384,  40.52076
 -80.86940,  40.54320
 -80.87782,  40.56380
 -80.87937,  40.56565
 -80.89370,  40.58809
 -80.90392,  40.61054
 -80.90416,  40.63302
 -80.90463,  40.65550
 -80.88615,  40.67804
 -80.88962,  40.70052
 -80.90827,  40.71080
 -80.92640,  40.72288
 -80.93807,  40.73348
 -80.94329,  40.74530
 -80.96796,  40.76709
 -80.96880,  40.76768
 -80.97800,  40.79013
 -80.98652,  40.81258
 -80.99220,  40.83504
 -80.99824,  40.84909
 -81.00328,  40.85748
 -81.02812,  40.86977
 -81.03706,  40.87981
 -81.03024,  40.90233
 -81.02838,  40.90373
 -80.99870,  40.91276
 -80.99175,  40.92498
 -80.98844,  40.94747
 -80.99033,  40.96994
 -80.99483,  40.99241
 -80.99931,  40.99853
 -81.00703,  41.01484
 -81.01659,  41.03728
 -81.01877,  41.05975
 -81.02968,  41.07299
 -81.03613,  41.08216
 -81.04089,  41.10463
 -81.05064,  41.12706
 -81.05235,  41.14954
 -81.04998,  41.17203
 -81.04564,  41.19453
 -81.03072,  41.20808
 -81.02041,  41.21712
 -81.00320,  41.23968
 -81.00596,  41.26215
 -81.00257,  41.28465
 -81.00729,  41.30711
 -81.00774,  41.32959
 -81.01434,  41.35204
 -81.02672,  41.37447
 -81.02935,  41.39694
 -81.02184,  41.41945
 -81.01648,  41.44196
 -81.00514,  41.46449
 -81.00271,  41.46661
 -80.98322,  41.48706
 -80.97291,  41.49544
 -80.96319,  41.48714
 -80.94278,  41.47717
 -80.91276,  41.47512
 -80.88278,  41.48021
 -80.86308,  41.48747
 -80.85289,  41.50374
 -80.84947,  41.50999
 -80.82296,  41.52291
 -80.79295,  41.52600
 -80.76289,  41.51590
 -80.74893,  41.51022
 -80.73281,  41.50095
 -80.70277,  41.49214
 -80.67276,  41.49439
 -80.65025,  41.48790
 -80.64273,  41.48661
 -80.61270,  41.47043
 -80.61222,  41.46545
 -80.59984,  41.44298
 -80.58891,  41.42050
 -80.58264,  41.40882
 -80.57467,  41.39803
 -80.55266,  41.38995
 -80.53667,  41.37556
 -80.52270,  41.36725
 -80.49274,  41.35691
 -80.48693,  41.35307
 -80.46281,  41.33059
 -80.46280,  41.33058
 -80.43291,  41.31085
 -80.42948,  41.30808
 -80.41393,  41.28558
 -80.40302,  41.28265
 -80.37314,  41.26916
 -80.36472,  41.26305
 -80.35546,  41.24055
 -80.34333,  41.23104
 -80.32536,  41.21803
 -80.31350,  41.21169
 -80.29070,  41.19548
 -80.28371,  41.18575
 -80.27075,  41.17295
 -80.25437,  41.15043
 -80.25398,  41.14975
 -80.24435,  41.12793
 -80.23438,  41.10542
 -80.23298,  41.08294
 -80.22449,  41.06754
 -80.21686,  41.06041
 -80.22120,  41.03794
 -80.19576,  41.01539
 -80.19495,  41.01321
 -80.18421,  40.99287
 -80.17645,  40.97037
 -80.17367,  40.94788
 -80.17041,  40.92539
 -80.16568,  40.91537
 -80.15077,  40.90284
 -80.14480,  40.88034
 -80.13733,  40.85783
 -80.13933,  40.83536
 -80.13644,  40.82835
 -80.11692,  40.81280
 -80.10689,  40.80250
 -80.09914,  40.79025
 -80.10107,  40.76778
 -80.10720,  40.75209
 -80.11027,  40.74532
 -80.10728,  40.73865
 -80.09507,  40.72279
 -80.07780,  40.71024
 -80.06419,  40.70019
 -80.04835,  40.68195
 -80.04284,  40.67762
 -80.02648,  40.65507
 -80.01900,  40.64202
 -80.01171,  40.63252
 -80.01909,  40.63065
 -80.04877,  40.62273
 -80.06249,  40.61025
 -80.07854,  40.60064
 -80.08690,  40.58786
 -80.07867,  40.58063
 -80.04917,  40.56575
 -80.04871,  40.56523
 -80.01979,  40.54263
 -80.01975,  40.54251
 -80.00992,  40.52010
 -79.99046,  40.50628
 -79.97432,  40.49745
 -79.97050,  40.47495
 -79.99082,  40.46087
 -80.02042,  40.45403
 -80.02560,  40.45272
 -80.03938,  40.43030
 -80.02073,  40.41259
 -80.00792,  40.40768
 -79.99133,  40.39609
 -79.97173,  40.38503
 -79.98236,  40.36260
 -79.99172,  40.34719
 -79.99309,  40.34017
 -79.99197,  40.31768
 -79.99631,  40.29522
 -79.99226,  40.27961
 -79.98985,  40.27270
 -79.96944,  40.25013
 -79.96313,  40.23821
 -79.95722,  40.22758
 -79.95836,  40.20511
 -79.95190,  40.18260
 -79.93437,  40.16019
 -79.93422,  40.16002
 -79.93442,  40.15510
 -79.93478,  40.13755
 -79.93458,  40.13731
 -79.90526,  40.12787
 -79.87875,  40.11477
 -79.87600,  40.11269
 -79.84676,  40.09691
 -79.81739,  40.09529
 -79.81274,  40.09189
 -79.80501,  40.06937
 -79.79464,  40.04682
 -79.79971,  40.02437
 -79.81824,  40.01446
 -79.84754,  40.02015
 -79.85648,  40.02472
 -79.87408,  40.04730
 -79.87662,  40.04853
 -79.87748,  40.04732
 -79.88313,  40.02487
 -79.90639,  40.00527
 -79.91476,  40.00256
 -79.93590,  39.98594
 -79.93791,  39.98020
 -79.93597,  39.97861
 -79.90665,  39.97695
 -79.87730,  39.97842
 -79.84798,  39.97637
 -79.81879,  39.96266
 -79.80215,  39.95694
 -79.78966,  39.94453
 -79.77509,  39.93429
 -79.76055,  39.92546
 -79.74061,  39.91158
 -79.73152,  39.90123
 -79.70887,  39.88888
 -79.70239,  39.88631
 -79.68767,  39.88873
 -79.67304,  39.89087
 -79.64479,  39.91088
 -79.64335,  39.92110
 -79.64104,  39.93333
 -79.61369,  39.94638
 -79.59809,  39.93299
 -79.59799,  39.91051
 -79.59839,  39.88804
 -79.61473,  39.86980
 -79.64401,  39.86992
 -79.64823,  39.86595
 -79.65911,  39.84355
 -79.66412,  39.82111
 -79.67406,  39.81041
 -79.70332,  39.80998
 -79.73261,  39.80840
 -79.75011,  39.79924
 -79.74839,  39.77675
 -79.73315,  39.76213
 -79.71620,  39.75405
 -79.70412,  39.74485
 -79.68187,  39.73132
 -79.67508,  39.72934
 -79.64604,  39.71443
 -79.64176,  39.70854
 -79.63061,  39.68597
 -79.61734,  39.67594
 -79.59065,  39.66317
 -79.58834,  39.66083
 -79.56445,  39.64048
 -79.56535,  39.61801
 -79.56313,  39.59551
 -79.56938,  39.57308
 -79.58981,  39.55521
 -79.59128,  39.55079
 -79.58988,  39.54959
 -79.56995,  39.52813
 -79.56113,  39.52164
 -79.53587,  39.52784
 -79.53185,  39.53105
 -79.53036,  39.52779
 -79.53191,  39.52648
 -79.54685,  39.50546
 -79.54404,  39.48296
 -79.53271,  39.47237
 -79.50346,  39.48100
 -79.50200,  39.48259
 -79.48420,  39.50490
 -79.47393,  39.50738
 -79.46788,  39.50475
 -79.45309,  39.48214
 -79.44904,  39.45962
 -79.44611,  39.43711
 -79.44592,  39.43694
 -79.41714,  39.41699
 -79.41258,  39.41431
 -79.38830,  39.40189
 -79.35938,  39.39159
 -79.35899,  39.39130
 -79.34534,  39.36868
 -79.33084,  39.36073
 -79.30182,  39.35832
 -79.29919,  39.36819
 -79.29415,  39.39061
 -79.27184,  39.40741
 -79.24281,  39.40431
 -79.21378,  39.40106
 -79.20405,  39.38960
 -79.20544,  39.36714
 -79.20490,  39.34466
 -79.20999,  39.32224
 -79.21542,  39.31641
 -79.22971,  39.32247
 -79.24417,  39.33223
 -79.25260,  39.34520
 -79.27275,  39.35804
 -79.29961,  39.34572
 -79.30213,  39.34091
 -79.31424,  39.32340
 -79.33166,  39.31429
 -79.36074,  39.31259
 -79.38979,  39.31262
 -79.40654,  39.32435
 -79.41674,  39.34692
 -79.41827,  39.34755
 -79.44731,  39.34942
 -79.47624,  39.35807
 -79.50121,  39.34771
 -79.49265,  39.32516
 -79.47685,  39.31823
 -79.44779,  39.31905
 -79.41943,  39.30200
 -79.41908,  39.29802
 -79.41705,  39.27950
 -79.41945,  39.27542
 -79.44437,  39.25729
 -79.44878,  39.25613
 -79.47787,  39.25256
 -79.49050,  39.23524
 -79.47839,  39.21846
 -79.44942,  39.21564
 -79.42027,  39.22505
 -79.39153,  39.21182
 -79.39298,  39.18936
 -79.39194,  39.18376
 -79.37649,  39.16672
 -79.36328,  39.16386
 -79.34579,  39.14392
 -79.34631,  39.12146
 -79.36419,  39.11096
 -79.39307,  39.11600
 -79.41038,  39.09964
 -79.40282,  39.07708
 -79.39385,  39.06860
 -79.36509,  39.05814
 -79.33784,  39.07642
 -79.33558,  39.09063
 -79.32780,  39.07632
 -79.32486,  39.05381
 -79.31052,  39.03119
 -79.33691,  39.01452
 -79.33929,  39.00902
 -79.34627,  38.98661
 -79.34023,  38.96408
 -79.33783,  38.96154
 -79.30907,  38.95382
 -79.28056,  38.96344
 -79.29592,  38.98608
 -79.28774,  39.00846
 -79.27911,  39.01181
 -79.27002,  39.00827
 -79.25060,  38.98949
 -79.24867,  38.98556
 -79.25072,  38.98298
 -79.27967,  38.96343
 -79.27999,  38.96333
 -79.30284,  38.94122
 -79.30799,  38.91880
 -79.30975,  38.91576
 -79.33871,  38.91105
 -79.34896,  38.91923
 -79.35606,  38.94178
 -79.36694,  38.94886
 -79.39452,  38.96464
 -79.39556,  38.96542
 -79.40856,  38.98725
 -79.42376,  39.00914
 -79.44132,  38.98757
 -79.45331,  38.96907
 -79.45728,  38.96525
 -79.48248,  38.95222
 -79.48821,  38.94307
 -79.48792,  38.92059
 -79.49162,  38.89816
 -79.50430,  38.87580
 -79.51001,  38.85337
 -79.50802,  38.83089
 -79.51337,  38.81729
 -79.52041,  38.80854
 -79.53818,  38.78622
 -79.54267,  38.78509
 -79.54549,  38.78629
END
 -14.00000, -79.56281,  38.92125
 -79.55828,  38.94369
 -79.55039,  38.96609
 -79.54247,  38.98849
 -79.56844,  39.00394
 -79.59695,  38.98895
 -79.59771,  38.96649
 -79.59481,  38.94400
 -79.58487,  38.92144
 -79.56969,  38.91423
 -79.56281,  38.92125
END
 -14.00000, -79.14553,  38.93940
 -79.13567,  38.95383
 -79.10693,  38.94635
 -79.10173,  38.93886
 -79.10737,  38.92545
 -79.13637,  38.91987
 -79.14553,  38.93940
END
 -14.00000, -79.18265,  38.98479
 -79.16378,  38.99358
 -79.15733,  38.98449
 -79.16418,  38.97318
 -79.18265,  38.98479
END
 -14.00000, -78.88348,  38.98083
 -78.87447,  38.99952
 -78.86519,  38.98057
 -78.87511,  38.97305
 -78.88348,  38.98083
END
 -14.00000, -79.85490,  39.01325
 -79.84937,  39.03569
 -79.85720,  39.04619
 -79.88615,  39.04380
 -79.89442,  39.03595
 -79.89015,  39.01345
 -79.88650,  39.00761
 -79.85756,  39.00917
 -79.85490,  39.01325
END
 -14.00000, -79.60741,  39.03399
 -79.60651,  39.05645
 -79.59650,  39.06638
 -79.56748,  39.07219
 -79.55766,  39.07851
 -79.56723,  39.09003
 -79.59627,  39.08381
 -79.62519,  39.08585
 -79.63261,  39.07913
 -79.63625,  39.05669
 -79.63879,  39.03424
 -79.62609,  39.01764
 -79.60741,  39.03399
END
 -14.00000, -79.44283,  39.03253
 -79.45207,  39.04776
 -79.47132,  39.05527
 -79.48087,  39.05672
 -79.48556,  39.05540
 -79.50300,  39.03309
 -79.48157,  39.01163
 -79.45265,  39.01118
 -79.44283,  39.03253
END
 -14.00000, -79.82293,  39.08047
 -79.82781,  39.09009
 -79.83157,  39.08052
 -79.82797,  39.07446
 -79.82293,  39.08047
END
 -14.00000, -79.24160,  39.07537
 -79.23936,  39.09782
 -79.21939,  39.10955
 -79.19044,  39.10900
 -79.16154,  39.10525
 -79.15260,  39.09680
 -79.15302,  39.07433
 -79.16232,  39.06644
 -79.19136,  39.06202
 -79.22032,  39.06110
 -79.24160,  39.07537
END
 -14.00000, -79.96439,  39.12621
 -79.97215,  39.14346
 -79.98780,  39.12632
 -79.97234,  39.12103
 -79.96439,  39.12621
END
 -14.00000, -79.39638,  39.12197
 -79.40036,  39.14448
 -79.42133,  39.15982
 -79.43961,  39.14486
 -79.43764,  39.12238
 -79.42222,  39.10439
 -79.39638,  39.12197
END
 -14.00000, -79.30242,  39.16595
 -79.30485,  39.18844
 -79.29116,  39.21077
 -79.27535,  39.21664
 -79.24618,  39.22559
 -79.24341,  39.23272
 -79.21666,  39.25173
 -79.20819,  39.23232
 -79.21722,  39.22297
 -79.24257,  39.21023
 -79.24200,  39.18775
 -79.24709,  39.17692
 -79.25458,  39.16542
 -79.27647,  39.15627
 -79.30242,  39.16595
END
 -14.00000, -80.46735,  39.23994
 -80.46466,  39.24122
 -80.46354,  39.23994
 -80.46466,  39.23692
 -80.46735,  39.23994
END
 -14.00000, -79.71157,  39.28199
 -79.73872,  39.28394
 -79.76772,  39.28699
 -79.77106,  39.28240
 -79.76783,  39.27750
 -79.73878,  39.27893
 -79.71157,  39.28199
END
 -14.00000, -79.50850,  39.37026
 -79.51909,  39.39283
 -79.53380,  39.39791
 -79.55161,  39.39311
 -79.55263,  39.37065
 -79.53431,  39.36284
 -79.50850,  39.37026
END
 -14.00000, -79.59574,  39.57330
 -79.61413,  39.59593
 -79.61840,  39.59660
 -79.61964,  39.59597
 -79.62325,  39.57352
 -79.61884,  39.56371
 -79.59574,  39.57330
END
 -14.00000, -79.48191,  39.61728
 -79.49171,  39.63984
 -79.47160,  39.65707
 -79.44859,  39.63944
 -79.46023,  39.61708
 -79.47231,  39.61200
 -79.48191,  39.61728
END
 -14.00000, -79.56898,  39.82035
 -79.58610,  39.82240
 -79.59430,  39.84304
 -79.58555,  39.86206
 -79.55627,  39.86176
 -79.53054,  39.84251
 -79.55399,  39.82022
 -79.55687,  39.81956
 -79.56898,  39.82035
END
 -14.00000, -80.66758,  39.93664
 -80.66929,  39.93830
 -80.67200,  39.93663
 -80.66927,  39.92948
 -80.66758,  39.93664
END
 -14.00000, -80.78168,  40.04884
 -80.78703,  40.05630
 -80.79256,  40.04882
 -80.78695,  40.03664
 -80.78168,  40.04884
END
 -14.00000, -80.78463,  40.11628
 -80.75793,  40.13639
 -80.75597,  40.13882
 -80.75795,  40.14051
 -80.78737,  40.14361
 -80.79081,  40.13874
 -80.79224,  40.11626
 -80.78725,  40.11300
 -80.78463,  40.11628
END
 -14.00000, -79.95706,  40.38496
 -79.93227,  40.39919
 -79.90274,  40.39988
 -79.88323,  40.40705
 -79.87305,  40.41719
 -79.86894,  40.40697
 -79.85384,  40.38440
 -79.87347,  40.37346
 -79.90298,  40.37387
 -79.93251,  40.37130
 -79.95706,  40.38496
END
 -14.00000, -80.81415,  40.43094
 -80.81808,  40.43891
 -80.82040,  40.43093
 -80.81804,  40.42957
 -80.81415,  40.43094
END
 -14.00000, -80.03350,  40.78999
 -80.02058,  40.81242
 -80.03049,  40.83494
 -80.01745,  40.84660
 -80.01191,  40.83487
 -80.01633,  40.81240
 -80.00871,  40.78989
 -80.01801,  40.77329
 -80.03350,  40.78999
END
 -13.00000, -80.33337,  40.13890
 -80.31684,  40.14265
 -80.30964,  40.13886
 -80.31686,  40.13715
 -80.33337,  40.13890
END
 -13.00000, -80.43971,  40.34136
 -80.46369,  40.35611
 -80.47524,  40.36386
 -80.49318,  40.37582
 -80.49892,  40.38634
 -80.52270,  40.40544
 -80.53467,  40.40883
 -80.54846,  40.43131
 -80.55223,  40.43967
 -80.56355,  40.45378
 -80.58179,  40.46633
 -80.59322,  40.47626
 -80.59617,  40.49874
 -80.59434,  40.52121
 -80.59734,  40.54370
 -80.61147,  40.55905
 -80.61859,  40.56617
 -80.63057,  40.58863
 -80.61735,  40.61113
 -80.61155,  40.61758
 -80.59599,  40.63363
 -80.58689,  40.65612
 -80.61161,  40.66470
 -80.63721,  40.67856
 -80.64130,  40.69017
 -80.64403,  40.70103
 -80.64133,  40.71330
 -80.63943,  40.72352
 -80.64136,  40.72678
 -80.64575,  40.74600
 -80.67111,  40.76608
 -80.67516,  40.76844
 -80.68768,  40.79091
 -80.70090,  40.80537
 -80.70732,  40.81336
 -80.73067,  40.82752
 -80.73577,  40.83579
 -80.74645,  40.85826
 -80.75850,  40.88071
 -80.76060,  40.88562
 -80.77032,  40.90318
 -80.78265,  40.92563
 -80.78687,  40.94810
 -80.78363,  40.97059
 -80.78725,  40.99307
 -80.78796,  41.01555
 -80.79089,  41.02178
 -80.79913,  41.03800
 -80.81086,  41.06046
 -80.81173,  41.08294
 -80.82103,  41.09859
 -80.82872,  41.10538
 -80.83584,  41.12784
 -80.84596,  41.15029
 -80.85060,  41.17276
 -80.85125,  41.17566
 -80.85847,  41.19522
 -80.86595,  41.21769
 -80.87267,  41.24015
 -80.86589,  41.26265
 -80.86147,  41.28514
 -80.85958,  41.30763
 -80.85349,  41.33012
 -80.85204,  41.33363
 -80.84673,  41.35263
 -80.82228,  41.37464
 -80.82151,  41.37518
 -80.79985,  41.39771
 -80.79243,  41.40049
 -80.76249,  41.40726
 -80.73252,  41.40934
 -80.70308,  41.39790
 -80.70251,  41.39764
 -80.68128,  41.37545
 -80.67248,  41.37103
 -80.64251,  41.36193
 -80.62817,  41.35303
 -80.61253,  41.34000
 -80.60183,  41.33057
 -80.58256,  41.31887
 -80.56654,  41.30811
 -80.55262,  41.29628
 -80.54431,  41.28563
 -80.53700,  41.26315
 -80.52437,  41.24067
 -80.52270,  41.23395
 -80.49281,  41.22034
 -80.48997,  41.21819
 -80.46812,  41.19570
 -80.46295,  41.18254
 -80.46056,  41.17321
 -80.44676,  41.15071
 -80.43690,  41.12823
 -80.43316,  41.12388
 -80.41939,  41.10573
 -80.40887,  41.08324
 -80.40341,  41.06865
 -80.40081,  41.06075
 -80.39051,  41.03825
 -80.38337,  41.01577
 -80.37901,  40.99328
 -80.37381,  40.97132
 -80.37367,  40.97079
 -80.37382,  40.97000
 -80.37627,  40.94831
 -80.37618,  40.92583
 -80.37392,  40.92234
 -80.35072,  40.90331
 -80.34425,  40.89147
 -80.33578,  40.88081
 -80.31577,  40.85829
 -80.31461,  40.85761
 -80.29368,  40.83576
 -80.31139,  40.81332
 -80.31476,  40.81145
 -80.34451,  40.79448
 -80.35306,  40.79090
 -80.35505,  40.76842
 -80.34462,  40.75372
 -80.32514,  40.74589
 -80.34467,  40.73452
 -80.37435,  40.72985
 -80.40402,  40.72949
 -80.41577,  40.72353
 -80.43372,  40.71203
 -80.44370,  40.70107
 -80.45026,  40.67859
 -80.46117,  40.65612
 -80.46118,  40.63364
 -80.46345,  40.62985
 -80.47585,  40.61116
 -80.48154,  40.58868
 -80.47229,  40.56619
 -80.46351,  40.55967
 -80.45241,  40.54370
 -80.44719,  40.52121
 -80.43698,  40.49873
 -80.43401,  40.48697
 -80.42528,  40.47623
 -80.40449,  40.46880
 -80.37563,  40.45370
 -80.37497,  40.45264
 -80.36239,  40.43120
 -80.36012,  40.40872
 -80.37511,  40.38878
 -80.37797,  40.38626
 -80.40467,  40.36656
 -80.41142,  40.36382
 -80.42358,  40.34135
 -80.43421,  40.33740
 -80.43971,  40.34136
END
 -13.00000, -80.56776,  40.67861
 -80.57934,  40.70108
 -80.58201,  40.70303
 -80.58682,  40.70108
 -80.59908,  40.67859
 -80.58196,  40.65799
 -80.56776,  40.67861
END
END
