 -15.00000, -79.02168,  41.68068
 -79.01752,  41.68669
 -79.01459,  41.68059
 -79.01773,  41.67771
 -79.02168,  41.68068
END
 -15.00000, -78.93137,  41.72446
 -78.93153,  41.74695
 -78.92566,  41.75023
 -78.92012,  41.74679
 -78.92142,  41.72433
 -78.92636,  41.72155
 -78.93137,  41.72446
END
 -15.00000, -78.94224,  41.88199
 -78.93565,  41.90438
 -78.92168,  41.91248
 -78.89610,  41.92633
 -78.89079,  41.93968
 -78.88221,  41.94862
 -78.86016,  41.95564
 -78.84841,  41.94814
 -78.85066,  41.92569
 -78.86108,  41.91938
 -78.89137,  41.91693
 -78.90143,  41.90392
 -78.90302,  41.88146
 -78.92286,  41.86465
 -78.94224,  41.88199
END
 -15.00000, -78.83012,  41.99284
 -78.82893,  41.99389
 -78.82011,  41.99270
 -78.82926,  41.98135
 -78.83012,  41.99284
END
 -15.00000, -79.46828,  42.02275
 -79.47821,  42.04532
 -79.46320,  42.05087
 -79.45768,  42.04514
 -79.46184,  42.02270
 -79.46368,  42.02129
 -79.46828,  42.02275
END
 -15.00000, -79.07983,  42.13104
 -79.06755,  42.14470
 -79.06090,  42.13081
 -79.06801,  42.12420
 -79.07983,  42.13104
END
 -15.00000, -79.29709,  42.17846
 -79.28580,  42.20081
 -79.27865,  42.20360
 -79.26511,  42.20060
 -79.25739,  42.17804
 -79.27932,  42.16840
 -79.29709,  42.17846
END
 -15.00000, -76.37414,  42.13446
 -76.39813,  42.14986
 -76.40662,  42.15810
 -76.42671,  42.17796
 -76.42900,  42.18139
 -76.42537,  42.19918
 -76.42447,  42.20373
 -76.42496,  42.20559
 -76.43089,  42.22645
 -76.43548,  42.24911
 -76.43677,  42.27165
 -76.43531,  42.29411
 -76.43803,  42.31670
 -76.43826,  42.33920
 -76.44354,  42.36188
 -76.44513,  42.36799
 -76.44924,  42.38458
 -76.44615,  42.40697
 -76.44741,  42.42952
 -76.44942,  42.45208
 -76.45629,  42.47481
 -76.46159,  42.49749
 -76.46706,  42.50383
 -76.49659,  42.51970
 -76.51208,  42.52170
 -76.52681,  42.52457
 -76.55666,  42.53561
 -76.58355,  42.54658
 -76.58644,  42.54781
 -76.61566,  42.56953
 -76.61613,  42.57016
 -76.62133,  42.59283
 -76.62913,  42.61557
 -76.63012,  42.63810
 -76.62759,  42.66051
 -76.62306,  42.68285
 -76.60910,  42.70489
 -76.60732,  42.70701
 -76.57571,  42.72315
 -76.56974,  42.72609
 -76.54426,  42.73669
 -76.51615,  42.74679
 -76.51295,  42.74757
 -76.48156,  42.75972
 -76.47327,  42.76783
 -76.46357,  42.79000
 -76.45680,  42.81226
 -76.45433,  42.83467
 -76.45274,  42.85711
 -76.45583,  42.87971
 -76.45679,  42.90223
 -76.45409,  42.92463
 -76.44892,  42.94695
 -76.43790,  42.96465
 -76.43494,  42.96896
 -76.42812,  42.99121
 -76.42003,  43.01344
 -76.42112,  43.03596
 -76.41428,  43.05822
 -76.41569,  43.08075
 -76.40730,  43.10295
 -76.40028,  43.12520
 -76.39640,  43.13184
 -76.38261,  43.14708
 -76.36384,  43.15866
 -76.33273,  43.16301
 -76.32021,  43.16740
 -76.30096,  43.17711
 -76.28311,  43.18859
 -76.28179,  43.21103
 -76.26713,  43.22194
 -76.26139,  43.23280
 -76.26543,  43.24747
 -76.27332,  43.25571
 -76.27662,  43.27831
 -76.28568,  43.30112
 -76.29169,  43.31705
 -76.29657,  43.32399
 -76.30173,  43.34666
 -76.29585,  43.36894
 -76.29482,  43.39139
 -76.28577,  43.40601
 -76.28210,  43.41343
 -76.27563,  43.43568
 -76.28310,  43.44612
 -76.31335,  43.45690
 -76.34508,  43.44539
 -76.37626,  43.44217
 -76.37868,  43.43927
 -76.37694,  43.43182
 -76.35970,  43.41613
 -76.35715,  43.39356
 -76.35782,  43.37110
 -76.37378,  43.34916
 -76.38271,  43.34322
 -76.39991,  43.32758
 -76.41515,  43.31963
 -76.44608,  43.31915
 -76.47719,  43.31590
 -76.50808,  43.31608
 -76.53926,  43.31168
 -76.54657,  43.31002
 -76.57062,  43.30435
 -76.58900,  43.28893
 -76.60352,  43.27169
 -76.60802,  43.26707
 -76.61893,  43.24495
 -76.62666,  43.22271
 -76.63393,  43.20046
 -76.63914,  43.19382
 -76.64671,  43.17839
 -76.67202,  43.16010
 -76.68089,  43.15700
 -76.70371,  43.14560
 -76.72578,  43.13594
 -76.73544,  43.13037
 -76.76479,  43.11469
 -76.76724,  43.11337
 -76.78272,  43.09277
 -76.79253,  43.07058
 -76.79867,  43.04829
 -76.80189,  43.02591
 -76.80369,  43.01632
 -76.80631,  43.00355
 -76.81075,  42.98120
 -76.82823,  42.95926
 -76.83829,  42.94938
 -76.85778,  42.93768
 -76.87018,  42.92893
 -76.90145,  42.91905
 -76.91858,  42.91704
 -76.93238,  42.91504
 -76.96310,  42.91483
 -76.99358,  42.91880
 -77.02421,  42.92014
 -77.02438,  42.92018
 -77.05447,  42.92833
 -77.08488,  42.93399
 -77.11528,  42.93972
 -77.14603,  42.93901
 -77.16362,  42.94666
 -77.17612,  42.95082
 -77.20633,  42.96080
 -77.23003,  42.97099
 -77.23628,  42.97580
 -77.25954,  42.99428
 -77.26555,  43.00457
 -77.28155,  43.01736
 -77.29117,  43.04010
 -77.29382,  43.05338
 -77.29528,  43.06269
 -77.30251,  43.08537
 -77.29173,  43.09500
 -77.28574,  43.10740
 -77.27671,  43.12963
 -77.27309,  43.15201
 -77.26966,  43.17440
 -77.26550,  43.19677
 -77.25791,  43.21903
 -77.25359,  43.23866
 -77.25320,  43.24139
 -77.25343,  43.24205
 -77.26700,  43.26424
 -77.28204,  43.28617
 -77.28284,  43.28714
 -77.31186,  43.30715
 -77.34317,  43.29870
 -77.36631,  43.28936
 -77.37447,  43.26710
 -77.37565,  43.26640
 -77.39370,  43.24512
 -77.39538,  43.22269
 -77.39056,  43.20009
 -77.39146,  43.17764
 -77.41085,  43.15566
 -77.41196,  43.15458
 -77.42954,  43.13366
 -77.43285,  43.11127
 -77.44084,  43.08900
 -77.44632,  43.08089
 -77.45690,  43.06693
 -77.47851,  43.05132
 -77.49275,  43.04537
 -77.50613,  43.02322
 -77.51077,  43.01936
 -77.52237,  43.00115
 -77.54318,  42.98362
 -77.54534,  42.97925
 -77.56657,  42.95729
 -77.57533,  42.95274
 -77.60343,  42.93572
 -77.60700,  42.93172
 -77.62102,  42.91367
 -77.63931,  42.89594
 -77.64480,  42.89176
 -77.65981,  42.86964
 -77.67178,  42.85585
 -77.69019,  42.84789
 -77.70319,  42.83883
 -77.73416,  42.83149
 -77.74940,  42.82679
 -77.76515,  42.82371
 -77.79619,  42.81464
 -77.81956,  42.80592
 -77.82729,  42.80389
 -77.85837,  42.79323
 -77.88905,  42.79198
 -77.91637,  42.78560
 -77.91996,  42.78520
 -77.95090,  42.77750
 -77.98177,  42.77134
 -78.00580,  42.76504
 -78.01266,  42.76408
 -78.04367,  42.75419
 -78.07449,  42.74881
 -78.09643,  42.74443
 -78.10537,  42.74153
 -78.13603,  42.73994
 -78.16708,  42.72786
 -78.17270,  42.72348
 -78.19854,  42.70409
 -78.20084,  42.70156
 -78.21812,  42.67942
 -78.22420,  42.65705
 -78.23125,  42.64440
 -78.23634,  42.63482
 -78.23650,  42.61233
 -78.24731,  42.59005
 -78.26424,  42.57512
 -78.29302,  42.56844
 -78.29501,  42.56806
 -78.32577,  42.56124
 -78.35625,  42.56225
 -78.38678,  42.56192
 -78.41731,  42.56148
 -78.44775,  42.56392
 -78.47659,  42.54927
 -78.47880,  42.54745
 -78.48186,  42.52688
 -78.47993,  42.51178
 -78.47581,  42.50430
 -78.48030,  42.49995
 -78.48570,  42.48199
 -78.48556,  42.45951
 -78.51264,  42.44028
 -78.51779,  42.43758
 -78.54353,  42.42666
 -78.56190,  42.41583
 -78.57446,  42.41042
 -78.60510,  42.40419
 -78.63539,  42.40934
 -78.64448,  42.41717
 -78.65334,  42.43979
 -78.66439,  42.45965
 -78.66848,  42.46251
 -78.67479,  42.48508
 -78.66322,  42.50027
 -78.65768,  42.50729
 -78.63224,  42.51713
 -78.60370,  42.52891
 -78.60130,  42.53226
 -78.59073,  42.55117
 -78.58474,  42.57355
 -78.58501,  42.59603
 -78.59834,  42.61873
 -78.59871,  42.61903
 -78.62881,  42.63401
 -78.63296,  42.64177
 -78.63805,  42.66432
 -78.64359,  42.68688
 -78.62665,  42.70757
 -78.62144,  42.70901
 -78.59877,  42.73112
 -78.60291,  42.75366
 -78.62492,  42.76617
 -78.65562,  42.76336
 -78.68632,  42.76014
 -78.71654,  42.77414
 -78.74712,  42.77537
 -78.77135,  42.75626
 -78.77834,  42.75305
 -78.78657,  42.73399
 -78.80782,  42.71184
 -78.81007,  42.71077
 -78.84103,  42.69682
 -78.85374,  42.69001
 -78.87232,  42.66904
 -78.87324,  42.66781
 -78.88931,  42.64556
 -78.90131,  42.62325
 -78.90416,  42.61829
 -78.92229,  42.60104
 -78.93549,  42.58604
 -78.96571,  42.59895
 -78.96778,  42.60165
 -78.99567,  42.62305
 -78.99715,  42.62451
 -79.00983,  42.64715
 -79.02515,  42.66872
 -79.02903,  42.66986
 -79.05536,  42.68454
 -79.06680,  42.67033
 -79.08638,  42.66436
 -79.11725,  42.65040
 -79.14774,  42.65340
 -79.17798,  42.66856
 -79.20863,  42.66471
 -79.23926,  42.66125
 -79.25468,  42.65001
 -79.26000,  42.62759
 -79.27062,  42.61953
 -79.30135,  42.60937
 -79.31114,  42.60564
 -79.33231,  42.58651
 -79.33327,  42.58339
 -79.36320,  42.56591
 -79.39359,  42.57368
 -79.39688,  42.58401
 -79.39330,  42.59015
 -79.37410,  42.60626
 -79.36240,  42.61126
 -79.34212,  42.62843
 -79.33176,  42.65080
 -79.33112,  42.65125
 -79.30044,  42.65779
 -79.26967,  42.66871
 -79.26407,  42.67258
 -79.25928,  42.69500
 -79.23833,  42.70729
 -79.20763,  42.71321
 -79.17700,  42.71529
 -79.17246,  42.71652
 -79.14632,  42.71964
 -79.13052,  42.71604
 -79.11584,  42.71465
 -79.08550,  42.70369
 -79.05506,  42.69756
 -79.03185,  42.71485
 -79.03043,  42.73730
 -79.02332,  42.74774
 -79.01224,  42.75955
 -78.99924,  42.78185
 -78.99161,  42.79398
 -78.98124,  42.80410
 -78.97039,  42.82642
 -78.97285,  42.84893
 -78.98988,  42.86674
 -79.00107,  42.87177
 -79.02006,  42.88723
 -79.02551,  42.89455
 -79.03354,  42.91711
 -79.03563,  42.93961
 -79.04164,  42.96216
 -79.04238,  42.98463
 -79.04525,  43.00714
 -79.04521,  43.02961
 -79.04267,  43.05205
 -79.03796,  43.07446
 -79.02995,  43.09683
 -79.01839,  43.11915
 -79.01441,  43.12733
 -79.00555,  43.14146
 -79.00792,  43.16395
 -79.00230,  43.18635
 -78.99886,  43.20877
 -78.99198,  43.23115
 -79.00997,  43.25384
 -79.01141,  43.25468
 -79.02173,  43.27645
 -79.04126,  43.29745
 -79.04224,  43.29918
 -79.07160,  43.32020
 -79.07635,  43.32205
 -79.10220,  43.33308
 -79.13293,  43.33979
 -79.14480,  43.34532
 -79.16359,  43.35070
 -79.18372,  43.36822
 -79.19382,  43.38212
 -79.19793,  43.39084
 -79.19928,  43.41331
 -79.20550,  43.43584
 -79.19992,  43.45825
 -79.19982,  43.48071
 -79.19130,  43.50266
 -79.19103,  43.50307
 -79.17637,  43.52536
 -79.16089,  43.54765
 -79.15931,  43.55039
 -79.12801,  43.56484
 -79.11916,  43.56963
 -79.09943,  43.59186
 -79.09627,  43.59779
 -79.09192,  43.61423
 -79.07159,  43.63645
 -79.08903,  43.65912
 -79.09174,  43.68161
 -79.09422,  43.68878
 -79.09929,  43.70415
 -79.11094,  43.72675
 -79.11352,  43.74923
 -79.11457,  43.77170
 -79.11581,  43.79417
 -79.12263,  43.80871
 -79.13174,  43.81681
 -79.13100,  43.83925
 -79.15282,  43.85101
 -79.16030,  43.86204
 -79.18343,  43.87610
 -79.18771,  43.88480
 -79.19797,  43.90736
 -79.20707,  43.92991
 -79.21319,  43.94321
 -79.22150,  43.95251
 -79.23226,  43.97507
 -79.23802,  43.99759
 -79.24017,  44.02006
 -79.24242,  44.03922
 -79.24287,  44.04253
 -79.24225,  44.04747
 -79.24038,  44.06497
 -79.24161,  44.07902
 -79.24276,  44.08743
 -79.24133,  44.09265
 -79.23750,  44.10983
 -79.23557,  44.13226
 -79.23242,  44.15467
 -79.23178,  44.17711
 -79.22894,  44.19952
 -79.22694,  44.22195
 -79.22666,  44.24440
 -79.22787,  44.26685
 -79.23283,  44.28934
 -79.23093,  44.31177
 -79.23619,  44.33426
 -79.23555,  44.35669
 -79.23591,  44.35777
 -79.24413,  44.37923
 -79.24363,  44.40167
 -79.24449,  44.42411
 -79.24445,  44.44656
 -79.24116,  44.46896
 -79.24165,  44.49140
 -79.23282,  44.50776
 -79.22999,  44.51372
 -79.22710,  44.53612
 -79.21362,  44.55842
 -79.20156,  44.58072
 -79.19974,  44.58419
 -79.18913,  44.60302
 -79.17889,  44.62535
 -79.17566,  44.64775
 -79.17603,  44.67019
 -79.17587,  44.69262
 -79.17954,  44.71509
 -79.18147,  44.73754
 -79.18505,  44.76001
 -79.18830,  44.78248
 -79.19107,  44.80495
 -79.19470,  44.82089
 -79.19573,  44.82743
 -79.19588,  44.84985
 -79.19547,  44.87228
 -79.19697,  44.89472
 -79.19647,  44.91714
 -79.20145,  44.93962
 -79.19991,  44.96202
 -79.20525,  44.98452
 -79.20942,  45.00698
 -79.20853,  45.02940
 -79.20820,  45.05182
 -79.20217,  45.07417
 -79.19664,  45.09653
 -79.18851,  45.10894
 -79.17709,  45.11874
 -79.15620,  45.13361
 -79.14271,  45.14079
 -79.12412,  45.14702
 -79.09206,  45.15888
 -79.08887,  45.16260
 -79.06544,  45.18475
 -79.06318,  45.20713
 -79.05900,  45.21205
 -79.05201,  45.22942
 -79.05469,  45.25187
 -79.05722,  45.27431
 -79.05745,  45.27729
 -79.06093,  45.29678
 -79.06808,  45.31927
 -79.06769,  45.34169
 -79.06929,  45.36412
 -79.06287,  45.38646
 -79.06527,  45.40891
 -79.05801,  45.43123
 -79.06362,  45.45371
 -79.06702,  45.47616
 -79.07084,  45.49861
 -79.07732,  45.52110
 -79.08311,  45.54263
 -79.08372,  45.54358
 -79.09646,  45.56612
 -79.11145,  45.58870
 -79.11389,  45.59566
 -79.12178,  45.61123
 -79.12130,  45.63363
 -79.13072,  45.65614
 -79.13268,  45.67856
 -79.13935,  45.70103
 -79.14328,  45.71250
 -79.14539,  45.72350
 -79.15171,  45.74597
 -79.15800,  45.76844
 -79.17379,  45.78384
 -79.17629,  45.79104
 -79.17339,  45.80206
 -79.16567,  45.81332
 -79.17297,  45.82119
 -79.17812,  45.83585
 -79.18181,  45.85829
 -79.18245,  45.88070
 -79.18753,  45.90314
 -79.19191,  45.92558
 -79.20013,  45.94806
 -79.20228,  45.95173
 -79.21787,  45.97064
 -79.23170,  45.99318
 -79.23328,  46.00885
 -79.23436,  46.01559
 -79.24373,  46.03808
 -79.25305,  46.06056
 -79.26059,  46.08302
 -79.26391,  46.08641
 -79.29593,  46.09904
 -79.31136,  46.10591
 -79.32799,  46.11078
 -79.36012,  46.11944
 -79.37577,  46.12889
 -79.39211,  46.13559
 -79.40834,  46.15158
 -79.42394,  46.16152
 -79.43986,  46.17422
 -79.44990,  46.19670
 -79.45535,  46.21356
 -79.45824,  46.21915
 -79.46136,  46.24156
 -79.46853,  46.26400
 -79.47304,  46.28642
 -79.48288,  46.30888
 -79.48598,  46.31393
 -79.50364,  46.33142
 -79.49770,  46.35374
 -79.48617,  46.37604
 -79.48483,  46.38069
 -79.48172,  46.39837
 -79.47656,  46.42070
 -79.47694,  46.44308
 -79.48342,  46.46262
 -79.48637,  46.46553
 -79.50186,  46.48802
 -79.51532,  46.49753
 -79.54781,  46.49768
 -79.58015,  46.50809
 -79.58711,  46.51105
 -79.61238,  46.52591
 -79.61642,  46.53363
 -79.63837,  46.55616
 -79.64435,  46.56326
 -79.65896,  46.57867
 -79.66739,  46.60109
 -79.67609,  46.61937
 -79.68610,  46.62358
 -79.69195,  46.64599
 -79.67556,  46.65730
 -79.67219,  46.66822
 -79.66960,  46.69057
 -79.65919,  46.71285
 -79.65646,  46.73520
 -79.64736,  46.75749
 -79.64589,  46.77985
 -79.64091,  46.79763
 -79.63892,  46.80215
 -79.63589,  46.82449
 -79.63383,  46.84683
 -79.63212,  46.86918
 -79.63722,  46.89157
 -79.63158,  46.91388
 -79.63892,  46.93343
 -79.63956,  46.93629
 -79.63882,  46.93987
 -79.63268,  46.95859
 -79.63834,  46.97269
 -79.64018,  46.98099
 -79.63804,  46.99295
 -79.63485,  47.00331
 -79.63766,  47.01871
 -79.63833,  47.02568
 -79.63901,  47.04803
 -79.64182,  47.07039
 -79.64669,  47.09278
 -79.65226,  47.11516
 -79.65564,  47.13753
 -79.66368,  47.15993
 -79.66187,  47.18225
 -79.66704,  47.20463
 -79.66167,  47.22693
 -79.66411,  47.24929
 -79.66696,  47.26093
 -79.67442,  47.27169
 -79.67845,  47.29406
 -79.69925,  47.30607
 -79.72850,  47.31671
 -79.73203,  47.31782
 -79.76479,  47.33298
 -79.77350,  47.33931
 -79.79602,  47.36177
 -79.79735,  47.36470
 -79.80589,  47.38416
 -79.80846,  47.40650
 -79.81461,  47.42886
 -79.81056,  47.45117
 -79.80688,  47.47348
 -79.79916,  47.49576
 -79.79567,  47.50194
 -79.78330,  47.51799
 -79.76216,  47.53772
 -79.75893,  47.54018
 -79.72878,  47.56181
 -79.72780,  47.56231
 -79.70763,  47.58451
 -79.69514,  47.60131
 -79.69302,  47.60674
 -79.68542,  47.62901
 -79.68970,  47.65136
 -79.69418,  47.67009
 -79.69614,  47.67372
 -79.71293,  47.69614
 -79.72685,  47.70438
 -79.75988,  47.71492
 -79.76434,  47.71877
 -79.79133,  47.74124
 -79.79270,  47.74283
 -79.79947,  47.76360
 -79.81330,  47.78598
 -79.81150,  47.80829
 -79.82079,  47.83064
 -79.81458,  47.85292
 -79.81210,  47.87521
 -79.80494,  47.89748
 -79.79057,  47.91439
 -79.78277,  47.91966
 -79.75704,  47.93299
 -79.74187,  47.94173
 -79.72354,  47.94838
 -79.69004,  47.96305
 -79.68958,  47.96371
 -79.67377,  47.98590
 -79.67094,  48.00819
 -79.65869,  48.03041
 -79.66496,  48.05275
 -79.66801,  48.07507
 -79.67212,  48.09739
 -79.67916,  48.11974
 -79.68550,  48.14207
 -79.68105,  48.16433
 -79.67737,  48.18660
 -79.67686,  48.20889
 -79.67561,  48.23117
 -79.67097,  48.25343
 -79.66393,  48.27567
 -79.65188,  48.28994
 -79.64827,  48.29785
 -79.63133,  48.32003
 -79.61939,  48.34223
 -79.61897,  48.36451
 -79.61715,  48.36921
 -79.61083,  48.38673
 -79.61638,  48.40905
 -79.60892,  48.43128
 -79.60978,  48.45356
 -79.60125,  48.47578
 -79.59560,  48.49801
 -79.58130,  48.51189
 -79.56623,  48.52008
 -79.54737,  48.53017
 -79.51522,  48.54197
 -79.51352,  48.54260
 -79.47974,  48.55044
 -79.46372,  48.56384
 -79.45229,  48.58602
 -79.44521,  48.59821
 -79.43798,  48.60817
 -79.43175,  48.63039
 -79.42599,  48.65261
 -79.41908,  48.67482
 -79.41044,  48.69701
 -79.40961,  48.69851
 -79.38222,  48.71903
 -79.37530,  48.72782
 -79.34135,  48.73741
 -79.32805,  48.74081
 -79.30743,  48.74546
 -79.27344,  48.75616
 -79.25827,  48.76243
 -79.23913,  48.78060
 -79.23465,  48.78447
 -79.21688,  48.80655
 -79.20804,  48.82872
 -79.20553,  48.85096
 -79.20341,  48.86527
 -79.20245,  48.87318
 -79.19949,  48.89540
 -79.19878,  48.91765
 -79.19256,  48.93984
 -79.18925,  48.96206
 -79.18093,  48.98422
 -79.18089,  49.00647
 -79.17916,  49.02869
 -79.18075,  49.05096
 -79.18272,  49.07322
 -79.18620,  49.09549
 -79.19247,  49.11780
 -79.19716,  49.13710
 -79.19779,  49.14008
 -79.19884,  49.16233
 -79.20184,  49.18460
 -79.20256,  49.20684
 -79.20667,  49.22911
 -79.20301,  49.25131
 -79.19861,  49.27350
 -79.19372,  49.28536
 -79.18714,  49.29561
 -79.15889,  49.31755
 -79.15887,  49.31757
 -79.12455,  49.32660
 -79.09034,  49.33099
 -79.05912,  49.33874
 -79.05598,  49.34109
 -79.04510,  49.36081
 -79.02468,  49.38280
 -79.02174,  49.40500
 -79.02010,  49.40791
 -79.00295,  49.42701
 -78.99680,  49.44917
 -78.98432,  49.46836
 -78.98122,  49.47120
 -78.95590,  49.49313
 -78.94938,  49.49542
 -78.91476,  49.50993
 -78.88144,  49.51446
 -78.88041,  49.51468
 -78.84572,  49.53073
 -78.83760,  49.53614
 -78.81085,  49.55195
 -78.77651,  49.55517
 -78.74230,  49.55404
 -78.70799,  49.55622
 -78.70551,  49.55664
 -78.67357,  49.56178
 -78.65015,  49.57810
 -78.63826,  49.60014
 -78.63802,  49.60079
 -78.63018,  49.62225
 -78.62785,  49.64442
 -78.62242,  49.66655
 -78.62581,  49.68881
 -78.61771,  49.71090
 -78.62077,  49.73315
 -78.60439,  49.75512
 -78.59798,  49.77077
 -78.59464,  49.77718
 -78.59167,  49.79934
 -78.59576,  49.82160
 -78.59526,  49.84379
 -78.58520,  49.86584
 -78.56624,  49.88776
 -78.55934,  49.89385
 -78.52592,  49.90937
 -78.52433,  49.90969
 -78.52044,  49.90929
 -78.49011,  49.90281
 -78.45602,  49.89312
 -78.43984,  49.88588
 -78.42671,  49.86348
 -78.42284,  49.85875
 -78.40665,  49.84098
 -78.39751,  49.81863
 -78.39391,  49.79638
 -78.39088,  49.79350
 -78.35719,  49.77504
 -78.35458,  49.77356
 -78.32314,  49.76638
 -78.28861,  49.77031
 -78.27663,  49.77229
 -78.25394,  49.77759
 -78.21925,  49.78514
 -78.20805,  49.79333
 -78.19901,  49.81538
 -78.19354,  49.83749
 -78.18217,  49.85030
 -78.16597,  49.85921
 -78.14809,  49.88110
 -78.14642,  49.88159
 -78.11169,  49.88819
 -78.07681,  49.89811
 -78.07397,  49.90198
 -78.04248,  49.92361
 -78.04120,  49.92443
 -78.00619,  49.93645
 -77.98684,  49.94477
 -77.97118,  49.94802
 -77.93681,  49.94551
 -77.90239,  49.94397
 -77.86754,  49.95164
 -77.83286,  49.95565
 -77.79819,  49.95905
 -77.76366,  49.95970
 -77.72924,  49.95827
 -77.69470,  49.95899
 -77.67149,  49.96074
 -77.66008,  49.96143
 -77.62554,  49.96207
 -77.60545,  49.95934
 -77.59133,  49.95652
 -77.55708,  49.95187
 -77.52257,  49.95210
 -77.48805,  49.95240
 -77.45350,  49.95337
 -77.43512,  49.95558
 -77.41874,  49.95809
 -77.38387,  49.96474
 -77.36083,  49.97607
 -77.35085,  49.99804
 -77.35291,  50.02028
 -77.34514,  50.03959
 -77.34274,  50.04223
 -77.31136,  50.06369
 -77.30901,  50.06718
 -77.30333,  50.06350
 -77.27491,  50.05891
 -77.24255,  50.03986
 -77.24235,  50.02452
 -77.24055,  50.03981
 -77.23111,  50.06178
 -77.21728,  50.08364
 -77.20433,  50.10551
 -77.20291,  50.10741
 -77.19215,  50.12740
 -77.17731,  50.14923
 -77.16528,  50.15809
 -77.13045,  50.16159
 -77.10693,  50.16967
 -77.09488,  50.17686
 -77.06894,  50.19090
 -77.06679,  50.21303
 -77.05726,  50.22503
 -77.05297,  50.23487
 -77.05576,  50.24923
 -77.05920,  50.25720
 -77.05796,  50.27935
 -77.05298,  50.29411
 -77.05140,  50.30136
 -77.03648,  50.32316
 -77.02575,  50.34505
 -77.01431,  50.36694
 -77.04732,  50.38523
 -77.08201,  50.38665
 -77.10328,  50.36919
 -77.11801,  50.36642
 -77.12317,  50.36968
 -77.13816,  50.39222
 -77.14600,  50.41458
 -77.14592,  50.43675
 -77.12713,  50.45845
 -77.11491,  50.48032
 -77.11098,  50.48160
 -77.10764,  50.48014
 -77.07733,  50.46240
 -77.06065,  50.45680
 -77.04380,  50.44172
 -77.03456,  50.43397
 -77.03596,  50.41183
 -77.03428,  50.38962
 -77.01365,  50.36775
 -77.01331,  50.36692
 -76.97971,  50.35466
 -76.94539,  50.34801
 -76.91053,  50.34970
 -76.87588,  50.34811
 -76.84120,  50.34693
 -76.80653,  50.34582
 -76.77224,  50.33884
 -76.77017,  50.33831
 -76.73807,  50.33033
 -76.70330,  50.33076
 -76.68785,  50.33603
 -76.66715,  50.35111
 -76.66045,  50.35744
 -76.63068,  50.37568
 -76.61420,  50.37830
 -76.59555,  50.38079
 -76.58578,  50.37749
 -76.56133,  50.37288
 -76.52703,  50.36629
 -76.49176,  50.37331
 -76.47119,  50.37416
 -76.45681,  50.37568
 -76.44743,  50.37346
 -76.42245,  50.36992
 -76.39432,  50.34970
 -76.38962,  50.34378
 -76.36300,  50.32656
 -76.35688,  50.31665
 -76.34079,  50.30371
 -76.32967,  50.28118
 -76.32531,  50.27446
 -76.30846,  50.28053
 -76.28937,  50.29068
 -76.27763,  50.30177
 -76.26247,  50.32347
 -76.25098,  50.33858
 -76.24835,  50.34523
 -76.24243,  50.36721
 -76.23740,  50.38925
 -76.23795,  50.41145
 -76.23985,  50.43368
 -76.24309,  50.44161
 -76.24734,  50.45609
 -76.27081,  50.47899
 -76.27481,  50.48223
 -76.30868,  50.49520
 -76.34370,  50.49296
 -76.37916,  50.48481
 -76.38557,  50.48249
 -76.41573,  50.46140
 -76.44997,  50.46945
 -76.47150,  50.48505
 -76.48338,  50.48917
 -76.51711,  50.50473
 -76.55202,  50.50385
 -76.58676,  50.50547
 -76.62128,  50.51028
 -76.62202,  50.51157
 -76.62847,  50.53392
 -76.63004,  50.55613
 -76.62402,  50.57811
 -76.62563,  50.60032
 -76.62584,  50.62249
 -76.62344,  50.64458
 -76.62238,  50.66671
 -76.61139,  50.68855
 -76.60816,  50.69678
 -76.60157,  50.71043
 -76.57132,  50.72304
 -76.54887,  50.73108
 -76.53551,  50.73431
 -76.49978,  50.74445
 -76.48964,  50.75151
 -76.46328,  50.76482
 -76.45216,  50.77256
 -76.44238,  50.79443
 -76.42905,  50.81618
 -76.42860,  50.83831
 -76.42957,  50.86049
 -76.42032,  50.87196
 -76.41270,  50.88213
 -76.39977,  50.90388
 -76.38229,  50.91119
 -76.34644,  50.92094
 -76.31144,  50.91936
 -76.27680,  50.91309
 -76.25402,  50.89948
 -76.24384,  50.88530
 -76.23782,  50.87684
 -76.23094,  50.85448
 -76.22210,  50.83206
 -76.22563,  50.81002
 -76.21616,  50.79007
 -76.21515,  50.78754
 -76.21449,  50.76537
 -76.19835,  50.74271
 -76.19256,  50.72038
 -76.19053,  50.69815
 -76.19046,  50.67599
 -76.19035,  50.67220
 -76.18863,  50.65378
 -76.19085,  50.63168
 -76.18388,  50.60930
 -76.17966,  50.58700
 -76.17210,  50.56459
 -76.16454,  50.55555
 -76.13070,  50.54223
 -76.12748,  50.54101
 -76.09687,  50.52891
 -76.06293,  50.51712
 -76.06226,  50.51674
 -76.02951,  50.49913
 -76.02010,  50.49319
 -75.99685,  50.47206
 -75.99348,  50.47014
 -75.97788,  50.44745
 -75.96818,  50.42495
 -75.96602,  50.42303
 -75.94727,  50.42425
 -75.93058,  50.43050
 -75.91640,  50.44540
 -75.89803,  50.46696
 -75.89216,  50.47389
 -75.88488,  50.48870
 -75.86948,  50.51036
 -75.85272,  50.52862
 -75.84969,  50.53187
 -75.82388,  50.55316
 -75.81535,  50.55800
 -75.77962,  50.56781
 -75.75178,  50.57286
 -75.74407,  50.57522
 -75.70922,  50.57442
 -75.67390,  50.57901
 -75.63869,  50.58246
 -75.60474,  50.57136
 -75.59930,  50.56749
 -75.57114,  50.55659
 -75.53696,  50.54853
 -75.50255,  50.54305
 -75.46748,  50.54484
 -75.45997,  50.54026
 -75.43809,  50.51728
 -75.43538,  50.51424
 -75.42065,  50.49445
 -75.41055,  50.47189
 -75.40628,  50.45129
 -75.40592,  50.44953
 -75.40180,  50.42719
 -75.40280,  50.40504
 -75.39928,  50.38271
 -75.40086,  50.36058
 -75.39976,  50.33834
 -75.39455,  50.31596
 -75.39143,  50.29363
 -75.38918,  50.27136
 -75.39233,  50.24928
 -75.39180,  50.23007
 -75.39131,  50.22703
 -75.37527,  50.20423
 -75.36076,  50.19018
 -75.35235,  50.18116
 -75.32770,  50.17273
 -75.29279,  50.17520
 -75.25880,  50.16788
 -75.22517,  50.15686
 -75.22198,  50.15395
 -75.21019,  50.13128
 -75.19526,  50.10849
 -75.19514,  50.10810
 -75.18376,  50.08583
 -75.17850,  50.06340
 -75.17459,  50.04103
 -75.17354,  50.01877
 -75.16998,  50.00873
 -75.15613,  49.99586
 -75.13783,  49.98340
 -75.10551,  49.97163
 -75.10442,  49.97135
 -75.07125,  49.95706
 -75.06303,  49.94771
 -75.05425,  49.92513
 -75.04391,  49.90248
 -75.04248,  49.89767
 -75.03378,  49.87984
 -75.02739,  49.85735
 -75.02010,  49.83482
 -75.02259,  49.81268
 -75.01836,  49.79126
 -75.01797,  49.79026
 -75.02007,  49.76810
 -75.00460,  49.74524
 -75.00277,  49.72292
 -75.00275,  49.70067
 -75.00584,  49.67855
 -75.00349,  49.65621
 -75.00563,  49.63405
 -75.00555,  49.61180
 -75.00403,  49.58949
 -75.01144,  49.56754
 -75.01633,  49.54548
 -75.02312,  49.52351
 -75.02753,  49.50143
 -75.02789,  49.47919
 -75.03278,  49.45712
 -75.02924,  49.43472
 -75.03780,  49.41280
 -75.03665,  49.39050
 -75.04069,  49.36840
 -75.05284,  49.34663
 -75.06020,  49.32466
 -75.06384,  49.32035
 -75.09103,  49.30364
 -75.10049,  49.29404
 -75.13557,  49.28421
 -75.13966,  49.28333
 -75.15978,  49.26187
 -75.17290,  49.25016
 -75.17497,  49.24020
 -75.17460,  49.23201
 -75.16970,  49.21772
 -75.17634,  49.21341
 -75.18558,  49.19608
 -75.19200,  49.17406
 -75.21606,  49.15288
 -75.21628,  49.15275
 -75.22788,  49.13094
 -75.25102,  49.10957
 -75.25571,  49.09209
 -75.25866,  49.08760
 -75.28281,  49.06626
 -75.29140,  49.04432
 -75.29453,  49.03943
 -75.30703,  49.02266
 -75.32204,  49.00096
 -75.33266,  48.99366
 -75.34540,  48.97958
 -75.36846,  48.97313
 -75.40352,  48.96069
 -75.40507,  48.95960
 -75.43905,  48.94270
 -75.44885,  48.93899
 -75.47440,  48.92657
 -75.50850,  48.92443
 -75.54256,  48.92274
 -75.54941,  48.92050
 -75.57739,  48.91211
 -75.60472,  48.90026
 -75.61377,  48.88314
 -75.61877,  48.87850
 -75.63998,  48.85699
 -75.64570,  48.83492
 -75.65038,  48.81280
 -75.64634,  48.79036
 -75.65604,  48.76842
 -75.65777,  48.76350
 -75.66586,  48.74649
 -75.66098,  48.72542
 -75.66090,  48.72401
 -75.64713,  48.70121
 -75.64307,  48.67876
 -75.63675,  48.65623
 -75.64030,  48.63406
 -75.63956,  48.61174
 -75.64954,  48.58980
 -75.65759,  48.56779
 -75.67509,  48.55733
 -75.70927,  48.55143
 -75.74310,  48.54985
 -75.77608,  48.55854
 -75.80875,  48.57116
 -75.81374,  48.57345
 -75.84089,  48.59050
 -75.85181,  48.59710
 -75.87300,  48.61046
 -75.90485,  48.62125
 -75.90574,  48.62282
 -75.92104,  48.64411
 -75.91986,  48.66637
 -75.91597,  48.68853
 -75.90018,  48.69241
 -75.88093,  48.70960
 -75.86423,  48.71939
 -75.85549,  48.73100
 -75.86249,  48.74099
 -75.88484,  48.75432
 -75.89479,  48.75975
 -75.92764,  48.77185
 -75.93807,  48.77846
 -75.94747,  48.80107
 -75.95769,  48.81949
 -75.95879,  48.82375
 -75.96252,  48.84616
 -75.96549,  48.86854
 -75.98240,  48.89140
 -75.98544,  48.89685
 -75.99289,  48.91404
 -76.01289,  48.93699
 -76.01602,  48.93911
 -76.04948,  48.94488
 -76.08288,  48.95163
 -76.11682,  48.95137
 -76.14949,  48.94154
 -76.15154,  48.94094
 -76.18603,  48.93321
 -76.19586,  48.92078
 -76.21317,  48.89907
 -76.21382,  48.87681
 -76.21479,  48.85456
 -76.22412,  48.83259
 -76.22128,  48.81021
 -76.23011,  48.79685
 -76.23500,  48.78837
 -76.24787,  48.76650
 -76.26690,  48.75679
 -76.29550,  48.74574
 -76.30172,  48.74278
 -76.33550,  48.74301
 -76.35374,  48.74758
 -76.36880,  48.74977
 -76.40227,  48.75441
 -76.43551,  48.76229
 -76.46947,  48.76004
 -76.50310,  48.76255
 -76.53713,  48.75920
 -76.55723,  48.75381
 -76.57191,  48.74482
 -76.57928,  48.73219
 -76.60448,  48.71065
 -76.60883,  48.69875
 -76.61183,  48.68858
 -76.62548,  48.66670
 -76.62858,  48.64450
 -76.63187,  48.62231
 -76.63184,  48.60003
 -76.63133,  48.57772
 -76.63864,  48.55564
 -76.63769,  48.53333
 -76.63964,  48.51109
 -76.63375,  48.48862
 -76.62847,  48.46617
 -76.63253,  48.44399
 -76.63185,  48.42167
 -76.63674,  48.39952
 -76.64127,  48.37735
 -76.65519,  48.35545
 -76.66445,  48.33343
 -76.66708,  48.33140
 -76.70044,  48.33432
 -76.73468,  48.32372
 -76.75796,  48.31383
 -76.76908,  48.31045
 -76.79022,  48.29244
 -76.80434,  48.27054
 -76.80539,  48.26693
 -76.81160,  48.24843
 -76.81474,  48.22622
 -76.81802,  48.20399
 -76.81361,  48.18156
 -76.82678,  48.15963
 -76.82993,  48.13740
 -76.83221,  48.11515
 -76.82525,  48.09264
 -76.82711,  48.07038
 -76.82452,  48.04799
 -76.82462,  48.02567
 -76.82872,  48.00347
 -76.82567,  47.98106
 -76.82425,  47.96953
 -76.82204,  47.95864
 -76.82526,  47.95344
 -76.83296,  47.93662
 -76.82766,  47.91540
 -76.82706,  47.91414
 -76.82785,  47.91243
 -76.83400,  47.89201
 -76.83042,  47.87152
 -76.82969,  47.86956
 -76.83103,  47.86178
 -76.83282,  47.84733
 -76.83406,  47.82503
 -76.83494,  47.80273
 -76.84258,  47.78061
 -76.85134,  47.75853
 -76.85944,  47.73642
 -76.85790,  47.71405
 -76.86222,  47.69184
 -76.86124,  47.66947
 -76.86170,  47.64715
 -76.86445,  47.62489
 -76.87345,  47.60279
 -76.88132,  47.58726
 -76.88712,  47.58084
 -76.91545,  47.57075
 -76.94870,  47.56858
 -76.96893,  47.56077
 -76.98251,  47.55687
 -77.00935,  47.53953
 -77.01711,  47.53155
 -77.02872,  47.51771
 -77.03802,  47.49562
 -77.04330,  47.47342
 -77.04586,  47.45114
 -77.04439,  47.42876
 -77.05244,  47.40663
 -77.05530,  47.38436
 -77.05922,  47.37761
 -77.07720,  47.36259
 -77.09413,  47.34457
 -77.11818,  47.34133
 -77.12740,  47.33950
 -77.16075,  47.33306
 -77.18232,  47.32066
 -77.19498,  47.31064
 -77.20377,  47.29885
 -77.21177,  47.27671
 -77.21269,  47.25438
 -77.21737,  47.23215
 -77.21913,  47.20984
 -77.22533,  47.18765
 -77.22935,  47.16539
 -77.23667,  47.14322
 -77.23731,  47.14125
 -77.24606,  47.12111
 -77.27180,  47.09940
 -77.27287,  47.09211
 -77.28345,  47.07733
 -77.30312,  47.05547
 -77.30004,  47.03302
 -77.27714,  47.01368
 -77.27378,  47.01000
 -77.26344,  46.98738
 -77.24661,  46.97216
 -77.24281,  46.96449
 -77.22894,  46.94176
 -77.22753,  46.91936
 -77.21789,  46.89889
 -77.21731,  46.89673
 -77.21805,  46.87438
 -77.22009,  46.85207
 -77.21664,  46.82961
 -77.21225,  46.80712
 -77.21902,  46.78492
 -77.21832,  46.76253
 -77.22629,  46.74630
 -77.23137,  46.74049
 -77.24270,  46.71841
 -77.26099,  46.70864
 -77.29412,  46.69944
 -77.32664,  46.70128
 -77.33519,  46.69838
 -77.35517,  46.67649
 -77.36082,  46.67194
 -77.37572,  46.65463
 -77.38676,  46.63252
 -77.38544,  46.61012
 -77.38336,  46.58768
 -77.39886,  46.56742
 -77.39970,  46.56570
 -77.41769,  46.54377
 -77.42410,  46.52154
 -77.42975,  46.49929
 -77.43603,  46.47747
 -77.43610,  46.47706
 -77.43607,  46.47667
 -77.43278,  46.45459
 -77.43790,  46.44083
 -77.44003,  46.43238
 -77.43874,  46.42448
 -77.43489,  46.40987
 -77.44041,  46.39176
 -77.44136,  46.38764
 -77.44081,  46.38376
 -77.43701,  46.36514
 -77.44034,  46.34284
 -77.43677,  46.32036
 -77.43487,  46.29792
 -77.43337,  46.27550
 -77.43337,  46.25311
 -77.43032,  46.23064
 -77.43287,  46.20831
 -77.42772,  46.18579
 -77.42962,  46.16344
 -77.42450,  46.14091
 -77.42285,  46.11848
 -77.42208,  46.11634
 -77.38980,  46.11565
 -77.35744,  46.11652
 -77.32524,  46.11449
 -77.29344,  46.10481
 -77.26269,  46.09204
 -77.26189,  46.09062
 -77.25912,  46.06955
 -77.24969,  46.04691
 -77.24896,  46.02449
 -77.25441,  46.00223
 -77.25507,  45.97984
 -77.25915,  45.95754
 -77.25648,  45.93507
 -77.25455,  45.91260
 -77.25062,  45.89009
 -77.24374,  45.86750
 -77.24290,  45.84507
 -77.24287,  45.84476
 -77.24080,  45.82261
 -77.24104,  45.80020
 -77.24164,  45.77781
 -77.23978,  45.75534
 -77.22872,  45.73264
 -77.21785,  45.71282
 -77.21482,  45.70987
 -77.18641,  45.70060
 -77.15427,  45.70158
 -77.12202,  45.70407
 -77.09062,  45.69179
 -77.07539,  45.68369
 -77.06805,  45.66107
 -77.06059,  45.65524
 -77.05242,  45.63822
 -77.05613,  45.61591
 -77.05675,  45.59351
 -77.05970,  45.57116
 -77.06654,  45.55001
 -77.06747,  45.54895
 -77.06771,  45.52911
 -77.06779,  45.52654
 -77.06786,  45.52642
 -77.10021,  45.52028
 -77.13241,  45.51684
 -77.16403,  45.52359
 -77.19649,  45.51536
 -77.21784,  45.50818
 -77.22912,  45.50356
 -77.23713,  45.50869
 -77.26030,  45.51877
 -77.29182,  45.52767
 -77.32425,  45.51966
 -77.33595,  45.51125
 -77.35492,  45.48931
 -77.35806,  45.48459
 -77.36782,  45.46721
 -77.37701,  45.44503
 -77.37796,  45.42263
 -77.37389,  45.40010
 -77.37230,  45.37764
 -77.37329,  45.35524
 -77.37400,  45.33282
 -77.39861,  45.31618
 -77.40176,  45.31110
 -77.43167,  45.29272
 -77.43552,  45.28951
 -77.44028,  45.26720
 -77.45178,  45.24506
 -77.45721,  45.22276
 -77.46751,  45.20058
 -77.46835,  45.19594
 -77.50068,  45.18561
 -77.51384,  45.17928
 -77.53304,  45.17455
 -77.56516,  45.16826
 -77.59464,  45.15879
 -77.59750,  45.15729
 -77.62983,  45.14594
 -77.64096,  45.13745
 -77.66287,  45.11918
 -77.69479,  45.11636
 -77.69528,  45.11627
 -77.72677,  45.11205
 -77.75894,  45.10322
 -77.77621,  45.09566
 -77.79150,  45.08547
 -77.80257,  45.07381
 -77.82104,  45.05178
 -77.82512,  45.04325
 -77.83855,  45.02973
 -77.83925,  45.00731
 -77.84296,  44.98496
 -77.85509,  44.96279
 -77.85915,  44.94044
 -77.86014,  44.91803
 -77.84902,  44.89536
 -77.84586,  44.87286
 -77.84169,  44.85033
 -77.84164,  44.82789
 -77.83933,  44.80540
 -77.84335,  44.78305
 -77.83971,  44.76053
 -77.84434,  44.73819
 -77.83901,  44.72273
 -77.83613,  44.71557
 -77.83691,  44.69315
 -77.83167,  44.67059
 -77.83044,  44.64812
 -77.83159,  44.62571
 -77.83552,  44.60335
 -77.84386,  44.58109
 -77.84541,  44.57400
 -77.84879,  44.55875
 -77.87085,  44.53679
 -77.87859,  44.53434
 -77.91032,  44.52872
 -77.94193,  44.52575
 -77.96870,  44.51641
 -77.97386,  44.51464
 -78.00324,  44.49468
 -78.00644,  44.48722
 -78.01408,  44.47245
 -78.01708,  44.45008
 -78.01423,  44.42757
 -78.01125,  44.40506
 -78.00983,  44.40299
 -77.99877,  44.38236
 -77.97990,  44.36607
 -77.95850,  44.35907
 -77.94900,  44.35408
 -77.91764,  44.35321
 -77.88615,  44.35542
 -77.86633,  44.35711
 -77.85461,  44.35884
 -77.82301,  44.36331
 -77.79148,  44.36631
 -77.76010,  44.36576
 -77.72883,  44.36288
 -77.69727,  44.36633
 -77.66589,  44.36580
 -77.63485,  44.35790
 -77.60372,  44.35207
 -77.57222,  44.35420
 -77.54668,  44.34977
 -77.54108,  44.34887
 -77.50977,  44.34701
 -77.47881,  44.33781
 -77.44796,  44.32691
 -77.44489,  44.32479
 -77.41732,  44.31173
 -77.38634,  44.30358
 -77.36740,  44.30036
 -77.35530,  44.29710
 -77.34294,  44.29973
 -77.32372,  44.30117
 -77.31203,  44.29892
 -77.29288,  44.29073
 -77.26138,  44.29317
 -77.23605,  44.29690
 -77.22980,  44.29715
 -77.21926,  44.29645
 -77.19858,  44.29420
 -77.19548,  44.29581
 -77.16665,  44.30463
 -77.13504,  44.30884
 -77.10346,  44.31228
 -77.07470,  44.31492
 -77.07191,  44.31525
 -77.03941,  44.33545
 -77.03819,  44.33635
 -77.02496,  44.35843
 -77.01962,  44.38073
 -77.01592,  44.40308
 -77.01488,  44.42551
 -77.01255,  44.44790
 -77.00898,  44.47025
 -77.00332,  44.49254
 -76.99802,  44.51305
 -76.99754,  44.51483
 -76.98117,  44.53681
 -76.97299,  44.55903
 -76.96310,  44.57318
 -76.95736,  44.58103
 -76.96183,  44.59550
 -76.96391,  44.60367
 -76.97256,  44.62637
 -76.96406,  44.64857
 -76.95851,  44.65351
 -76.92755,  44.66996
 -76.92575,  44.67433
 -76.92415,  44.66986
 -76.89565,  44.64900
 -76.89120,  44.64645
 -76.88138,  44.62370
 -76.89114,  44.60154
 -76.88879,  44.57902
 -76.88333,  44.55640
 -76.87032,  44.54290
 -76.86378,  44.53337
 -76.85527,  44.51066
 -76.84743,  44.48797
 -76.84267,  44.47755
 -76.83683,  44.46520
 -76.83087,  44.44256
 -76.82969,  44.42007
 -76.82432,  44.39745
 -76.81937,  44.37484
 -76.81748,  44.37151
 -76.79292,  44.35159
 -76.78741,  44.34883
 -76.75651,  44.34045
 -76.72563,  44.33184
 -76.69435,  44.32982
 -76.68649,  44.32584
 -76.66386,  44.31507
 -76.64742,  44.30214
 -76.63844,  44.27939
 -76.63517,  44.27151
 -76.62816,  44.25660
 -76.62794,  44.23413
 -76.62440,  44.21156
 -76.62262,  44.18904
 -76.61546,  44.16634
 -76.61073,  44.16036
 -76.59415,  44.14318
 -76.58987,  44.12058
 -76.59437,  44.09826
 -76.59647,  44.07586
 -76.60095,  44.05353
 -76.60058,  44.03105
 -76.58873,  44.01170
 -76.58338,  44.00803
 -76.55856,  43.99458
 -76.54704,  43.98437
 -76.52842,  43.97730
 -76.51348,  43.98327
 -76.49592,  43.99723
 -76.48383,  44.00477
 -76.46329,  44.01890
 -76.45815,  44.02638
 -76.45724,  44.04882
 -76.46017,  44.06713
 -76.46227,  44.07146
 -76.45931,  44.09383
 -76.46589,  44.11652
 -76.45620,  44.12857
 -76.45143,  44.13851
 -76.43004,  44.16026
 -76.42234,  44.16774
 -76.41342,  44.18217
 -76.41335,  44.20464
 -76.40656,  44.22688
 -76.40506,  44.24929
 -76.39772,  44.27150
 -76.39266,  44.29380
 -76.38200,  44.30462
 -76.36231,  44.31525
 -76.34930,  44.32410
 -76.31718,  44.33490
 -76.31219,  44.33600
 -76.28491,  44.34756
 -76.25349,  44.34770
 -76.22240,  44.34288
 -76.19039,  44.35421
 -76.19020,  44.35423
 -76.15867,  44.35587
 -76.12725,  44.35575
 -76.09575,  44.35687
 -76.06367,  44.36603
 -76.05340,  44.37175
 -76.04095,  44.39377
 -76.02917,  44.40887
 -76.02230,  44.41555
 -76.01930,  44.43791
 -76.00330,  44.45979
 -75.99771,  44.48205
 -75.99206,  44.48698
 -75.95970,  44.50310
 -75.95938,  44.50322
 -75.92735,  44.51038
 -75.89536,  44.51702
 -75.86358,  44.52069
 -75.85904,  44.52179
 -75.83060,  44.54022
 -75.82583,  44.54299
 -75.79745,  44.56168
 -75.79559,  44.56429
 -75.78121,  44.58620
 -75.78451,  44.60880
 -75.79236,  44.62883
 -75.79287,  44.63159
 -75.79189,  44.63493
 -75.78279,  44.65366
 -75.77010,  44.67564
 -75.75611,  44.68993
 -75.74966,  44.69731
 -75.72321,  44.70680
 -75.70392,  44.69553
 -75.69354,  44.68192
 -75.68700,  44.67240
 -75.66796,  44.64918
 -75.66488,  44.64429
 -75.66327,  44.62654
 -75.66692,  44.61810
 -75.68047,  44.60475
 -75.67484,  44.58206
 -75.68430,  44.55996
 -75.67285,  44.54195
 -75.67097,  44.53697
 -75.66290,  44.51418
 -75.65909,  44.49156
 -75.65321,  44.46886
 -75.64864,  44.44833
 -75.64828,  44.44619
 -75.64697,  44.42366
 -75.64865,  44.40126
 -75.64760,  44.37875
 -75.64795,  44.35629
 -75.64512,  44.33370
 -75.63672,  44.31089
 -75.63593,  44.28838
 -75.63093,  44.27244
 -75.62768,  44.26557
 -75.63225,  44.24327
 -75.62678,  44.22059
 -75.62597,  44.19808
 -75.62045,  44.17538
 -75.60860,  44.15687
 -75.60272,  44.15219
 -75.58295,  44.12890
 -75.57970,  44.12589
 -75.54892,  44.11916
 -75.51830,  44.11043
 -75.49616,  44.10287
 -75.48801,  44.09760
 -75.46649,  44.07916
 -75.45969,  44.06059
 -75.45908,  44.05637
 -75.45068,  44.03354
 -75.45324,  44.01116
 -75.45171,  43.98861
 -75.44993,  43.96606
 -75.44714,  43.94344
 -75.44274,  43.92077
 -75.44127,  43.90133
 -75.44099,  43.89821
 -75.43778,  43.87559
 -75.43606,  43.85303
 -75.43588,  43.83054
 -75.44092,  43.80826
 -75.44157,  43.78580
 -75.45185,  43.76970
 -75.45663,  43.76394
 -75.47408,  43.74218
 -75.48596,  43.73244
 -75.50371,  43.72092
 -75.51830,  43.71711
 -75.55039,  43.70472
 -75.55817,  43.70068
 -75.58307,  43.68468
 -75.58683,  43.67936
 -75.59641,  43.65726
 -75.60402,  43.63508
 -75.60338,  43.61256
 -75.60014,  43.58994
 -75.59221,  43.56734
 -75.59207,  43.56712
 -75.58342,  43.54427
 -75.57211,  43.52131
 -75.56548,  43.51212
 -75.54520,  43.49771
 -75.53665,  43.48421
 -75.52856,  43.47453
 -75.51707,  43.45156
 -75.50925,  43.43871
 -75.50430,  43.42853
 -75.50053,  43.40588
 -75.49272,  43.38306
 -75.48318,  43.37671
 -75.47241,  43.35971
 -75.45641,  43.33654
 -75.45556,  43.33487
 -75.45030,  43.31378
 -75.44350,  43.29100
 -75.43922,  43.26832
 -75.43869,  43.24580
 -75.43772,  43.22325
 -75.43836,  43.20078
 -75.44153,  43.17841
 -75.43925,  43.15582
 -75.44413,  43.13352
 -75.44178,  43.11994
 -75.43939,  43.11082
 -75.44070,  43.08837
 -75.43813,  43.06576
 -75.43613,  43.04317
 -75.43877,  43.02078
 -75.44166,  42.99840
 -75.44791,  42.97616
 -75.45386,  42.96777
 -75.46953,  42.95457
 -75.48651,  42.94361
 -75.51511,  42.93398
 -75.51808,  42.93297
 -75.54877,  42.93357
 -75.57378,  42.91393
 -75.58126,  42.91086
 -75.60754,  42.89281
 -75.61422,  42.88160
 -75.62043,  42.87084
 -75.63093,  42.84877
 -75.63620,  42.82648
 -75.64071,  42.80416
 -75.64336,  42.78176
 -75.65366,  42.76657
 -75.65943,  42.75992
 -75.67332,  42.73798
 -75.67397,  42.71550
 -75.65924,  42.69286
 -75.65912,  42.69239
 -75.65999,  42.68298
 -75.66147,  42.66998
 -75.66103,  42.66927
 -75.65650,  42.64727
 -75.65750,  42.62481
 -75.66563,  42.60833
 -75.67167,  42.60288
 -75.67808,  42.58064
 -75.69864,  42.57581
 -75.73003,  42.56468
 -75.75995,  42.57336
 -75.78441,  42.58492
 -75.78934,  42.58915
 -75.80075,  42.60808
 -75.80606,  42.63079
 -75.81248,  42.65354
 -75.81470,  42.66043
 -75.82239,  42.67645
 -75.84322,  42.68920
 -75.86270,  42.70053
 -75.87283,  42.70296
 -75.90334,  42.70446
 -75.93382,  42.70648
 -75.95058,  42.70393
 -75.96507,  42.69763
 -75.99517,  42.68314
 -75.99688,  42.68065
 -76.00378,  42.66096
 -76.01424,  42.63886
 -76.01472,  42.61638
 -76.01677,  42.59396
 -76.02106,  42.57162
 -76.03609,  42.54968
 -76.03668,  42.54873
 -76.04521,  42.52752
 -76.04780,  42.50512
 -76.05238,  42.48278
 -76.05283,  42.46030
 -76.05922,  42.43804
 -76.05664,  42.41544
 -76.05523,  42.39288
 -76.06020,  42.37057
 -76.06841,  42.34837
 -76.07138,  42.32598
 -76.06874,  42.30338
 -76.06555,  42.28076
 -76.06749,  42.25832
 -76.05823,  42.23745
 -76.05788,  42.23546
 -76.05846,  42.23397
 -76.07456,  42.21358
 -76.07835,  42.19122
 -76.09227,  42.18411
 -76.11015,  42.16991
 -76.12396,  42.16462
 -76.15461,  42.16039
 -76.18559,  42.15117
 -76.18800,  42.15028
 -76.21510,  42.12877
 -76.21752,  42.12728
 -76.24826,  42.12121
 -76.27921,  42.11183
 -76.30963,  42.11060
 -76.33965,  42.11554
 -76.36926,  42.12671
 -76.37414,  42.13446
END
 -15.00000, -79.06861,  42.24330
 -79.06528,  42.24572
 -79.06389,  42.24324
 -79.06543,  42.23933
 -79.06861,  42.24330
END
 -15.00000, -78.89814,  42.24109
 -78.88313,  42.24410
 -78.87720,  42.24080
 -78.88339,  42.23388
 -78.89814,  42.24109
END
 -15.00000, -79.14104,  42.37904
 -79.14530,  42.40156
 -79.14193,  42.42400
 -79.13239,  42.44637
 -79.12157,  42.45147
 -79.10302,  42.44602
 -79.09142,  42.43762
 -79.06693,  42.42310
 -79.06136,  42.41996
 -79.04290,  42.40033
 -79.04111,  42.37783
 -79.06255,  42.36758
 -79.09293,  42.36892
 -79.12337,  42.36864
 -79.14104,  42.37904
END
 -15.00000, -75.72074,  42.28977
 -75.71992,  42.29012
 -75.71945,  42.28972
 -75.72028,  42.28545
 -75.72074,  42.28977
END
 -15.00000, -78.92825,  42.42132
 -78.93933,  42.42979
 -78.94459,  42.44402
 -78.93882,  42.45062
 -78.90823,  42.45565
 -78.87778,  42.45532
 -78.86451,  42.44292
 -78.87488,  42.42059
 -78.87870,  42.41884
 -78.90921,  42.41654
 -78.92825,  42.42132
END
 -15.00000, -79.28133,  42.49297
 -79.27293,  42.50032
 -79.25313,  42.49267
 -79.27347,  42.47274
 -79.28133,  42.49297
END
 -15.00000, -79.43681,  42.53944
 -79.42449,  42.55111
 -79.40792,  42.53917
 -79.42501,  42.52061
 -79.43681,  42.53944
END
 -15.00000, -79.18741,  42.53690
 -79.18063,  42.54111
 -79.16582,  42.53666
 -79.18086,  42.53009
 -79.18741,  42.53690
END
 -15.00000, -74.98154,  44.17052
 -74.99590,  44.19366
 -75.00642,  44.21662
 -75.00501,  44.23904
 -75.00504,  44.24926
 -75.00605,  44.26158
 -75.00336,  44.26839
 -74.99693,  44.28365
 -74.98141,  44.30544
 -74.96798,  44.31318
 -74.93591,  44.32033
 -74.90467,  44.31828
 -74.87441,  44.30529
 -74.87274,  44.30046
 -74.87254,  44.27797
 -74.86819,  44.25528
 -74.86703,  44.23273
 -74.87215,  44.21047
 -74.87766,  44.18825
 -74.88628,  44.17350
 -74.89510,  44.16656
 -74.91890,  44.15928
 -74.94997,  44.16246
 -74.98065,  44.16996
 -74.98154,  44.17052
END
 -15.00000, -74.53042,  45.02612
 -74.52068,  45.04812
 -74.52030,  45.04841
 -74.52001,  45.04809
 -74.51767,  45.02550
 -74.52341,  45.01638
 -74.53042,  45.02612
END
 -15.00000, -76.98190,  45.38959
 -76.99660,  45.41243
 -77.00317,  45.43504
 -77.00372,  45.45748
 -76.98956,  45.47951
 -76.97363,  45.49564
 -76.95744,  45.50102
 -76.94124,  45.50244
 -76.90934,  45.50074
 -76.90671,  45.49957
 -76.88880,  45.47662
 -76.87937,  45.46663
 -76.87330,  45.45374
 -76.87138,  45.43126
 -76.87920,  45.40906
 -76.88326,  45.40100
 -76.89359,  45.38705
 -76.91695,  45.37113
 -76.94859,  45.37612
 -76.97985,  45.38781
 -76.98190,  45.38959
END
 -15.00000, -77.40302,  45.78192
 -77.40619,  45.79642
 -77.40922,  45.80448
 -77.40587,  45.82681
 -77.40881,  45.84929
 -77.41092,  45.87175
 -77.41528,  45.89426
 -77.43265,  45.90862
 -77.46320,  45.89544
 -77.46557,  45.89431
 -77.47440,  45.89571
 -77.49761,  45.89727
 -77.52953,  45.90292
 -77.53796,  45.89724
 -77.54635,  45.87503
 -77.56400,  45.85625
 -77.56563,  45.85308
 -77.56843,  45.83074
 -77.56580,  45.81895
 -77.55605,  45.80804
 -77.54510,  45.78537
 -77.53581,  45.77473
 -77.50386,  45.77106
 -77.47132,  45.77940
 -77.43968,  45.76957
 -77.40759,  45.76897
 -77.40302,  45.78192
END
 -15.00000, -77.28861,  47.36805
 -77.25667,  47.38772
 -77.25546,  47.38957
 -77.25312,  47.41185
 -77.24485,  47.43399
 -77.25243,  47.45652
 -77.25278,  47.45830
 -77.26156,  47.47910
 -77.27477,  47.50177
 -77.28294,  47.51095
 -77.31526,  47.52480
 -77.34878,  47.51674
 -77.36027,  47.50388
 -77.38366,  47.48267
 -77.38396,  47.48212
 -77.38557,  47.45981
 -77.39578,  47.43773
 -77.38716,  47.41659
 -77.38563,  47.41513
 -77.37413,  47.39251
 -77.35625,  47.37709
 -77.34743,  47.36951
 -77.32415,  47.36046
 -77.29080,  47.36708
 -77.28861,  47.36805
END
 -15.00000, -77.28620,  47.56907
 -77.28062,  47.59127
 -77.27841,  47.59358
 -77.26850,  47.61329
 -77.26549,  47.63556
 -77.26675,  47.65792
 -77.27386,  47.67633
 -77.27786,  47.68053
 -77.29325,  47.70325
 -77.30464,  47.71997
 -77.33818,  47.71352
 -77.34578,  47.70454
 -77.35757,  47.68250
 -77.35670,  47.66014
 -77.37487,  47.64790
 -77.37994,  47.63837
 -77.37603,  47.62615
 -77.36302,  47.61563
 -77.36109,  47.59325
 -77.34909,  47.57062
 -77.34618,  47.56517
 -77.31389,  47.55007
 -77.28620,  47.56907
END
 -15.00000, -77.29684,  47.74800
 -77.26901,  47.76410
 -77.26349,  47.76949
 -77.25288,  47.79155
 -77.24245,  47.81362
 -77.24055,  47.83589
 -77.23647,  47.85812
 -77.24084,  47.88054
 -77.24052,  47.90285
 -77.24229,  47.92522
 -77.24036,  47.94748
 -77.22518,  47.96943
 -77.22448,  47.99172
 -77.22270,  48.01400
 -77.22138,  48.02113
 -77.20691,  48.03591
 -77.22019,  48.04213
 -77.22573,  48.05870
 -77.23556,  48.08126
 -77.25072,  48.09305
 -77.27573,  48.10457
 -77.28336,  48.10702
 -77.31650,  48.11182
 -77.33205,  48.10595
 -77.35083,  48.09495
 -77.36724,  48.08450
 -77.37270,  48.06231
 -77.38668,  48.04917
 -77.39142,  48.04045
 -77.38799,  48.02491
 -77.38416,  48.01797
 -77.37700,  47.99548
 -77.36903,  47.97298
 -77.36015,  47.95044
 -77.35918,  47.94057
 -77.35699,  47.92805
 -77.35999,  47.92560
 -77.37084,  47.90606
 -77.37519,  47.88385
 -77.38136,  47.86168
 -77.38449,  47.83944
 -77.38190,  47.81705
 -77.37210,  47.79449
 -77.36929,  47.77209
 -77.36832,  47.77033
 -77.33652,  47.74897
 -77.33630,  47.74831
 -77.30379,  47.73553
 -77.29684,  47.74800
END
 -15.00000, -75.58447,  48.18573
 -75.59891,  48.20860
 -75.60242,  48.22250
 -75.60595,  48.23119
 -75.60434,  48.25344
 -75.59895,  48.26352
 -75.59155,  48.27529
 -75.57098,  48.29684
 -75.56218,  48.30162
 -75.52786,  48.31051
 -75.49542,  48.29753
 -75.48933,  48.29374
 -75.47360,  48.27082
 -75.46489,  48.26274
 -75.45868,  48.24791
 -75.45842,  48.22559
 -75.46963,  48.20813
 -75.47561,  48.20391
 -75.47757,  48.18167
 -75.50627,  48.17163
 -75.53996,  48.16914
 -75.57259,  48.17905
 -75.58447,  48.18573
END
 -15.00000, -78.49957,  49.19807
 -78.48071,  49.20975
 -78.47241,  49.21990
 -78.46809,  49.24207
 -78.47590,  49.26443
 -78.47858,  49.26966
 -78.49277,  49.28691
 -78.51151,  49.30191
 -78.54392,  49.28768
 -78.54617,  49.28565
 -78.55981,  49.26568
 -78.58146,  49.25023
 -78.58523,  49.24381
 -78.58212,  49.23061
 -78.57207,  49.22139
 -78.54916,  49.19891
 -78.54903,  49.19881
 -78.51578,  49.18045
 -78.49957,  49.19807
END
 -15.00000, -76.29066,  49.14650
 -76.27159,  49.15184
 -76.24023,  49.16716
 -76.23553,  49.17889
 -76.22941,  49.18908
 -76.21600,  49.21091
 -76.21925,  49.23326
 -76.21024,  49.25523
 -76.21104,  49.27752
 -76.20256,  49.29949
 -76.19112,  49.31556
 -76.18372,  49.32114
 -76.15553,  49.33471
 -76.14107,  49.34201
 -76.12009,  49.35148
 -76.08542,  49.35800
 -76.07892,  49.36222
 -76.06375,  49.38397
 -76.05731,  49.40600
 -76.05632,  49.42822
 -76.06226,  49.45066
 -76.07660,  49.47113
 -76.07961,  49.47348
 -76.09594,  49.49626
 -76.10846,  49.50163
 -76.14216,  49.50873
 -76.17613,  49.51234
 -76.21037,  49.51256
 -76.24418,  49.51854
 -76.27835,  49.51961
 -76.31265,  49.51899
 -76.34042,  49.50406
 -76.34850,  49.49734
 -76.36276,  49.48252
 -76.36641,  49.46038
 -76.38672,  49.43877
 -76.37523,  49.41618
 -76.37328,  49.39387
 -76.37398,  49.37165
 -76.37693,  49.34949
 -76.38720,  49.32756
 -76.39639,  49.30913
 -76.39737,  49.30562
 -76.40678,  49.28366
 -76.40774,  49.26144
 -76.40965,  49.23924
 -76.40724,  49.21691
 -76.40382,  49.20618
 -76.39919,  49.19441
 -76.39167,  49.17192
 -76.37326,  49.15776
 -76.34796,  49.14830
 -76.34028,  49.14337
 -76.30647,  49.14030
 -76.29066,  49.14650
END
 -15.00000, -75.92352,  49.15666
 -75.89633,  49.16208
 -75.86633,  49.17694
 -75.86053,  49.18356
 -75.85534,  49.19883
 -75.84402,  49.22069
 -75.84015,  49.24282
 -75.84133,  49.26513
 -75.83611,  49.28720
 -75.84037,  49.30960
 -75.84286,  49.33195
 -75.84727,  49.34573
 -75.87297,  49.35526
 -75.88058,  49.35625
 -75.88319,  49.35561
 -75.91552,  49.34666
 -75.94993,  49.34357
 -75.96674,  49.33621
 -75.98579,  49.32203
 -75.99549,  49.31492
 -76.01317,  49.29327
 -76.01171,  49.27096
 -76.01292,  49.24874
 -76.01278,  49.22648
 -76.00385,  49.20392
 -75.99626,  49.19007
 -75.98922,  49.18116
 -75.96456,  49.16035
 -75.94572,  49.15741
 -75.93092,  49.15533
 -75.92352,  49.15666
END
 -15.00000, -75.69343,  49.34892
 -75.67570,  49.35467
 -75.65627,  49.36984
 -75.64922,  49.39183
 -75.63865,  49.41371
 -75.63982,  49.43600
 -75.63861,  49.45821
 -75.64833,  49.48081
 -75.66318,  49.50167
 -75.66793,  49.50377
 -75.69638,  49.51405
 -75.73043,  49.51659
 -75.76517,  49.51099
 -75.77382,  49.50754
 -75.79356,  49.48598
 -75.80224,  49.47713
 -75.82057,  49.46469
 -75.83316,  49.44287
 -75.83917,  49.42083
 -75.84110,  49.39865
 -75.84361,  49.37649
 -75.83780,  49.35403
 -75.81298,  49.34734
 -75.78003,  49.33287
 -75.74577,  49.33417
 -75.71144,  49.33609
 -75.69343,  49.34892
END
 -15.00000, -77.33211,  49.59784
 -77.31094,  49.61956
 -77.29948,  49.63012
 -77.28963,  49.64127
 -77.29691,  49.66366
 -77.29732,  49.66807
 -77.30182,  49.68599
 -77.32685,  49.70880
 -77.32926,  49.71038
 -77.33481,  49.70899
 -77.36472,  49.69057
 -77.36727,  49.68754
 -77.38657,  49.66577
 -77.39496,  49.64375
 -77.38728,  49.62135
 -77.36920,  49.60997
 -77.33897,  49.59800
 -77.33566,  49.59674
 -77.33211,  49.59784
END
 -15.00000, -77.31693,  49.77521
 -77.28999,  49.79643
 -77.28899,  49.79676
 -77.25452,  49.81502
 -77.23698,  49.81771
 -77.21978,  49.82048
 -77.21545,  49.81719
 -77.18588,  49.81162
 -77.15179,  49.80624
 -77.11786,  49.79818
 -77.11402,  49.81468
 -77.08605,  49.83618
 -77.09767,  49.85868
 -77.10203,  49.88100
 -77.11200,  49.89523
 -77.14643,  49.89590
 -77.18155,  49.88481
 -77.21531,  49.89686
 -77.24950,  49.90150
 -77.28397,  49.90171
 -77.30893,  49.90825
 -77.31799,  49.90968
 -77.32124,  49.90855
 -77.34460,  49.88689
 -77.35454,  49.87261
 -77.35818,  49.86500
 -77.36444,  49.84294
 -77.36296,  49.82071
 -77.35831,  49.80521
 -77.35313,  49.79827
 -77.33691,  49.77568
 -77.32581,  49.77156
 -77.31693,  49.77521
END
 -15.00000, -77.24357,  49.97330
 -77.22950,  49.99516
 -77.24280,  50.01682
 -77.27564,  49.99627
 -77.25309,  49.97353
 -77.24541,  49.97194
 -77.24357,  49.97330
END
 -15.00000, -76.71989,  49.98188
 -76.70166,  50.00357
 -76.69054,  50.00993
 -76.67609,  50.02505
 -76.67184,  50.04713
 -76.68494,  50.06970
 -76.68633,  50.07173
 -76.69846,  50.09227
 -76.71865,  50.10508
 -76.74258,  50.09350
 -76.75518,  50.07633
 -76.75842,  50.07175
 -76.76929,  50.04985
 -76.76857,  50.02763
 -76.75931,  50.01472
 -76.74446,  50.00476
 -76.73372,  49.98227
 -76.72716,  49.97916
 -76.71989,  49.98188
END
 -15.00000, -76.27369,  50.03531
 -76.27397,  50.03611
 -76.30401,  50.05845
 -76.30092,  50.08055
 -76.30482,  50.08564
 -76.33929,  50.08746
 -76.34444,  50.08189
 -76.34264,  50.05964
 -76.36749,  50.03820
 -76.34340,  50.03214
 -76.30925,  50.02658
 -76.27412,  50.03416
 -76.27369,  50.03531
END
 -15.00000, -75.67768,  50.03763
 -75.68539,  50.04538
 -75.70993,  50.03878
 -75.68649,  50.03251
 -75.67768,  50.03763
END
 -15.00000, -75.71544,  50.08339
 -75.71667,  50.08407
 -75.71789,  50.08347
 -75.71732,  50.07644
 -75.71544,  50.08339
END
 -15.00000, -76.14692,  50.23109
 -76.14408,  50.25319
 -76.15276,  50.26114
 -76.16640,  50.25390
 -76.16351,  50.23162
 -76.15519,  50.23002
 -76.14692,  50.23109
END
 -15.00000, -75.14506,  50.59488
 -75.14829,  50.59702
 -75.16810,  50.61795
 -75.18052,  50.62520
 -75.18659,  50.64084
 -75.17706,  50.66111
 -75.17534,  50.66259
 -75.17657,  50.66616
 -75.17915,  50.68491
 -75.18625,  50.70736
 -75.18790,  50.72959
 -75.20264,  50.75233
 -75.20319,  50.75346
 -75.20996,  50.77478
 -75.21529,  50.79715
 -75.21629,  50.81935
 -75.21964,  50.84164
 -75.21105,  50.86347
 -75.21275,  50.88570
 -75.19843,  50.90731
 -75.19090,  50.92917
 -75.18517,  50.94032
 -75.17622,  50.95076
 -75.16587,  50.97252
 -75.16257,  50.99454
 -75.15956,  51.01657
 -75.17595,  51.03537
 -75.17679,  51.03939
 -75.17536,  51.04142
 -75.14156,  51.06018
 -75.13709,  51.08215
 -75.13611,  51.08261
 -75.10089,  51.08224
 -75.09214,  51.08041
 -75.06690,  51.06950
 -75.03204,  51.06572
 -75.01520,  51.07739
 -74.99481,  51.08548
 -74.96229,  51.09743
 -74.95824,  51.09838
 -74.92222,  51.10583
 -74.88911,  51.09449
 -74.88820,  51.09361
 -74.86604,  51.07141
 -74.85646,  51.05939
 -74.85307,  51.04873
 -74.85049,  51.02647
 -74.86047,  51.00472
 -74.86032,  50.98256
 -74.86513,  50.97511
 -74.88229,  50.96130
 -74.88696,  50.93932
 -74.90109,  50.91774
 -74.89937,  50.89551
 -74.90094,  50.87341
 -74.90344,  50.85134
 -74.90523,  50.82925
 -74.91642,  50.81683
 -74.92763,  50.80799
 -74.92582,  50.78575
 -74.95486,  50.78360
 -74.99076,  50.77520
 -75.00095,  50.76659
 -75.02799,  50.75335
 -75.04043,  50.74599
 -75.05007,  50.72421
 -75.06470,  50.70261
 -75.06585,  50.68048
 -75.07209,  50.66136
 -75.07409,  50.65863
 -75.07250,  50.65711
 -75.06754,  50.63619
 -75.07456,  50.61429
 -75.07704,  50.61089
 -75.10342,  50.59325
 -75.11442,  50.58601
 -75.14506,  50.59488
END
 -15.00000, -75.72900,  50.79372
 -75.73171,  50.81597
 -75.74451,  50.83857
 -75.74069,  50.86060
 -75.73422,  50.88252
 -75.72382,  50.90431
 -75.71484,  50.91294
 -75.69415,  50.92543
 -75.69037,  50.94744
 -75.68928,  50.96955
 -75.69003,  50.99172
 -75.69723,  51.01412
 -75.68279,  51.03576
 -75.69035,  51.05816
 -75.67368,  51.07972
 -75.66602,  51.10159
 -75.66290,  51.10387
 -75.64256,  51.12291
 -75.63091,  51.14463
 -75.62366,  51.14857
 -75.59114,  51.14323
 -75.58888,  51.14293
 -75.55393,  51.13924
 -75.53563,  51.14126
 -75.51832,  51.14302
 -75.50731,  51.14024
 -75.48392,  51.13341
 -75.45438,  51.11619
 -75.45050,  51.11324
 -75.43611,  51.09339
 -75.43507,  51.07121
 -75.43255,  51.04897
 -75.42873,  51.02669
 -75.42727,  51.00449
 -75.43512,  50.98263
 -75.43435,  50.96046
 -75.44592,  50.93872
 -75.44929,  50.91670
 -75.45590,  50.89479
 -75.45756,  50.87270
 -75.45409,  50.85041
 -75.45769,  50.82839
 -75.46748,  50.80658
 -75.47993,  50.79237
 -75.48691,  50.78513
 -75.51732,  50.76668
 -75.55226,  50.76771
 -75.58710,  50.76997
 -75.62112,  50.78161
 -75.65547,  50.78951
 -75.69038,  50.79105
 -75.72587,  50.78605
 -75.72900,  50.79372
END
 -15.00000, -75.75433,  51.37012
 -75.77550,  51.39295
 -75.77819,  51.40158
 -75.78008,  51.41521
 -75.78757,  51.43758
 -75.77390,  51.45922
 -75.77290,  51.46238
 -75.76537,  51.48103
 -75.73973,  51.50227
 -75.73379,  51.50368
 -75.72322,  51.50171
 -75.69905,  51.49503
 -75.67293,  51.47787
 -75.66587,  51.46887
 -75.65954,  51.45531
 -75.65263,  51.43296
 -75.66216,  51.41118
 -75.66803,  51.38927
 -75.67460,  51.37073
 -75.67696,  51.36746
 -75.71133,  51.35594
 -75.74609,  51.36331
 -75.75433,  51.37012
END
END
