 -15.00000, -76.18957,  42.37537
 -76.20030,  42.38599
 -76.21719,  42.39888
 -76.22804,  42.42177
 -76.22829,  42.42316
 -76.23335,  42.44446
 -76.23156,  42.46690
 -76.23560,  42.48954
 -76.23933,  42.51218
 -76.23208,  42.53441
 -76.24240,  42.55729
 -76.24487,  42.57988
 -76.24422,  42.60235
 -76.24256,  42.62479
 -76.24441,  42.64024
 -76.24498,  42.64738
 -76.25005,  42.67005
 -76.25885,  42.69287
 -76.27061,  42.70660
 -76.28700,  42.71637
 -76.29989,  42.72691
 -76.32987,  42.73677
 -76.36109,  42.72759
 -76.37563,  42.71949
 -76.39294,  42.70852
 -76.40391,  42.69797
 -76.41507,  42.67586
 -76.42323,  42.65365
 -76.42801,  42.63847
 -76.43148,  42.63144
 -76.43121,  42.60893
 -76.44608,  42.58695
 -76.46224,  42.58059
 -76.49327,  42.57285
 -76.50961,  42.56661
 -76.52439,  42.56357
 -76.53941,  42.56761
 -76.55427,  42.57446
 -76.58399,  42.58792
 -76.58700,  42.59170
 -76.59505,  42.61445
 -76.60125,  42.63715
 -76.60567,  42.65979
 -76.60339,  42.68221
 -76.60811,  42.69393
 -76.61257,  42.70501
 -76.61857,  42.72770
 -76.62489,  42.75039
 -76.63329,  42.77316
 -76.63374,  42.77623
 -76.63483,  42.79570
 -76.63139,  42.81504
 -76.63084,  42.81806
 -76.63113,  42.81921
 -76.63485,  42.84068
 -76.62877,  42.85819
 -76.62675,  42.86291
 -76.62814,  42.86866
 -76.63204,  42.88557
 -76.62630,  42.89885
 -76.62077,  42.90769
 -76.61807,  42.93010
 -76.59571,  42.95185
 -76.59220,  42.95429
 -76.56089,  42.96378
 -76.53010,  42.96476
 -76.50720,  42.97140
 -76.49863,  42.97652
 -76.47286,  42.99274
 -76.46989,  43.01513
 -76.46521,  43.01874
 -76.45722,  43.03719
 -76.46264,  43.05930
 -76.46310,  43.05988
 -76.46253,  43.06094
 -76.45692,  43.08216
 -76.45877,  43.10471
 -76.45187,  43.12696
 -76.44523,  43.14923
 -76.42479,  43.16964
 -76.42280,  43.17095
 -76.41331,  43.19311
 -76.40200,  43.21522
 -76.39199,  43.23736
 -76.38911,  43.24448
 -76.37955,  43.25941
 -76.37630,  43.28179
 -76.35452,  43.30147
 -76.35237,  43.30345
 -76.32333,  43.32493
 -76.32200,  43.32604
 -76.30138,  43.34665
 -76.28951,  43.34981
 -76.26462,  43.36784
 -76.25692,  43.37464
 -76.24797,  43.38973
 -76.24613,  43.41216
 -76.24351,  43.43455
 -76.24546,  43.45710
 -76.23870,  43.47935
 -76.23440,  43.50168
 -76.21694,  43.52354
 -76.21579,  43.52522
 -76.20860,  43.54573
 -76.19092,  43.56758
 -76.18086,  43.58971
 -76.18031,  43.59063
 -76.14826,  43.60507
 -76.14396,  43.61086
 -76.11546,  43.63030
 -76.11335,  43.63223
 -76.11078,  43.65462
 -76.10176,  43.67677
 -76.09879,  43.69915
 -76.08683,  43.72119
 -76.07876,  43.74338
 -76.07639,  43.74440
 -76.05619,  43.76503
 -76.04309,  43.78703
 -76.04202,  43.79024
 -76.03358,  43.80916
 -76.03227,  43.83159
 -76.02442,  43.85378
 -76.02788,  43.87639
 -76.02609,  43.89880
 -76.02345,  43.92118
 -76.02689,  43.94379
 -76.00097,  43.96530
 -75.99817,  43.96777
 -75.96650,  43.97389
 -75.93525,  43.97401
 -75.91835,  43.98469
 -75.90187,  44.00654
 -75.90159,  44.00710
 -75.89024,  44.02858
 -75.89665,  44.05130
 -75.89809,  44.05470
 -75.90931,  44.07425
 -75.92383,  44.09727
 -75.92617,  44.09850
 -75.93188,  44.09758
 -75.95861,  44.08272
 -75.98997,  44.08169
 -76.00895,  44.07798
 -76.02170,  44.07560
 -76.02353,  44.07853
 -76.03249,  44.10133
 -76.04893,  44.12441
 -76.04946,  44.12510
 -76.06813,  44.14759
 -76.07846,  44.15773
 -76.10925,  44.16546
 -76.14034,  44.16879
 -76.17192,  44.16518
 -76.20370,  44.15850
 -76.22665,  44.15327
 -76.23552,  44.15124
 -76.26752,  44.14111
 -76.29899,  44.13887
 -76.32146,  44.13410
 -76.33086,  44.13053
 -76.36295,  44.11855
 -76.37191,  44.11335
 -76.39578,  44.09530
 -76.40141,  44.09188
 -76.41777,  44.06997
 -76.42970,  44.05484
 -76.43566,  44.04810
 -76.44117,  44.02581
 -76.44044,  44.00332
 -76.44417,  43.98096
 -76.45324,  43.95880
 -76.45667,  43.93644
 -76.45536,  43.91392
 -76.45047,  43.89129
 -76.44580,  43.86866
 -76.44582,  43.84618
 -76.44732,  43.82376
 -76.45227,  43.80145
 -76.46143,  43.77928
 -76.47844,  43.75737
 -76.48018,  43.75573
 -76.50841,  43.73589
 -76.51279,  43.73217
 -76.54491,  43.71462
 -76.54501,  43.71453
 -76.56658,  43.69286
 -76.56809,  43.67043
 -76.57993,  43.65299
 -76.58144,  43.64839
 -76.58406,  43.62599
 -76.58260,  43.61023
 -76.58033,  43.60340
 -76.58327,  43.59926
 -76.58942,  43.58121
 -76.60229,  43.55915
 -76.61598,  43.53711
 -76.61830,  43.53463
 -76.63016,  43.51509
 -76.63836,  43.49287
 -76.64707,  43.47068
 -76.65057,  43.44831
 -76.65487,  43.42596
 -76.65611,  43.42285
 -76.66867,  43.40392
 -76.68929,  43.38599
 -76.69364,  43.38224
 -76.72105,  43.37222
 -76.75198,  43.37200
 -76.78096,  43.36250
 -76.78350,  43.36196
 -76.81489,  43.35387
 -76.83204,  43.34160
 -76.84737,  43.32684
 -76.85619,  43.31986
 -76.87978,  43.30051
 -76.89744,  43.29862
 -76.91098,  43.29502
 -76.94276,  43.27916
 -76.94457,  43.27755
 -76.95284,  43.25532
 -76.97589,  43.23852
 -76.97841,  43.23360
 -76.97656,  43.22650
 -76.96471,  43.21071
 -76.97861,  43.18958
 -76.97892,  43.18865
 -76.98829,  43.16645
 -77.01173,  43.14817
 -77.01496,  43.14474
 -77.02827,  43.12265
 -77.03619,  43.10040
 -77.04084,  43.07805
 -77.04309,  43.05563
 -77.04579,  43.03323
 -77.04944,  43.02128
 -77.05270,  43.01094
 -77.05933,  42.98865
 -77.08280,  42.97260
 -77.09445,  42.96719
 -77.11404,  42.96305
 -77.14494,  42.95977
 -77.17583,  42.95647
 -77.19566,  42.94756
 -77.20763,  42.93550
 -77.22419,  42.92586
 -77.23959,  42.91134
 -77.24821,  42.90404
 -77.26173,  42.88192
 -77.26234,  42.85946
 -77.26643,  42.83709
 -77.27296,  42.81478
 -77.27534,  42.81133
 -77.29943,  42.79301
 -77.30711,  42.78886
 -77.33781,  42.78785
 -77.35275,  42.79444
 -77.36762,  42.80449
 -77.37870,  42.81761
 -77.38840,  42.84035
 -77.39063,  42.86289
 -77.39462,  42.87947
 -77.39603,  42.88551
 -77.40684,  42.90828
 -77.42301,  42.92687
 -77.42704,  42.93128
 -77.44845,  42.95432
 -77.45209,  42.96086
 -77.46473,  42.97721
 -77.46956,  42.99982
 -77.46627,  43.02221
 -77.46772,  43.04473
 -77.47736,  43.06746
 -77.47770,  43.06827
 -77.49891,  43.09048
 -77.50725,  43.09429
 -77.53791,  43.09675
 -77.56889,  43.09238
 -77.56922,  43.09223
 -77.58813,  43.07022
 -77.60165,  43.04922
 -77.60243,  43.04809
 -77.61227,  43.02585
 -77.61952,  43.00354
 -77.63521,  42.98708
 -77.64315,  42.98164
 -77.66644,  42.97587
 -77.69727,  42.97354
 -77.72835,  42.96522
 -77.75859,  42.97623
 -77.77880,  42.98483
 -77.78862,  42.99253
 -77.79895,  43.00776
 -77.80626,  43.03040
 -77.80971,  43.05296
 -77.80871,  43.07541
 -77.80928,  43.09790
 -77.81397,  43.11968
 -77.81409,  43.12049
 -77.81474,  43.14297
 -77.82742,  43.16573
 -77.83607,  43.18840
 -77.83321,  43.21082
 -77.83916,  43.23341
 -77.83418,  43.25578
 -77.83841,  43.27108
 -77.83961,  43.27837
 -77.83730,  43.30079
 -77.83797,  43.32328
 -77.83805,  43.34575
 -77.83462,  43.36096
 -77.83210,  43.36809
 -77.83407,  43.37390
 -77.83618,  43.39065
 -77.83296,  43.40019
 -77.82494,  43.41287
 -77.83175,  43.42879
 -77.83305,  43.43552
 -77.83126,  43.44037
 -77.81902,  43.45768
 -77.82417,  43.48026
 -77.80881,  43.50238
 -77.79878,  43.52463
 -77.79659,  43.52716
 -77.77296,  43.54651
 -77.76461,  43.55021
 -77.73332,  43.55673
 -77.71349,  43.56761
 -77.70143,  43.57660
 -77.68993,  43.58953
 -77.69107,  43.61202
 -77.66801,  43.63016
 -77.66633,  43.63391
 -77.66764,  43.63842
 -77.68701,  43.65686
 -77.68755,  43.67934
 -77.69610,  43.69639
 -77.69985,  43.70210
 -77.72604,  43.72211
 -77.73588,  43.72540
 -77.75230,  43.74823
 -77.75470,  43.77075
 -77.75481,  43.77478
 -77.75534,  43.79324
 -77.76184,  43.81584
 -77.76662,  43.83841
 -77.75135,  43.85390
 -77.74789,  43.86045
 -77.73153,  43.88253
 -77.71861,  43.88984
 -77.68689,  43.90186
 -77.68571,  43.90393
 -77.67258,  43.92609
 -77.65894,  43.94822
 -77.65323,  43.95672
 -77.64781,  43.97042
 -77.63920,  43.99268
 -77.63914,  44.01513
 -77.63448,  44.03749
 -77.63873,  44.06005
 -77.63887,  44.08251
 -77.64378,  44.10508
 -77.64595,  44.11621
 -77.64864,  44.12766
 -77.64951,  44.15013
 -77.64848,  44.17256
 -77.64818,  44.19501
 -77.64616,  44.21743
 -77.64754,  44.23991
 -77.64712,  44.26235
 -77.64993,  44.28487
 -77.64883,  44.30729
 -77.64751,  44.32972
 -77.64610,  44.35214
 -77.64302,  44.37452
 -77.66471,  44.39156
 -77.69666,  44.37980
 -77.70193,  44.37589
 -77.72854,  44.36941
 -77.74889,  44.37696
 -77.75909,  44.38873
 -77.77364,  44.39996
 -77.78934,  44.41539
 -77.79324,  44.42285
 -77.79422,  44.44532
 -77.78767,  44.45367
 -77.76752,  44.46717
 -77.75536,  44.47326
 -77.73774,  44.48895
 -77.72294,  44.49460
 -77.71154,  44.48835
 -77.69264,  44.46875
 -77.68573,  44.46531
 -77.66192,  44.45265
 -77.65131,  44.44206
 -77.64886,  44.41955
 -77.65339,  44.39721
 -77.63371,  44.38276
 -77.60249,  44.37853
 -77.59389,  44.37335
 -77.57156,  44.36829
 -77.54012,  44.36893
 -77.50863,  44.37070
 -77.50555,  44.37121
 -77.47646,  44.38636
 -77.47223,  44.39284
 -77.45499,  44.41486
 -77.44623,  44.43709
 -77.44165,  44.45521
 -77.43999,  44.45938
 -77.44094,  44.46962
 -77.44142,  44.48187
 -77.44018,  44.48500
 -77.42866,  44.50400
 -77.42282,  44.52630
 -77.40908,  44.54840
 -77.40532,  44.55307
 -77.39079,  44.57038
 -77.38660,  44.59272
 -77.39188,  44.61530
 -77.39111,  44.63773
 -77.39047,  44.66016
 -77.38402,  44.68244
 -77.37861,  44.70475
 -77.36550,  44.71728
 -77.33354,  44.72470
 -77.31499,  44.72555
 -77.30186,  44.72645
 -77.29952,  44.72515
 -77.27100,  44.71260
 -77.25506,  44.70153
 -77.24110,  44.68055
 -77.23867,  44.67865
 -77.21944,  44.65569
 -77.21161,  44.64147
 -77.20620,  44.63288
 -77.18102,  44.62352
 -77.14912,  44.63023
 -77.13492,  44.63095
 -77.12206,  44.65304
 -77.11615,  44.65624
 -77.10891,  44.67513
 -77.11037,  44.69761
 -77.11344,  44.70572
 -77.14390,  44.72098
 -77.11149,  44.74134
 -77.11103,  44.74252
 -77.07897,  44.75789
 -77.07081,  44.76385
 -77.05605,  44.78589
 -77.04499,  44.80027
 -77.03809,  44.80782
 -77.02928,  44.83002
 -77.02403,  44.85232
 -77.01632,  44.87454
 -77.00844,  44.88724
 -77.00347,  44.89661
 -76.97537,  44.91164
 -76.94932,  44.91750
 -76.94327,  44.91875
 -76.91157,  44.91886
 -76.87988,  44.91876
 -76.84818,  44.91882
 -76.81649,  44.91874
 -76.78999,  44.91280
 -76.78525,  44.91122
 -76.75428,  44.89929
 -76.72298,  44.89294
 -76.69093,  44.89884
 -76.67370,  44.90923
 -76.65822,  44.91532
 -76.62598,  44.92400
 -76.61403,  44.92981
 -76.59359,  44.93476
 -76.56187,  44.93497
 -76.53004,  44.93678
 -76.49830,  44.93730
 -76.46637,  44.94068
 -76.43467,  44.94051
 -76.40320,  44.93689
 -76.37099,  44.94415
 -76.33997,  44.93382
 -76.30830,  44.93325
 -76.27798,  44.94118
 -76.27603,  44.94145
 -76.27412,  44.94105
 -76.24501,  44.93141
 -76.21284,  44.93796
 -76.21020,  44.93884
 -76.18076,  44.94312
 -76.15486,  44.93689
 -76.14960,  44.93522
 -76.14552,  44.93656
 -76.11726,  44.94398
 -76.08515,  44.94941
 -76.06983,  44.95632
 -76.05228,  44.96534
 -76.02936,  44.97731
 -76.01808,  44.99926
 -76.01797,  44.99934
 -75.98492,  45.01847
 -75.98070,  45.02043
 -75.95167,  45.03868
 -75.94739,  45.04166
 -75.93069,  45.06349
 -75.91738,  45.07243
 -75.90788,  45.08509
 -75.88343,  45.10123
 -75.87907,  45.10647
 -75.86218,  45.12828
 -75.84896,  45.13647
 -75.83254,  45.14961
 -75.81554,  45.15736
 -75.78342,  45.16098
 -75.75141,  45.16329
 -75.71960,  45.16285
 -75.69473,  45.16677
 -75.68726,  45.16936
 -75.65475,  45.17781
 -75.63731,  45.18698
 -75.63450,  45.20933
 -75.62044,  45.23122
 -75.62041,  45.25367
 -75.61629,  45.26074
 -75.60648,  45.27557
 -75.59371,  45.29752
 -75.58100,  45.30315
 -75.54852,  45.31013
 -75.51633,  45.31347
 -75.48464,  45.31059
 -75.45351,  45.30089
 -75.43948,  45.29131
 -75.42551,  45.26828
 -75.42471,  45.26336
 -75.41775,  45.24551
 -75.41423,  45.22292
 -75.41823,  45.20063
 -75.42712,  45.17854
 -75.41946,  45.15577
 -75.42725,  45.13363
 -75.42516,  45.11108
 -75.43221,  45.08893
 -75.43019,  45.06638
 -75.43044,  45.04394
 -75.43049,  45.02148
 -75.42932,  44.99897
 -75.42576,  44.97637
 -75.41898,  44.95363
 -75.41858,  44.95226
 -75.40727,  44.93069
 -75.40389,  44.90808
 -75.39996,  44.88546
 -75.39583,  44.86282
 -75.39700,  44.84040
 -75.39626,  44.83849
 -75.38718,  44.81753
 -75.37048,  44.79437
 -75.36850,  44.79123
 -75.33826,  44.77424
 -75.30803,  44.76928
 -75.30704,  44.76915
 -75.27557,  44.76713
 -75.25825,  44.76716
 -75.24388,  44.76753
 -75.24113,  44.76643
 -75.21307,  44.75768
 -75.19211,  44.74185
 -75.18385,  44.72962
 -75.15658,  44.71784
 -75.15339,  44.71601
 -75.12234,  44.70936
 -75.09144,  44.70111
 -75.06057,  44.69261
 -75.05891,  44.69107
 -75.05062,  44.66822
 -75.03924,  44.64524
 -75.03458,  44.62888
 -75.02983,  44.62234
 -75.01777,  44.59933
 -75.00797,  44.57641
 -75.00769,  44.57587
 -74.99770,  44.55347
 -74.99451,  44.53085
 -74.99805,  44.50853
 -74.99972,  44.48612
 -75.00265,  44.46377
 -75.00383,  44.44135
 -75.00541,  44.41894
 -75.00364,  44.39637
 -75.00596,  44.37400
 -75.01198,  44.35178
 -75.02929,  44.33073
 -75.02972,  44.33010
 -75.05209,  44.30862
 -75.06323,  44.30192
 -75.09544,  44.29290
 -75.12625,  44.29977
 -75.15494,  44.29070
 -75.15873,  44.28737
 -75.17844,  44.26924
 -75.19061,  44.24728
 -75.19475,  44.22498
 -75.19350,  44.20245
 -75.19639,  44.18008
 -75.19998,  44.17148
 -75.20606,  44.15802
 -75.22132,  44.13620
 -75.23583,  44.11802
 -75.24340,  44.11467
 -75.26777,  44.11060
 -75.29914,  44.10995
 -75.33069,  44.10717
 -75.35447,  44.09695
 -75.36405,  44.08220
 -75.36832,  44.07505
 -75.38248,  44.05316
 -75.38573,  44.03082
 -75.38178,  44.00816
 -75.37333,  43.98532
 -75.37212,  43.98369
 -75.34245,  43.96455
 -75.32961,  43.96097
 -75.31186,  43.95655
 -75.28072,  43.95543
 -75.24983,  43.95121
 -75.22666,  43.93404
 -75.22758,  43.91159
 -75.22248,  43.90493
 -75.21497,  43.88855
 -75.21012,  43.86584
 -75.21161,  43.84342
 -75.20934,  43.82083
 -75.20793,  43.79827
 -75.20553,  43.77568
 -75.20406,  43.75331
 -75.20405,  43.75312
 -75.20055,  43.73047
 -75.20551,  43.70819
 -75.20290,  43.68559
 -75.20888,  43.66335
 -75.20614,  43.64073
 -75.21007,  43.61841
 -75.20898,  43.59587
 -75.21129,  43.57347
 -75.21940,  43.55133
 -75.21735,  43.52874
 -75.21835,  43.50628
 -75.22565,  43.48410
 -75.22276,  43.46148
 -75.23010,  43.44222
 -75.23117,  43.43935
 -75.23071,  43.43491
 -75.22831,  43.41672
 -75.23358,  43.40037
 -75.23584,  43.39455
 -75.24274,  43.37236
 -75.26832,  43.35478
 -75.27625,  43.35132
 -75.30068,  43.33747
 -75.32373,  43.33088
 -75.33242,  43.32761
 -75.36419,  43.31733
 -75.37736,  43.31068
 -75.39721,  43.29124
 -75.40006,  43.28916
 -75.41398,  43.26725
 -75.42921,  43.24539
 -75.43001,  43.22292
 -75.43039,  43.20045
 -75.43672,  43.18346
 -75.43784,  43.17826
 -75.44324,  43.15598
 -75.45028,  43.13378
 -75.44444,  43.11103
 -75.44511,  43.08856
 -75.44451,  43.08558
 -75.44047,  43.06586
 -75.43867,  43.04328
 -75.44231,  43.02093
 -75.44747,  42.99865
 -75.45226,  42.98799
 -75.45986,  42.97667
 -75.48518,  42.96059
 -75.50835,  42.95620
 -75.51642,  42.95424
 -75.54752,  42.94978
 -75.57867,  42.94437
 -75.59734,  42.93740
 -75.61043,  42.93115
 -75.63535,  42.91646
 -75.64273,  42.91051
 -75.66990,  42.89537
 -75.67511,  42.88868
 -75.70601,  42.88618
 -75.73708,  42.88126
 -75.74313,  42.87581
 -75.76960,  42.85686
 -75.77154,  42.85445
 -75.77731,  42.83217
 -75.77245,  42.81849
 -75.76479,  42.80917
 -75.77457,  42.78981
 -75.77540,  42.78710
 -75.78137,  42.76483
 -75.80354,  42.74321
 -75.80949,  42.73177
 -75.81505,  42.72116
 -75.82011,  42.69886
 -75.82305,  42.67647
 -75.82729,  42.65413
 -75.82746,  42.63164
 -75.83528,  42.60944
 -75.83660,  42.58699
 -75.85194,  42.56896
 -75.85634,  42.56527
 -75.88396,  42.54874
 -75.91203,  42.54493
 -75.91484,  42.54402
 -75.94608,  42.53418
 -75.97157,  42.52472
 -75.97746,  42.52219
 -76.00905,  42.50365
 -76.00934,  42.50299
 -76.02229,  42.48165
 -76.03107,  42.45948
 -76.03342,  42.43707
 -76.04198,  42.41489
 -76.04714,  42.39801
 -76.04960,  42.39267
 -76.07407,  42.37109
 -76.07962,  42.36876
 -76.11037,  42.36458
 -76.14079,  42.36499
 -76.17107,  42.36751
 -76.18957,  42.37537
END
 -15.00000, -78.17583,  44.22874
 -78.17629,  44.25120
 -78.17225,  44.26101
 -78.15764,  44.27329
 -78.14864,  44.29556
 -78.13929,  44.30361
 -78.10764,  44.31102
 -78.08440,  44.29430
 -78.07755,  44.27806
 -78.07520,  44.27167
 -78.06314,  44.24897
 -78.06860,  44.22664
 -78.07989,  44.21784
 -78.11169,  44.20546
 -78.14264,  44.21526
 -78.17357,  44.22582
 -78.17583,  44.22874
END
 -15.00000, -77.18320,  44.67716
 -77.17887,  44.69949
 -77.17608,  44.71553
 -77.17280,  44.69932
 -77.17200,  44.67686
 -77.17837,  44.67290
 -77.18320,  44.67716
END
 -15.00000, -77.59389,  44.77738
 -77.61272,  44.80027
 -77.61421,  44.80217
 -77.63541,  44.82324
 -77.64400,  44.84180
 -77.64646,  44.84594
 -77.64626,  44.86837
 -77.64905,  44.89087
 -77.64734,  44.91326
 -77.64864,  44.93573
 -77.67058,  44.95215
 -77.70280,  44.94080
 -77.73413,  44.94882
 -77.74931,  44.96046
 -77.76448,  44.97904
 -77.76578,  44.98326
 -77.77502,  45.00591
 -77.78212,  45.02850
 -77.77773,  45.05083
 -77.76412,  45.07296
 -77.76005,  45.07848
 -77.74831,  45.09504
 -77.72709,  45.10499
 -77.69564,  45.09773
 -77.66399,  45.09494
 -77.65996,  45.09303
 -77.64565,  45.07026
 -77.63593,  45.04760
 -77.63495,  45.03639
 -77.63354,  45.02512
 -77.62854,  45.00257
 -77.62736,  44.98011
 -77.61977,  44.95749
 -77.60722,  44.95116
 -77.57621,  44.93657
 -77.54434,  44.94017
 -77.51285,  44.93603
 -77.48109,  44.93745
 -77.44942,  44.93689
 -77.43615,  44.93061
 -77.42856,  44.90798
 -77.42357,  44.88542
 -77.42818,  44.86310
 -77.42521,  44.84058
 -77.42342,  44.82291
 -77.42248,  44.81808
 -77.42374,  44.81627
 -77.43624,  44.79598
 -77.45235,  44.77394
 -77.45757,  44.77209
 -77.48938,  44.76785
 -77.52119,  44.76359
 -77.55247,  44.77046
 -77.58393,  44.77367
 -77.59389,  44.77738
END
 -15.00000, -77.32522,  44.92779
 -77.35452,  44.93312
 -77.38621,  44.93327
 -77.41423,  44.95250
 -77.41436,  44.97494
 -77.41534,  44.98431
 -77.41693,  44.99744
 -77.41824,  45.01991
 -77.41269,  45.03713
 -77.41169,  45.04218
 -77.41198,  45.05135
 -77.41333,  45.06466
 -77.41116,  45.06752
 -77.39989,  45.08675
 -77.37733,  45.10827
 -77.37629,  45.10859
 -77.34502,  45.11838
 -77.31322,  45.11845
 -77.28165,  45.11443
 -77.25435,  45.10544
 -77.25044,  45.10342
 -77.22844,  45.08232
 -77.22913,  45.05990
 -77.22220,  45.03728
 -77.22219,  45.03720
 -77.21840,  45.01474
 -77.22382,  45.00654
 -77.23209,  44.99267
 -77.24082,  44.97046
 -77.25816,  44.95726
 -77.27454,  44.94892
 -77.29071,  44.94114
 -77.32240,  44.92772
 -77.32311,  44.92746
 -77.32522,  44.92779
END
 -15.00000, -77.56499,  45.22537
 -77.58435,  45.24826
 -77.59294,  45.25325
 -77.60753,  45.27124
 -77.62349,  45.28096
 -77.64509,  45.29453
 -77.65466,  45.29605
 -77.68620,  45.30353
 -77.71783,  45.30885
 -77.74978,  45.30763
 -77.78165,  45.30791
 -77.81346,  45.30950
 -77.84486,  45.32048
 -77.84890,  45.32150
 -77.87621,  45.33309
 -77.90791,  45.33760
 -77.93966,  45.34116
 -77.95410,  45.34613
 -77.97114,  45.35135
 -77.99853,  45.36946
 -78.00204,  45.37580
 -78.01141,  45.39215
 -78.01392,  45.41461
 -78.02281,  45.43721
 -78.01678,  45.45951
 -78.02556,  45.48209
 -78.01779,  45.50435
 -78.02406,  45.52690
 -78.02636,  45.54935
 -78.02689,  45.54987
 -78.03977,  45.57203
 -78.04430,  45.59454
 -78.04475,  45.61695
 -78.04594,  45.63939
 -78.05443,  45.66100
 -78.05505,  45.66198
 -78.05616,  45.68441
 -78.07584,  45.70721
 -78.08418,  45.71922
 -78.10078,  45.73009
 -78.11535,  45.74249
 -78.13382,  45.75313
 -78.14678,  45.75983
 -78.17320,  45.77628
 -78.17751,  45.79600
 -78.17757,  45.79877
 -78.18085,  45.82123
 -78.18394,  45.84369
 -78.17703,  45.86597
 -78.18115,  45.88844
 -78.17332,  45.90493
 -78.16690,  45.91058
 -78.17243,  45.92806
 -78.17313,  45.93309
 -78.17181,  45.94391
 -78.16330,  45.95531
 -78.13890,  45.96186
 -78.11555,  45.97681
 -78.10558,  45.98952
 -78.10213,  45.99895
 -78.09950,  46.02129
 -78.09137,  46.04354
 -78.10220,  46.06613
 -78.10249,  46.06729
 -78.11708,  46.08881
 -78.13342,  46.10176
 -78.16558,  46.10498
 -78.16972,  46.11220
 -78.17701,  46.13473
 -78.18462,  46.15725
 -78.19083,  46.17976
 -78.19389,  46.20221
 -78.19411,  46.20329
 -78.19669,  46.22464
 -78.19715,  46.24704
 -78.19461,  46.26938
 -78.19624,  46.29180
 -78.19250,  46.31411
 -78.19432,  46.33652
 -78.18839,  46.35175
 -78.18113,  46.35867
 -78.15883,  46.38063
 -78.15475,  46.38258
 -78.15225,  46.38051
 -78.12274,  46.37173
 -78.11274,  46.37977
 -78.10672,  46.40204
 -78.08980,  46.42410
 -78.09023,  46.44649
 -78.10963,  46.46923
 -78.11370,  46.49170
 -78.11787,  46.49426
 -78.12706,  46.49194
 -78.15108,  46.47627
 -78.18357,  46.47648
 -78.19718,  46.49324
 -78.21491,  46.50661
 -78.24232,  46.51644
 -78.24699,  46.51825
 -78.27937,  46.52188
 -78.31158,  46.52999
 -78.34375,  46.53996
 -78.34433,  46.54061
 -78.37487,  46.56350
 -78.37543,  46.56376
 -78.39867,  46.58627
 -78.40648,  46.60620
 -78.40734,  46.60878
 -78.40723,  46.63116
 -78.41429,  46.65364
 -78.42094,  46.67612
 -78.43063,  46.69864
 -78.43559,  46.70557
 -78.44607,  46.72127
 -78.45678,  46.74380
 -78.46661,  46.75229
 -78.49909,  46.75731
 -78.53159,  46.76145
 -78.55909,  46.76778
 -78.56396,  46.77017
 -78.59600,  46.78902
 -78.59853,  46.79073
 -78.60625,  46.81322
 -78.61919,  46.83577
 -78.61342,  46.85805
 -78.61639,  46.88045
 -78.60439,  46.90263
 -78.59174,  46.92160
 -78.58670,  46.92472
 -78.55827,  46.94380
 -78.55293,  46.94656
 -78.52511,  46.95616
 -78.49763,  46.96806
 -78.49177,  46.97366
 -78.47161,  46.99000
 -78.45779,  47.00885
 -78.45615,  47.01211
 -78.43964,  47.03419
 -78.44770,  47.05667
 -78.45573,  47.06829
 -78.46829,  47.07936
 -78.48792,  47.08661
 -78.51898,  47.10251
 -78.52020,  47.10276
 -78.52108,  47.10254
 -78.55359,  47.08594
 -78.57085,  47.08095
 -78.58694,  47.06971
 -78.60104,  47.05905
 -78.62066,  47.04124
 -78.62686,  47.05943
 -78.63852,  47.08196
 -78.65184,  47.09302
 -78.67452,  47.10484
 -78.68418,  47.10865
 -78.71689,  47.11285
 -78.74935,  47.12568
 -78.75656,  47.12834
 -78.78170,  47.14254
 -78.78527,  47.15108
 -78.80282,  47.17366
 -78.80645,  47.19605
 -78.81227,  47.21847
 -78.80866,  47.24076
 -78.81129,  47.25621
 -78.81304,  47.26316
 -78.81092,  47.26907
 -78.80512,  47.28539
 -78.80519,  47.30774
 -78.79487,  47.32993
 -78.78880,  47.35219
 -78.77760,  47.37437
 -78.77522,  47.39668
 -78.77404,  47.40364
 -78.76878,  47.41892
 -78.77334,  47.42739
 -78.77576,  47.44135
 -78.77236,  47.46045
 -78.76995,  47.46360
 -78.75492,  47.48573
 -78.73804,  47.50301
 -78.73045,  47.50772
 -78.70791,  47.52974
 -78.70409,  47.53228
 -78.69234,  47.55185
 -78.66982,  47.57083
 -78.66830,  47.57383
 -78.66535,  47.59612
 -78.66508,  47.61844
 -78.65972,  47.64068
 -78.66393,  47.66307
 -78.65746,  47.68530
 -78.65646,  47.70760
 -78.64771,  47.72980
 -78.64037,  47.75201
 -78.63038,  47.76904
 -78.62514,  47.77411
 -78.60984,  47.79620
 -78.59561,  47.81674
 -78.59366,  47.81828
 -78.56967,  47.84023
 -78.57265,  47.86259
 -78.57312,  47.88491
 -78.57739,  47.90728
 -78.58330,  47.92968
 -78.59142,  47.94448
 -78.59321,  47.95214
 -78.62374,  47.97461
 -78.62392,  47.97488
 -78.62669,  47.99723
 -78.63509,  48.01966
 -78.63867,  48.04202
 -78.64948,  48.06447
 -78.65377,  48.07793
 -78.65805,  48.08690
 -78.67300,  48.10941
 -78.68550,  48.13054
 -78.68741,  48.13191
 -78.71835,  48.14878
 -78.72809,  48.15477
 -78.75117,  48.16850
 -78.76536,  48.17757
 -78.77808,  48.20004
 -78.78339,  48.20923
 -78.78699,  48.22244
 -78.78970,  48.24477
 -78.78418,  48.26699
 -78.78778,  48.28933
 -78.78044,  48.30793
 -78.77768,  48.31149
 -78.78004,  48.32145
 -78.78199,  48.33383
 -78.77947,  48.34031
 -78.76842,  48.35594
 -78.76312,  48.37815
 -78.75147,  48.40028
 -78.74683,  48.42250
 -78.74304,  48.43513
 -78.73944,  48.44468
 -78.73042,  48.46684
 -78.71088,  48.48885
 -78.70765,  48.49305
 -78.69753,  48.51094
 -78.67720,  48.53294
 -78.67261,  48.53780
 -78.66595,  48.55505
 -78.63776,  48.57495
 -78.63330,  48.57687
 -78.60358,  48.59047
 -78.56987,  48.59142
 -78.53630,  48.58833
 -78.50237,  48.59581
 -78.50002,  48.59717
 -78.48303,  48.61919
 -78.46751,  48.62896
 -78.46220,  48.64113
 -78.46640,  48.66026
 -78.46877,  48.66351
 -78.46618,  48.66656
 -78.45935,  48.68563
 -78.45723,  48.70786
 -78.44552,  48.72995
 -78.43073,  48.75198
 -78.42933,  48.75305
 -78.39602,  48.77370
 -78.39474,  48.77526
 -78.36024,  48.79457
 -78.35765,  48.79534
 -78.33659,  48.81725
 -78.32864,  48.83939
 -78.32446,  48.84665
 -78.31404,  48.86141
 -78.31805,  48.88374
 -78.32272,  48.89191
 -78.32799,  48.90615
 -78.32920,  48.92843
 -78.34062,  48.95087
 -78.35381,  48.96547
 -78.35979,  48.97344
 -78.37466,  48.99593
 -78.38263,  49.01831
 -78.38563,  49.02149
 -78.39297,  49.04073
 -78.39946,  49.06307
 -78.40633,  49.08543
 -78.41682,  49.09597
 -78.42413,  49.10796
 -78.43331,  49.13034
 -78.44722,  49.15279
 -78.44862,  49.15588
 -78.46204,  49.17527
 -78.47175,  49.19765
 -78.47845,  49.21999
 -78.47989,  49.23276
 -78.48438,  49.24232
 -78.47945,  49.24536
 -78.47031,  49.26434
 -78.45742,  49.28638
 -78.44353,  49.29642
 -78.43093,  49.30820
 -78.40858,  49.31956
 -78.37430,  49.32420
 -78.35681,  49.32925
 -78.33980,  49.33453
 -78.30559,  49.33691
 -78.27103,  49.34797
 -78.26762,  49.35002
 -78.23639,  49.36100
 -78.22643,  49.37155
 -78.21397,  49.39357
 -78.20773,  49.41569
 -78.20059,  49.43779
 -78.19874,  49.44734
 -78.19646,  49.45995
 -78.18898,  49.48204
 -78.17187,  49.50396
 -78.16190,  49.51144
 -78.12738,  49.51838
 -78.10188,  49.52495
 -78.09275,  49.52778
 -78.05805,  49.53859
 -78.05106,  49.54625
 -78.02261,  49.56579
 -78.01306,  49.56776
 -77.98788,  49.57651
 -77.95345,  49.58006
 -77.91915,  49.58088
 -77.90607,  49.58795
 -77.89516,  49.60996
 -77.88290,  49.62352
 -77.88058,  49.63189
 -77.87854,  49.65406
 -77.88084,  49.66792
 -77.88445,  49.67639
 -77.88259,  49.69856
 -77.87888,  49.70971
 -77.87664,  49.72066
 -77.87373,  49.74281
 -77.84463,  49.76445
 -77.84178,  49.76794
 -77.82250,  49.78621
 -77.81013,  49.80817
 -77.80498,  49.81848
 -77.79787,  49.83013
 -77.79002,  49.85217
 -77.77046,  49.87398
 -77.76765,  49.87826
 -77.74864,  49.89573
 -77.73215,  49.89935
 -77.71095,  49.89496
 -77.69816,  49.88999
 -77.66453,  49.87363
 -77.66373,  49.87177
 -77.64579,  49.84919
 -77.64043,  49.82688
 -77.63299,  49.81693
 -77.62514,  49.80435
 -77.60663,  49.78174
 -77.60065,  49.77684
 -77.58721,  49.75912
 -77.56802,  49.74306
 -77.55554,  49.73622
 -77.54211,  49.71371
 -77.53587,  49.70110
 -77.52853,  49.69120
 -77.51315,  49.66864
 -77.50604,  49.64627
 -77.50477,  49.64000
 -77.50277,  49.62398
 -77.50276,  49.60176
 -77.48871,  49.57922
 -77.47417,  49.57102
 -77.46614,  49.55649
 -77.46137,  49.53416
 -77.45786,  49.51186
 -77.45908,  49.48965
 -77.45588,  49.46735
 -77.45554,  49.44512
 -77.44744,  49.43172
 -77.44279,  49.42260
 -77.42638,  49.39999
 -77.41593,  49.38275
 -77.41163,  49.37741
 -77.38268,  49.36623
 -77.34895,  49.35892
 -77.31499,  49.35571
 -77.28585,  49.35220
 -77.28110,  49.35123
 -77.24755,  49.34096
 -77.21826,  49.32832
 -77.21423,  49.32707
 -77.20524,  49.32800
 -77.17963,  49.33514
 -77.14541,  49.33663
 -77.11104,  49.34069
 -77.10162,  49.34764
 -77.07587,  49.35767
 -77.06715,  49.36900
 -77.06302,  49.39114
 -77.05957,  49.41329
 -77.05359,  49.43536
 -77.05729,  49.45770
 -77.05882,  49.47997
 -77.06562,  49.50237
 -77.06694,  49.50506
 -77.09134,  49.52526
 -77.09954,  49.53218
 -77.13319,  49.54227
 -77.14984,  49.54896
 -77.16670,  49.55488
 -77.17944,  49.57193
 -77.18517,  49.59429
 -77.19234,  49.61669
 -77.19625,  49.63540
 -77.19689,  49.63902
 -77.19564,  49.64584
 -77.19229,  49.66113
 -77.19147,  49.68332
 -77.17366,  49.70510
 -77.15701,  49.71854
 -77.12238,  49.72294
 -77.10947,  49.72572
 -77.08735,  49.73396
 -77.06760,  49.74687
 -77.05138,  49.75987
 -77.04488,  49.76850
 -77.02847,  49.79029
 -77.02614,  49.81245
 -77.01750,  49.83443
 -77.01828,  49.85666
 -77.01204,  49.87871
 -77.00851,  49.89651
 -77.00746,  49.90079
 -76.98924,  49.92253
 -76.97140,  49.93850
 -76.94714,  49.94363
 -76.93655,  49.94401
 -76.90165,  49.95014
 -76.88416,  49.96416
 -76.86560,  49.97397
 -76.85651,  49.98563
 -76.85339,  50.00774
 -76.84518,  50.02972
 -76.84365,  50.05188
 -76.84058,  50.07399
 -76.83881,  50.09613
 -76.83290,  50.11817
 -76.82037,  50.13677
 -76.81451,  50.13986
 -76.78510,  50.14648
 -76.75058,  50.14493
 -76.71536,  50.15363
 -76.69527,  50.15877
 -76.68011,  50.16249
 -76.65764,  50.17989
 -76.64291,  50.19956
 -76.64099,  50.20161
 -76.63329,  50.22358
 -76.62907,  50.24565
 -76.62566,  50.26774
 -76.62186,  50.28981
 -76.60069,  50.30756
 -76.59647,  50.31127
 -76.56496,  50.32178
 -76.52999,  50.32489
 -76.49488,  50.32996
 -76.46059,  50.32370
 -76.42619,  50.31903
 -76.39165,  50.31631
 -76.35715,  50.31303
 -76.32253,  50.31145
 -76.28798,  50.30896
 -76.25339,  50.30706
 -76.21858,  50.30798
 -76.18311,  50.31753
 -76.17141,  50.32062
 -76.14749,  50.32858
 -76.11218,  50.34092
 -76.11175,  50.34111
 -76.08057,  50.36207
 -76.07492,  50.36700
 -76.06962,  50.38390
 -76.07021,  50.40611
 -76.05765,  50.42788
 -76.05673,  50.45003
 -76.05309,  50.47209
 -76.04948,  50.49415
 -76.03240,  50.51577
 -76.02660,  50.53775
 -76.02638,  50.53791
 -75.99075,  50.54705
 -75.95506,  50.55682
 -75.95184,  50.55746
 -75.91976,  50.56159
 -75.88426,  50.56878
 -75.87114,  50.57694
 -75.85542,  50.59858
 -75.84821,  50.62051
 -75.84541,  50.64257
 -75.84167,  50.65994
 -75.84062,  50.66457
 -75.84087,  50.66956
 -75.84172,  50.68678
 -75.83890,  50.69283
 -75.82920,  50.70852
 -75.82132,  50.73041
 -75.79971,  50.74216
 -75.77897,  50.75113
 -75.76357,  50.75525
 -75.72833,  50.75764
 -75.69264,  50.76516
 -75.68321,  50.76997
 -75.65553,  50.78874
 -75.65391,  50.79110
 -75.65276,  50.81322
 -75.64612,  50.83514
 -75.64741,  50.85735
 -75.64722,  50.87949
 -75.64656,  50.89056
 -75.64594,  50.90160
 -75.64481,  50.91040
 -75.64285,  50.92364
 -75.62584,  50.94519
 -75.60597,  50.95198
 -75.57061,  50.95426
 -75.53562,  50.95241
 -75.49998,  50.95776
 -75.49121,  50.96252
 -75.46330,  50.97417
 -75.45331,  50.98330
 -75.44678,  51.00521
 -75.43733,  51.02700
 -75.43917,  51.04922
 -75.44125,  51.07143
 -75.44091,  51.09357
 -75.44430,  51.11583
 -75.44708,  51.13806
 -75.44791,  51.14128
 -75.45258,  51.16040
 -75.46155,  51.18286
 -75.46162,  51.20499
 -75.46394,  51.22720
 -75.46287,  51.24929
 -75.46893,  51.27164
 -75.46526,  51.29362
 -75.46765,  51.31003
 -75.47031,  51.31593
 -75.46664,  51.32108
 -75.46051,  51.33770
 -75.46394,  51.35020
 -75.47235,  51.36024
 -75.46259,  51.38201
 -75.47576,  51.40460
 -75.47420,  51.42665
 -75.46830,  51.44855
 -75.45789,  51.47029
 -75.45229,  51.47579
 -75.44231,  51.49184
 -75.43041,  51.51351
 -75.41135,  51.53493
 -75.41123,  51.53509
 -75.38067,  51.55591
 -75.37340,  51.55935
 -75.33704,  51.56784
 -75.30151,  51.56748
 -75.26686,  51.55808
 -75.25391,  51.55122
 -75.23820,  51.52853
 -75.23463,  51.52378
 -75.21815,  51.50566
 -75.22092,  51.48366
 -75.21836,  51.46145
 -75.21445,  51.43919
 -75.21234,  51.41700
 -75.21000,  51.41208
 -75.19198,  51.39410
 -75.17754,  51.38135
 -75.14823,  51.37031
 -75.14327,  51.36948
 -75.13221,  51.36970
 -75.10776,  51.37028
 -75.08170,  51.38987
 -75.07683,  51.41180
 -75.06763,  51.41723
 -75.05739,  51.43316
 -75.06389,  51.45467
 -75.06494,  51.45557
 -75.07098,  51.47792
 -75.08609,  51.50062
 -75.09386,  51.51004
 -75.12758,  51.52433
 -75.12791,  51.52504
 -75.12959,  51.52441
 -75.16369,  51.52251
 -75.18372,  51.52647
 -75.17899,  51.54840
 -75.16042,  51.55579
 -75.12511,  51.55318
 -75.10594,  51.56772
 -75.09179,  51.58928
 -75.08504,  51.59846
 -75.07944,  51.61091
 -75.07482,  51.63284
 -75.07051,  51.65477
 -75.07005,  51.67685
 -75.06107,  51.69860
 -75.04070,  51.71991
 -75.03607,  51.73096
 -75.02984,  51.74158
 -75.01412,  51.76307
 -75.01295,  51.78511
 -75.00360,  51.80684
 -75.00628,  51.82903
 -75.00053,  51.85088
 -74.99786,  51.87287
 -74.99384,  51.89480
 -74.98226,  51.90836
 -74.97025,  51.91595
 -74.94402,  51.93205
 -74.93396,  51.93661
 -74.90627,  51.95065
 -74.89452,  51.95713
 -74.86866,  51.96770
 -74.85867,  51.97778
 -74.85640,  51.99977
 -74.85008,  52.02160
 -74.84761,  52.04357
 -74.85101,  52.06577
 -74.84241,  52.08750
 -74.83624,  52.10932
 -74.81605,  52.12611
 -74.80799,  52.13026
 -74.79423,  52.15177
 -74.77620,  52.16260
 -74.75126,  52.17210
 -74.73826,  52.18095
 -74.70142,  52.18889
 -74.69180,  52.19175
 -74.67188,  52.21300
 -74.66220,  52.21841
 -74.64558,  52.23397
 -74.63310,  52.25552
 -74.62129,  52.26291
 -74.60079,  52.27624
 -74.58276,  52.29755
 -74.58135,  52.29807
 -74.54433,  52.30666
 -74.50752,  52.31319
 -74.47177,  52.31033
 -74.43720,  52.29709
 -74.40094,  52.29877
 -74.37035,  52.31063
 -74.36337,  52.31181
 -74.32700,  52.31438
 -74.30896,  52.30797
 -74.29257,  52.30017
 -74.27074,  52.28425
 -74.26787,  52.26206
 -74.26154,  52.25706
 -74.25356,  52.23937
 -74.26243,  52.21769
 -74.26711,  52.20940
 -74.27786,  52.19630
 -74.29729,  52.17508
 -74.30746,  52.17192
 -74.34379,  52.16900
 -74.37997,  52.16727
 -74.41677,  52.16005
 -74.41810,  52.15823
 -74.42307,  52.13638
 -74.43110,  52.11464
 -74.42662,  52.09238
 -74.42541,  52.08404
 -74.42347,  52.07017
 -74.42754,  52.04826
 -74.42973,  52.02628
 -74.42553,  52.00402
 -74.42946,  51.98210
 -74.42161,  51.95968
 -74.41727,  51.93741
 -74.41235,  51.91510
 -74.40948,  51.90818
 -74.40044,  51.89250
 -74.39815,  51.87031
 -74.39513,  51.84808
 -74.39354,  51.82591
 -74.38551,  51.80407
 -74.38499,  51.80345
 -74.37532,  51.78093
 -74.35428,  51.76450
 -74.34621,  51.75756
 -74.32109,  51.74243
 -74.31229,  51.73396
 -74.28789,  51.72071
 -74.27836,  51.71036
 -74.25817,  51.68736
 -74.25659,  51.68272
 -74.25408,  51.66506
 -74.24709,  51.64264
 -74.24873,  51.62059
 -74.25560,  51.59878
 -74.25793,  51.57676
 -74.27078,  51.55959
 -74.27619,  51.55545
 -74.27940,  51.53347
 -74.27512,  51.52188
 -74.27345,  51.51108
 -74.27776,  51.48915
 -74.27335,  51.46682
 -74.27054,  51.44457
 -74.27318,  51.42255
 -74.28238,  51.40083
 -74.29050,  51.38744
 -74.29650,  51.37932
 -74.32562,  51.35848
 -74.32951,  51.35632
 -74.36462,  51.35923
 -74.36709,  51.36031
 -74.39722,  51.38376
 -74.39732,  51.38383
 -74.42254,  51.40700
 -74.42903,  51.41737
 -74.44492,  51.43010
 -74.46124,  51.44696
 -74.47404,  51.45349
 -74.49483,  51.46417
 -74.51103,  51.47719
 -74.52763,  51.48887
 -74.56324,  51.48811
 -74.59737,  51.50098
 -74.60494,  51.50330
 -74.63177,  51.51150
 -74.65889,  51.50557
 -74.66820,  51.50319
 -74.70341,  51.50618
 -74.74046,  51.49198
 -74.74563,  51.48703
 -74.75109,  51.46515
 -74.76923,  51.44377
 -74.76038,  51.42128
 -74.75273,  51.39885
 -74.75081,  51.39423
 -74.74056,  51.37622
 -74.71967,  51.35353
 -74.71743,  51.35313
 -74.69099,  51.32990
 -74.71145,  51.30862
 -74.72489,  51.30434
 -74.73835,  51.28760
 -74.74075,  51.26556
 -74.75505,  51.24401
 -74.75317,  51.22180
 -74.74319,  51.19924
 -74.73779,  51.18235
 -74.73068,  51.17658
 -74.70452,  51.16298
 -74.67917,  51.15229
 -74.67087,  51.14739
 -74.66513,  51.12955
 -74.66971,  51.10759
 -74.67717,  51.08821
 -74.69983,  51.08670
 -74.71295,  51.08338
 -74.71789,  51.06531
 -74.71942,  51.04322
 -74.72357,  51.02124
 -74.72676,  50.99921
 -74.72595,  50.97702
 -74.72473,  50.97168
 -74.71246,  50.95430
 -74.72743,  50.93275
 -74.72903,  50.93074
 -74.73967,  50.91110
 -74.75655,  50.88964
 -74.76884,  50.86799
 -74.77122,  50.86342
 -74.77507,  50.84608
 -74.77574,  50.82394
 -74.77544,  50.82286
 -74.76000,  50.80111
 -74.75513,  50.77874
 -74.74600,  50.76870
 -74.73206,  50.75560
 -74.71391,  50.74045
 -74.70754,  50.73240
 -74.68376,  50.70921
 -74.68246,  50.70640
 -74.68105,  50.68692
 -74.67581,  50.66452
 -74.66954,  50.64207
 -74.67178,  50.61997
 -74.67160,  50.59778
 -74.66898,  50.57548
 -74.66899,  50.55329
 -74.66431,  50.54678
 -74.66080,  50.53075
 -74.66708,  50.50882
 -74.66093,  50.48637
 -74.65869,  50.46407
 -74.66094,  50.44197
 -74.65736,  50.41961
 -74.65405,  50.39727
 -74.64716,  50.37856
 -74.64579,  50.37471
 -74.63858,  50.35220
 -74.63192,  50.32970
 -74.63153,  50.30747
 -74.62714,  50.28508
 -74.62344,  50.27351
 -74.61661,  50.26241
 -74.62639,  50.24551
 -74.62792,  50.24069
 -74.62751,  50.23492
 -74.62258,  50.21824
 -74.63041,  50.20733
 -74.63525,  50.19657
 -74.64240,  50.17466
 -74.67049,  50.15606
 -74.67728,  50.15394
 -74.70679,  50.14043
 -74.74158,  50.13916
 -74.76495,  50.13545
 -74.77715,  50.13037
 -74.81303,  50.11844
 -74.82138,  50.11560
 -74.84925,  50.10291
 -74.88438,  50.09811
 -74.91855,  50.10274
 -74.93658,  50.09814
 -74.95490,  50.08546
 -74.96893,  50.07725
 -74.98161,  50.05554
 -74.99436,  50.03383
 -74.99319,  50.01157
 -74.99483,  49.98941
 -74.99951,  49.98399
 -75.00909,  49.96776
 -75.02731,  49.94627
 -75.03908,  49.93268
 -75.04300,  49.92468
 -75.05919,  49.90310
 -75.07840,  49.88313
 -75.11202,  49.89233
 -75.13424,  49.88387
 -75.14272,  49.86197
 -75.15054,  49.85017
 -75.15505,  49.84022
 -75.15239,  49.83080
 -75.14590,  49.81763
 -75.13107,  49.79480
 -75.12241,  49.78385
 -75.08735,  49.79035
 -75.05801,  49.76963
 -75.05506,  49.76797
 -75.04159,  49.74674
 -75.03555,  49.72425
 -75.02697,  49.70277
 -75.02645,  49.70163
 -75.02855,  49.68645
 -75.02938,  49.67951
 -75.02926,  49.67915
 -75.01871,  49.65683
 -75.02428,  49.63481
 -75.01759,  49.61229
 -75.01928,  49.59011
 -75.01640,  49.56774
 -75.01231,  49.54531
 -75.01221,  49.52306
 -75.01466,  49.50090
 -75.01385,  49.48407
 -75.01347,  49.47860
 -75.01476,  49.47473
 -75.01978,  49.45660
 -75.01770,  49.44433
 -75.01572,  49.43417
 -75.01971,  49.42353
 -75.02364,  49.41222
 -75.02201,  49.39979
 -75.01920,  49.38979
 -75.01244,  49.36724
 -75.01643,  49.34514
 -75.01517,  49.32282
 -74.99688,  49.30619
 -74.96199,  49.31371
 -74.92788,  49.31320
 -74.89475,  49.30271
 -74.87791,  49.29485
 -74.86301,  49.27843
 -74.86138,  49.27187
 -74.85101,  49.24916
 -74.84955,  49.22682
 -74.86068,  49.20501
 -74.86510,  49.18292
 -74.87314,  49.17609
 -74.90773,  49.17085
 -74.94188,  49.17009
 -74.97507,  49.17924
 -74.98957,  49.18812
 -75.00417,  49.21101
 -75.00503,  49.22191
 -75.00693,  49.23339
 -75.01240,  49.25589
 -75.01094,  49.27810
 -75.00646,  49.30019
 -75.03020,  49.31477
 -75.06520,  49.30604
 -75.09724,  49.30389
 -75.09958,  49.30368
 -75.10919,  49.30438
 -75.13353,  49.30589
 -75.13865,  49.30556
 -75.16806,  49.30184
 -75.20320,  49.29115
 -75.22002,  49.28653
 -75.23867,  49.27681
 -75.25905,  49.28807
 -75.27148,  49.29124
 -75.30096,  49.28970
 -75.30583,  49.28885
 -75.34013,  49.28704
 -75.37477,  49.28148
 -75.38512,  49.27069
 -75.41116,  49.25631
 -75.43358,  49.25027
 -75.44625,  49.24529
 -75.47713,  49.25192
 -75.47974,  49.25231
 -75.48590,  49.25225
 -75.51422,  49.24802
 -75.54889,  49.24162
 -75.58352,  49.23552
 -75.58557,  49.23369
 -75.58401,  49.22989
 -75.56600,  49.21070
 -75.56227,  49.18829
 -75.57903,  49.16665
 -75.59059,  49.15359
 -75.59712,  49.14504
 -75.59264,  49.12977
 -75.59029,  49.12251
 -75.57207,  49.09958
 -75.56343,  49.07697
 -75.56331,  49.07544
 -75.55749,  49.05448
 -75.55383,  49.03207
 -75.56844,  49.01596
 -75.57133,  49.01044
 -75.57651,  48.98835
 -75.59567,  48.96679
 -75.60737,  48.95812
 -75.62476,  48.94557
 -75.64325,  48.93514
 -75.67448,  48.92511
 -75.67827,  48.92215
 -75.70142,  48.90380
 -75.70469,  48.88164
 -75.71699,  48.86460
 -75.72232,  48.88228
 -75.71977,  48.90446
 -75.72167,  48.92682
 -75.74490,  48.93652
 -75.75668,  48.95036
 -75.77671,  48.96204
 -75.78852,  48.97377
 -75.79540,  48.99629
 -75.80357,  49.01886
 -75.80313,  49.04111
 -75.80370,  49.04665
 -75.80649,  49.06350
 -75.80501,  49.08572
 -75.80145,  49.10787
 -75.79691,  49.12895
 -75.79654,  49.12996
 -75.79668,  49.13171
 -75.79904,  49.15232
 -75.82767,  49.16892
 -75.86151,  49.17150
 -75.89528,  49.17511
 -75.92975,  49.16993
 -75.96365,  49.17181
 -75.99785,  49.16994
 -76.01483,  49.15976
 -76.03360,  49.14833
 -76.04006,  49.13834
 -76.03573,  49.12113
 -76.03452,  49.11589
 -76.03671,  49.10869
 -76.03985,  49.09380
 -76.03848,  49.08604
 -76.03567,  49.07140
 -76.03584,  49.04914
 -76.03713,  49.02691
 -76.03883,  49.00469
 -76.04644,  48.98402
 -76.04698,  48.98270
 -76.05481,  48.96068
 -76.06833,  48.93885
 -76.07119,  48.91668
 -76.06971,  48.89435
 -76.06862,  48.87203
 -76.06264,  48.84955
 -76.05920,  48.82716
 -76.07736,  48.80548
 -76.09576,  48.78431
 -76.09627,  48.78382
 -76.12762,  48.76257
 -76.13134,  48.76125
 -76.16543,  48.75750
 -76.18655,  48.74223
 -76.20161,  48.72585
 -76.20740,  48.72062
 -76.22159,  48.69879
 -76.23156,  48.67682
 -76.23546,  48.65466
 -76.24185,  48.63869
 -76.24409,  48.63265
 -76.24776,  48.61047
 -76.26043,  48.58858
 -76.28028,  48.57467
 -76.29575,  48.56743
 -76.31476,  48.56388
 -76.34818,  48.56767
 -76.36456,  48.56961
 -76.38152,  48.57242
 -76.40311,  48.59311
 -76.41273,  48.60736
 -76.41994,  48.61592
 -76.42327,  48.63831
 -76.43098,  48.66084
 -76.43632,  48.68329
 -76.43958,  48.70482
 -76.43964,  48.70568
 -76.44801,  48.72822
 -76.45167,  48.75061
 -76.45524,  48.77301
 -76.45484,  48.79528
 -76.44965,  48.81741
 -76.44748,  48.83961
 -76.44983,  48.86197
 -76.44977,  48.88424
 -76.45238,  48.90659
 -76.44896,  48.92876
 -76.45614,  48.94927
 -76.45698,  48.95127
 -76.46370,  48.97375
 -76.46078,  48.99593
 -76.45152,  49.01440
 -76.45050,  49.01788
 -76.45100,  49.02181
 -76.45374,  49.04025
 -76.48215,  49.06161
 -76.48840,  49.06357
 -76.51469,  49.08224
 -76.52956,  49.06480
 -76.55103,  49.04839
 -76.55563,  49.04332
 -76.56051,  49.02119
 -76.55512,  48.99877
 -76.55475,  48.99450
 -76.55202,  48.97641
 -76.55693,  48.96292
 -76.55997,  48.95438
 -76.56951,  48.93239
 -76.58817,  48.91068
 -76.59492,  48.90319
 -76.62521,  48.88949
 -76.62985,  48.88780
 -76.66393,  48.88470
 -76.69791,  48.88318
 -76.71939,  48.89221
 -76.73103,  48.89451
 -76.73769,  48.89273
 -76.75706,  48.87101
 -76.76673,  48.86636
 -76.78607,  48.84956
 -76.79428,  48.82751
 -76.79845,  48.80535
 -76.80173,  48.78316
 -76.80620,  48.77943
 -76.82348,  48.76149
 -76.84219,  48.74512
 -76.84856,  48.73991
 -76.86762,  48.71816
 -76.87804,  48.71262
 -76.91175,  48.71346
 -76.94643,  48.69866
 -76.94735,  48.69805
 -76.96972,  48.67637
 -76.98283,  48.65546
 -76.98324,  48.65445
 -76.99266,  48.63242
 -76.98536,  48.61414
 -76.98072,  48.60981
 -76.97991,  48.58751
 -76.96024,  48.56469
 -76.95507,  48.55862
 -76.92213,  48.54679
 -76.89076,  48.54052
 -76.88889,  48.53999
 -76.85561,  48.53374
 -76.83051,  48.51656
 -76.82352,  48.50928
 -76.79771,  48.49335
 -76.79135,  48.48619
 -76.75869,  48.47113
 -76.72491,  48.47341
 -76.72442,  48.46896
 -76.72255,  48.44661
 -76.72527,  48.42440
 -76.72853,  48.41808
 -76.76307,  48.40348
 -76.76331,  48.40319
 -76.78322,  48.38145
 -76.79857,  48.37362
 -76.80650,  48.35981
 -76.83380,  48.33828
 -76.83454,  48.33577
 -76.83781,  48.31609
 -76.85677,  48.29431
 -76.86720,  48.27230
 -76.87246,  48.26608
 -76.90605,  48.26476
 -76.92155,  48.25149
 -76.94153,  48.23268
 -76.94473,  48.22982
 -76.94203,  48.22449
 -76.93494,  48.20724
 -76.92014,  48.18453
 -76.91135,  48.17917
 -76.87771,  48.18217
 -76.85692,  48.16047
 -76.84679,  48.14185
 -76.84428,  48.13781
 -76.81731,  48.11473
 -76.81518,  48.11301
 -76.78931,  48.11394
 -76.78168,  48.11413
 -76.74792,  48.11950
 -76.71477,  48.11524
 -76.69891,  48.11134
 -76.68198,  48.10550
 -76.67097,  48.08820
 -76.66014,  48.06556
 -76.65228,  48.04940
 -76.65035,  48.04296
 -76.65408,  48.02074
 -76.65421,  48.02027
 -76.66281,  47.99868
 -76.68182,  47.97692
 -76.69077,  47.97144
 -76.72489,  47.95934
 -76.74996,  47.95658
 -76.75853,  47.95459
 -76.79251,  47.94436
 -76.80359,  47.93579
 -76.80270,  47.91345
 -76.81181,  47.89138
 -76.81033,  47.86901
 -76.81444,  47.84681
 -76.81824,  47.82458
 -76.82346,  47.80240
 -76.83566,  47.78802
 -76.83907,  47.78051
 -76.85281,  47.75857
 -76.86954,  47.73671
 -76.87236,  47.73221
 -76.90621,  47.72165
 -76.93047,  47.71607
 -76.93991,  47.71344
 -76.97411,  47.69670
 -76.97592,  47.69499
 -76.97878,  47.67273
 -76.98914,  47.65068
 -76.99213,  47.62841
 -76.98890,  47.60599
 -76.99123,  47.58372
 -76.98702,  47.56126
 -76.99110,  47.53903
 -76.99094,  47.51669
 -77.00120,  47.49462
 -77.00637,  47.47242
 -77.01759,  47.45038
 -77.01357,  47.42793
 -76.99415,  47.40505
 -76.99174,  47.40222
 -76.96680,  47.38195
 -76.96024,  47.37709
 -76.92824,  47.36057
 -76.92117,  47.35834
 -76.89601,  47.34797
 -76.87470,  47.33469
 -76.87254,  47.31227
 -76.86554,  47.30712
 -76.85617,  47.28946
 -76.85609,  47.26710
 -76.85188,  47.24463
 -76.85290,  47.22230
 -76.86020,  47.20014
 -76.86213,  47.17784
 -76.87447,  47.16176
 -76.89464,  47.15640
 -76.90788,  47.15322
 -76.94114,  47.14680
 -76.96201,  47.13592
 -76.97547,  47.12238
 -76.98369,  47.11416
 -77.00700,  47.09244
 -77.01048,  47.08591
 -77.02055,  47.07044
 -77.02805,  47.04828
 -77.03133,  47.02600
 -77.03291,  47.00368
 -77.03017,  46.98125
 -77.03606,  46.95904
 -77.03514,  46.93664
 -77.03633,  46.91431
 -77.03188,  46.89182
 -77.02745,  46.86932
 -77.02863,  46.84699
 -77.02885,  46.82462
 -77.02762,  46.80221
 -77.03223,  46.77996
 -77.02918,  46.76661
 -77.02039,  46.75726
 -77.03020,  46.74904
 -77.03452,  46.73527
 -77.03196,  46.71895
 -77.02275,  46.71257
 -77.03268,  46.70639
 -77.03994,  46.69067
 -77.04313,  46.66837
 -77.06866,  46.64832
 -77.07245,  46.64679
 -77.07133,  46.62437
 -77.07006,  46.62387
 -77.04244,  46.60122
 -77.03916,  46.59470
 -77.02731,  46.57841
 -77.01628,  46.55573
 -77.01336,  46.53326
 -77.01768,  46.51099
 -77.01283,  46.48847
 -77.01984,  46.46627
 -77.01530,  46.44521
 -77.01505,  46.44375
 -77.01569,  46.43856
 -77.01790,  46.42144
 -77.01707,  46.41478
 -77.01417,  46.39894
 -77.00985,  46.37643
 -76.99897,  46.35374
 -76.98940,  46.33269
 -76.98798,  46.33105
 -76.97394,  46.30825
 -76.96429,  46.28559
 -76.96806,  46.26330
 -76.96992,  46.24096
 -76.96937,  46.21854
 -76.96471,  46.20088
 -76.96161,  46.19592
 -76.95374,  46.17330
 -76.93492,  46.15752
 -76.90549,  46.14952
 -76.91281,  46.12733
 -76.93695,  46.12321
 -76.96368,  46.10638
 -76.97099,  46.09375
 -76.97352,  46.08425
 -76.97540,  46.06190
 -76.98779,  46.03984
 -76.97821,  46.01717
 -76.97571,  46.01299
 -76.95945,  45.99424
 -76.94513,  45.98443
 -76.91368,  45.97099
 -76.88029,  45.99014
 -76.84800,  45.99083
 -76.84730,  45.99102
 -76.82887,  46.01289
 -76.81331,  46.03069
 -76.81134,  46.03477
 -76.81247,  46.04449
 -76.81569,  46.05731
 -76.81109,  46.06705
 -76.80614,  46.07943
 -76.80594,  46.10184
 -76.80119,  46.12410
 -76.79200,  46.14623
 -76.77915,  46.16825
 -76.77145,  46.18613
 -76.76904,  46.19035
 -76.77102,  46.19296
 -76.77937,  46.21307
 -76.77998,  46.23549
 -76.77222,  46.25766
 -76.76662,  46.26390
 -76.74808,  46.27934
 -76.73232,  46.29424
 -76.70028,  46.28844
 -76.67856,  46.27724
 -76.66901,  46.27051
 -76.64513,  46.25383
 -76.64019,  46.23127
 -76.64500,  46.20902
 -76.66135,  46.18711
 -76.66064,  46.16469
 -76.66348,  46.14237
 -76.66235,  46.11993
 -76.66092,  46.09748
 -76.65977,  46.07504
 -76.65624,  46.05252
 -76.65298,  46.03001
 -76.65952,  46.00781
 -76.66002,  45.98541
 -76.67199,  45.96337
 -76.68019,  45.94121
 -76.67963,  45.91878
 -76.66730,  45.89598
 -76.66343,  45.87345
 -76.66213,  45.87000
 -76.65974,  45.85092
 -76.65752,  45.82843
 -76.66576,  45.81269
 -76.67325,  45.80650
 -76.67085,  45.78401
 -76.70078,  45.76711
 -76.70689,  45.76269
 -76.73386,  45.75177
 -76.76449,  45.74201
 -76.76667,  45.74076
 -76.79454,  45.72049
 -76.80025,  45.71679
 -76.82145,  45.69887
 -76.83414,  45.68726
 -76.84052,  45.67701
 -76.85670,  45.65507
 -76.86569,  45.63291
 -76.86835,  45.61056
 -76.86003,  45.58790
 -76.86528,  45.56563
 -76.87450,  45.54869
 -76.88256,  45.54370
 -76.87556,  45.53070
 -76.87422,  45.52104
 -76.86549,  45.49836
 -76.86217,  45.47584
 -76.85765,  45.45328
 -76.85731,  45.43085
 -76.86600,  45.40867
 -76.87788,  45.38659
 -76.88449,  45.38028
 -76.91718,  45.36724
 -76.94904,  45.36838
 -76.96546,  45.36670
 -76.98115,  45.36518
 -77.01329,  45.36139
 -77.03169,  45.34613
 -77.04675,  45.33414
 -77.05642,  45.32439
 -77.08014,  45.30762
 -77.10017,  45.30317
 -77.11272,  45.29530
 -77.14467,  45.29396
 -77.17614,  45.30155
 -77.20800,  45.30209
 -77.22610,  45.30657
 -77.23952,  45.30905
 -77.27102,  45.31644
 -77.30243,  45.32556
 -77.33444,  45.32337
 -77.36662,  45.31797
 -77.39197,  45.31085
 -77.39908,  45.30675
 -77.43148,  45.29658
 -77.45131,  45.28990
 -77.46454,  45.27277
 -77.47606,  45.26809
 -77.48844,  45.24595
 -77.49828,  45.23454
 -77.51772,  45.22424
 -77.53101,  45.21640
 -77.56258,  45.22201
 -77.56499,  45.22537
END
 -15.00000, -75.91486,  45.57909
 -75.94247,  45.59182
 -75.95397,  45.60295
 -75.97286,  45.61418
 -75.98238,  45.62642
 -75.98154,  45.64882
 -75.96880,  45.66889
 -75.96577,  45.67068
 -75.95094,  45.69257
 -75.93436,  45.69995
 -75.90543,  45.69090
 -75.90307,  45.68917
 -75.89323,  45.66802
 -75.87368,  45.65331
 -75.86842,  45.64467
 -75.87097,  45.62233
 -75.87669,  45.61366
 -75.89661,  45.60085
 -75.90995,  45.57890
 -75.91142,  45.57835
 -75.91486,  45.57909
END
 -15.00000, -76.89883,  46.12693
 -76.90044,  46.14938
 -76.87042,  46.15447
 -76.85875,  46.14818
 -76.85365,  46.12563
 -76.87260,  46.11827
 -76.89883,  46.12693
END
 -15.00000, -76.59628,  46.22992
 -76.58680,  46.25203
 -76.57258,  46.25834
 -76.53959,  46.27295
 -76.53921,  46.27312
 -76.53812,  46.27290
 -76.50817,  46.25253
 -76.50188,  46.24936
 -76.49564,  46.22676
 -76.51016,  46.22248
 -76.54308,  46.21436
 -76.57526,  46.21724
 -76.59628,  46.22992
END
 -15.00000, -76.97370,  46.59932
 -76.97374,  46.59933
 -76.99841,  46.62238
 -76.99964,  46.64480
 -76.99740,  46.66711
 -76.98697,  46.68921
 -76.96958,  46.71110
 -76.96706,  46.71242
 -76.93414,  46.71709
 -76.91360,  46.70953
 -76.90224,  46.70472
 -76.88064,  46.68622
 -76.88401,  46.66393
 -76.87263,  46.65510
 -76.86581,  46.64103
 -76.86926,  46.61875
 -76.87540,  46.60933
 -76.89438,  46.59708
 -76.90960,  46.58248
 -76.94212,  46.58328
 -76.97370,  46.59932
END
 -15.00000, -78.62348,  46.99233
 -78.62194,  47.00102
 -78.61388,  46.99220
 -78.62231,  46.98935
 -78.62348,  46.99233
END
 -15.00000, -78.31284,  46.98737
 -78.29847,  47.00948
 -78.29369,  47.01376
 -78.27547,  47.03143
 -78.28340,  47.05391
 -78.29156,  47.07051
 -78.29547,  47.07648
 -78.31316,  47.09914
 -78.32317,  47.10340
 -78.33867,  47.09957
 -78.35664,  47.08581
 -78.37746,  47.07788
 -78.39012,  47.06771
 -78.39986,  47.05589
 -78.40622,  47.03365
 -78.39185,  47.01922
 -78.37834,  47.01083
 -78.35975,  47.00026
 -78.34496,  46.98792
 -78.32764,  46.98209
 -78.31284,  46.98737
END
 -15.00000, -74.72418,  49.02088
 -74.75014,  49.04386
 -74.75028,  49.04430
 -74.75007,  49.04467
 -74.71429,  49.06219
 -74.70081,  49.04216
 -74.71574,  49.02052
 -74.71965,  49.00915
 -74.72418,  49.02088
END
 -15.00000, -75.70107,  49.39370
 -75.70406,  49.41607
 -75.70447,  49.41861
 -75.72694,  49.43913
 -75.73656,  49.44373
 -75.77042,  49.44814
 -75.77766,  49.44093
 -75.77274,  49.42044
 -75.76871,  49.41837
 -75.75620,  49.39567
 -75.74214,  49.37737
 -75.70773,  49.38002
 -75.70107,  49.39370
END
 -15.00000, -77.55373,  50.11355
 -77.58247,  50.12614
 -77.59109,  50.13654
 -77.60305,  50.15899
 -77.60728,  50.18126
 -77.61333,  50.19846
 -77.61576,  50.20361
 -77.61492,  50.22577
 -77.61471,  50.24795
 -77.61011,  50.27002
 -77.60958,  50.27074
 -77.59802,  50.29193
 -77.57422,  50.31360
 -77.57258,  50.31446
 -77.53732,  50.32460
 -77.50251,  50.32607
 -77.46860,  50.31129
 -77.43845,  50.28844
 -77.43541,  50.28338
 -77.42171,  50.26589
 -77.41879,  50.24365
 -77.41762,  50.22144
 -77.41965,  50.19931
 -77.42557,  50.17726
 -77.43436,  50.15527
 -77.44296,  50.14625
 -77.45960,  50.13366
 -77.47939,  50.11273
 -77.48185,  50.11197
 -77.51440,  50.10512
 -77.54873,  50.11000
 -77.55373,  50.11355
END
 -15.00000, -77.15219,  50.17080
 -77.16367,  50.18521
 -77.16945,  50.19340
 -77.18645,  50.21600
 -77.19337,  50.23835
 -77.18184,  50.26025
 -77.16611,  50.28204
 -77.15763,  50.28575
 -77.12759,  50.30327
 -77.12177,  50.30463
 -77.11395,  50.30293
 -77.08801,  50.28901
 -77.06862,  50.27962
 -77.05512,  50.25954
 -77.05454,  50.25708
 -77.04547,  50.23468
 -77.05641,  50.21277
 -77.05837,  50.20702
 -77.06599,  50.19083
 -77.09505,  50.17411
 -77.10406,  50.16960
 -77.13035,  50.16323
 -77.15219,  50.17080
END
 -15.00000, -76.95057,  50.38747
 -76.95101,  50.40966
 -76.97521,  50.42561
 -76.97855,  50.43254
 -76.97426,  50.44056
 -76.94824,  50.45392
 -76.93812,  50.47583
 -76.93713,  50.47659
 -76.90240,  50.47506
 -76.90205,  50.47488
 -76.86890,  50.45491
 -76.86436,  50.45171
 -76.85548,  50.42931
 -76.87155,  50.41436
 -76.88571,  50.40794
 -76.89191,  50.38593
 -76.90865,  50.37862
 -76.94314,  50.38317
 -76.95057,  50.38747
END
 -15.00000, -76.14737,  50.98472
 -76.16414,  51.00559
 -76.16531,  51.00743
 -76.17473,  51.02986
 -76.17002,  51.05184
 -76.15940,  51.06548
 -76.14822,  51.07329
 -76.13206,  51.09491
 -76.12154,  51.09851
 -76.11057,  51.09424
 -76.09224,  51.07153
 -76.08871,  51.06864
 -76.07266,  51.04876
 -76.06775,  51.02647
 -76.08610,  51.00492
 -76.09447,  50.99710
 -76.11023,  50.98355
 -76.13145,  50.97431
 -76.14737,  50.98472
END
 -15.00000, -75.56397,  51.76133
 -75.56817,  51.76290
 -75.58245,  51.78406
 -75.59649,  51.80663
 -75.59912,  51.81490
 -75.60282,  51.82893
 -75.60158,  51.85096
 -75.59595,  51.87284
 -75.59328,  51.87899
 -75.58187,  51.89442
 -75.55448,  51.91205
 -75.54279,  51.91513
 -75.51799,  51.91972
 -75.48229,  51.91876
 -75.45963,  51.91219
 -75.44771,  51.90594
 -75.42961,  51.88904
 -75.42654,  51.86684
 -75.42042,  51.84455
 -75.42403,  51.82260
 -75.43134,  51.80079
 -75.43343,  51.77877
 -75.46118,  51.76218
 -75.47494,  51.75818
 -75.49804,  51.74948
 -75.53345,  51.75236
 -75.56397,  51.76133
END
 -15.00000, -75.34413,  51.97424
 -75.36131,  51.99693
 -75.36700,  52.00174
 -75.37547,  52.01951
 -75.37495,  52.04155
 -75.36276,  52.06318
 -75.36085,  52.06592
 -75.34251,  52.08450
 -75.32247,  52.09172
 -75.30511,  52.08314
 -75.28927,  52.06394
 -75.28711,  52.06042
 -75.27439,  52.03788
 -75.28567,  52.01623
 -75.29539,  51.99452
 -75.29607,  51.99390
 -75.32703,  51.97361
 -75.33410,  51.97120
 -75.34413,  51.97424
END
END
