00003, -80.2749,  40.5170,     147.
00006, -80.2576,  40.4958,     193.
00009, -80.1578,  40.4592,     142.
00012, -80.2967,  40.5078,     160.
00015, -80.2304,  40.3607,     217.
00018, -80.2982,  40.3064,     635.
00021, -80.1679,  40.5011,     131.
00024, -80.3530,  40.2823,     561.
00027, -80.2123,  40.4499,      29.
00030, -80.1877,  40.3975,     197.
00033, -80.2928,  40.4141,     508.
00036, -80.2310,  40.4158,     629.
00039, -80.1936,  40.3319,     598.
00042, -80.1425,  40.2871,     163.
00045, -80.2932,  40.3782,     447.
00048, -80.2508,  40.5281,     262.
00051, -80.1559,  40.4049,      49.
00054, -80.2611,  40.4844,     489.
00057, -80.0899,  40.4512,     583.
00060, -80.3192,  40.3861,     195.
00063, -80.2816,  40.4833,      19.
00066, -80.3145,  40.4356,     111.
00069, -80.1845,  40.4111,     487.
00072, -80.1070,  40.4126,     329.
00075, -80.2333,  40.3717,     409.
00078, -80.2188,  40.3049,     375.
00081, -80.2430,  40.4107,     357.
00084, -80.2706,  40.4652,     452.
00087, -80.2774,  40.3621,      61.
00090, -80.2602,  40.4678,     121.
00093, -80.2779,  40.5223,      50.
00096, -80.2536,  40.5152,       3.
00099, -80.2542,  40.4761,     192.
00102, -80.2300,  40.4696,     272.
00105, -80.2059,  40.2954,     473.
00108, -80.1661,  40.5108,     107.
00111, -80.1762,  40.4329,     575.
00114, -80.1702,  40.4998,      14.
00117, -80.2765,  40.4086,     103.
00120, -80.2941,  40.4664,     182.
00123, -80.1725,  40.4361,     432.
00126, -80.2214,  40.5632,     227.
00129, -80.1791,  40.3914,     629.
00132, -80.3589,  40.5156,     144.
00135, -80.1557,  40.5539,      98.
00138, -80.1840,  40.4772,     269.
00141, -80.2529,  40.4121,       6.
00144, -80.2550,  40.2997,     153.
00147, -80.1246,  40.3902,     190.
00150, -80.1350,  40.4009,     604.
00153, -80.2046,  40.4168,     734.
00156, -80.3176,  40.4627,      51.
00159, -80.2468,  40.3924,      22.
00162, -80.1711,  40.3420,     676.
00165, -80.1357,  40.3300,     230.
00168, -80.2406,  40.4865,     263.
00171, -80.2982,  40.4123,      15.
00174, -80.3236,  40.5333,     143.
00177, -80.2252,  40.3635,     319.
00180, -80.1537,  40.4356,     458.
00183, -80.2057,  40.5827,     472.
00186, -80.3112,  40.4886,     261.
00189, -80.1601,  40.4782,       6.
00192, -80.3661,  40.4872,     399.
00195, -80.2143,  40.5055,       7.
00198, -80.3101,  40.3918,     520.
00201, -80.2518,  40.4548,     122.
00204, -80.1941,  40.4047,     249.
00207, -80.3307,  40.4211,      77.
00210, -80.2480,  40.4635,      16.
00213, -80.3206,  40.3325,     510.
00216, -80.2315,  40.2792,     269.
00219, -80.2195,  40.3621,     165.
00222, -80.3207,  40.5522,     161.
00225, -80.2791,  40.4321,     156.
00228, -80.1521,  40.3797,     546.
00231, -80.1433,  40.4884,     271.
00234, -80.3430,  40.5041,     490.
00237, -80.1599,  40.4587,     523.
00240, -80.3963,  40.3439,     430.
00243, -80.2232,  40.4199,     487.
00246, -80.1794,  40.5672,     236.
00249, -80.2218,  40.4624,      71.
00252, -80.2516,  40.4219,     873.
00255, -80.3381,  40.4503,     294.
00258, -80.2412,  40.4687,      19.
00261, -80.1849,  40.4580,      98.
00264, -80.2405,  40.5424,     111.
00267, -80.2223,  40.5156,     541.
00270, -80.2214,  40.3882,     311.
00273, -80.2888,  40.5206,      93.
00276, -80.0708,  40.4644,     312.
00279, -80.3709,  40.4357,     374.
00282, -80.2750,  40.4788,     249.
00285, -80.2199,  40.5980,     191.
00288, -80.2196,  40.3751,     292.
00291, -80.3394,  40.4581,     658.
00294, -80.3785,  40.3656,     596.
00297, -80.2771,  40.3760,     466.
00300, -80.3177,  40.4328,     301.
00303, -80.2175,  40.3885,     558.
00306, -80.2613,  40.5256,     141.
00309, -80.4253,  40.4285,     411.
00312, -80.3639,  40.4401,     294.
00315, -80.2180,  40.3802,     474.
00318, -80.3224,  40.3497,     572.
00321, -80.2903,  40.5196,     369.
00324, -80.3207,  40.5032,     377.
00327, -80.1822,  40.4903,     413.
00330, -80.2140,  40.5001,       2.
00333, -80.2179,  40.4605,      48.
00336, -80.2841,  40.5342,     216.
00339, -80.1952,  40.4810,      36.
00342, -80.3076,  40.4283,     392.
00345, -80.1737,  40.3367,     745.
00348, -80.3076,  40.5476,      29.
00351, -80.1960,  40.6198,      40.
00354, -80.2349,  40.3425,     474.
00357, -80.1825,  40.4607,     202.
00360, -80.2111,  40.3941,     447.
00363, -80.3180,  40.5978,     283.
00366, -80.3620,  40.5728,      15.
00369, -80.4361,  40.5374,     177.
00372, -80.2915,  40.4772,      38.
00375, -80.2992,  40.5674,     184.
00378, -80.1953,  40.4604,     184.
00381, -80.3872,  40.4712,     117.
00384, -80.3325,  40.5660,      83.
00387, -80.4114,  40.5393,     255.
00390, -80.4660,  40.3965,      26.
00393, -80.2562,  40.4098,     532.
00396, -80.1991,  40.5683,       2.
00399, -80.1299,  40.5452,      64.
00402, -80.1930,  40.5239,     235.
00405, -80.3338,  40.4465,      19.
00408, -80.4129,  40.5381,      47.
00411, -80.3531,  40.5148,     307.
00414, -80.3031,  40.4995,     341.
00417, -80.1140,  40.5250,       2.
00420, -80.2223,  40.6107,     564.
00423, -80.2943,  40.5086,      28.
00426, -80.2213,  40.4969,     107.
00429, -80.3108,  40.4574,     624.
00432, -80.2022,  40.4435,     232.
00435, -80.2421,  40.4051,      45.
00438, -80.2854,  40.3516,     402.
00441, -80.2404,  40.4114,     385.
00444, -80.2254,  40.4437,     566.
00447, -80.2423,  40.4361,     675.
00450, -80.3773,  40.3931,     183.
00453, -80.2901,  40.3813,      37.
00456, -80.2624,  40.5431,     418.
00459, -80.2618,  40.3730,     410.
00462, -80.2578,  40.4819,      74.
00465, -80.3312,  40.4397,     449.
00468, -80.2578,  40.5366,     497.
00471, -80.3315,  40.5008,      80.
00474, -80.1975,  40.4774,     366.
00477, -80.2963,  40.5199,     108.
00480, -80.2144,  40.6210,     204.
00483, -80.3707,  40.4557,     147.
00486, -80.3096,  40.4903,     421.
00489, -80.2982,  40.4547,      84.
00492, -80.3861,  40.5320,     308.
00495, -80.3024,  40.4501,     432.
00498, -80.2586,  40.5107,     308.
00501, -80.2760,  40.5790,     430.
00504, -80.3164,  40.4899,     378.
00507, -80.2778,  40.6048,      86.
00510, -80.4165,  40.5448,     135.
00513, -80.3085,  40.4979,     243.
00516, -80.2216,  40.6171,     421.
00519, -80.3559,  40.5044,     255.
00522, -80.2437,  40.2633,     377.
00525, -80.2806,  40.4717,     608.
00528, -80.2580,  40.4846,     259.
00531, -80.2748,  40.4963,     351.
00534, -80.2136,  40.3980,     508.
00537, -80.2501,  40.4299,     395.
00540, -80.3196,  40.3876,     528.
00543, -80.2570,  40.5676,      97.
00546, -80.4449,  40.4127,     515.
00549, -80.2452,  40.4359,     566.
00552, -80.3922,  40.5420,     240.
00555, -80.2572,  40.5263,     384.
00558, -80.1780,  40.4568,     799.
00561, -80.3364,  40.5588,     103.
00564, -80.2720,  40.6194,      93.
00567, -80.1430,  40.3794,     559.
00570, -80.1995,  40.5464,     297.
00573, -80.3135,  40.5230,     408.
00576, -80.3250,  40.3837,     335.
00579, -80.3315,  40.4567,      65.
00582, -80.3043,  40.5191,     105.
00585, -80.2901,  40.5166,     187.
00588, -80.3471,  40.5037,     312.
00591, -80.3042,  40.4408,      99.
00594, -80.2550,  40.5857,     169.
00597, -80.2480,  40.4954,     355.
00600, -80.1720,  40.4562,     754.
00603, -80.2080,  40.5347,     182.
00606, -80.3244,  40.5290,     110.
00609, -80.2154,  40.5986,      72.
00612, -80.3315,  40.3840,      93.
00615, -80.2990,  40.5061,     162.
00618, -80.1531,  40.3739,     753.
00621, -80.4132,  40.5455,     150.
00624, -80.2453,  40.3176,     667.
00627, -80.2706,  40.4812,     259.
00630, -80.3692,  40.5182,      81.
00633, -80.2005,  40.4467,     147.
00636, -80.2842,  40.4432,     382.
00639, -80.2762,  40.3960,     697.
00642, -80.3871,  40.4602,     148.
00645, -80.4184,  40.5981,      98.
00648, -80.2653,  40.5802,     293.
00651, -80.2653,  40.4541,     173.
00654, -80.2682,  40.4737,     339.
00657, -80.3774,  40.6080,     399.
00660, -80.3126,  40.4628,     655.
00663, -80.2617,  40.5336,     228.
00666, -80.2805,  40.5734,       4.
00669, -80.3978,  40.4255,     364.
00672, -80.3058,  40.5529,     161.
00675, -80.3106,  40.4571,      96.
00678, -80.1814,  40.3932,     127.
00681, -80.2120,  40.5188,      77.
00684, -80.3399,  40.5148,     167.
00687, -80.4414,  40.4837,      47.
00690, -80.3568,  40.5527,     314.
00693, -80.3381,  40.4805,     299.
00696, -80.0671,  40.4162,     349.
00699, -80.2831,  40.5532,     438.
00702, -80.4013,  40.5926,      90.
00705, -80.2213,  40.4018,     541.
00708, -80.3155,  40.4458,      69.
00711, -80.4976,  40.5307,     185.
00714, -80.3330,  40.5219,     464.
00717, -80.3392,  40.4140,     400.
00720, -80.3939,  40.4759,     559.
00723, -80.1635,  40.4190,     407.
00726, -80.4389,  40.5437,     284.
00729, -80.0951,  40.4934,     137.
00732, -80.3162,  40.4259,     337.
00735, -80.2536,  40.4517,     248.
00738, -80.2585,  40.6405,     144.
00741, -80.3866,  40.4829,     104.
00744, -80.2233,  40.4486,     558.
00747, -80.2131,  40.4969,     345.
00750, -80.3632,  40.5606,      45.
00753, -80.2525,  40.4540,     299.
00756, -80.2277,  40.4760,      51.
00759, -80.2665,  40.5386,      13.
00762, -80.2918,  40.3183,     254.
00765, -80.3911,  40.5631,     136.
00768, -80.2911,  40.4990,      81.
00771, -80.2805,  40.4403,       8.
00774, -80.3315,  40.5248,     411.
00777, -80.2226,  40.5258,     506.
00780, -80.2388,  40.4132,     256.
00783, -80.2416,  40.6474,      19.
00786, -80.4053,  40.4805,     153.
00789, -80.3613,  40.5654,     453.
00792, -80.3742,  40.5225,     264.
00795, -80.2964,  40.5136,      25.
00798, -80.3628,  40.5478,      80.
00801, -80.2480,  40.4515,      95.
00804, -80.2357,  40.4874,     225.
00807, -80.2574,  40.5927,      16.
00810, -80.2303,  40.5365,     162.
00813, -80.4580,  40.4832,     154.
00816, -80.3436,  40.5509,     345.
00819, -80.2489,  40.3997,     135.
00822, -80.1661,  40.5084,      29.
00825, -80.2562,  40.4408,     684.
00828, -80.3079,  40.5070,       7.
00831, -80.2973,  40.5546,     614.
00834, -80.4079,  40.4654,      90.
00837, -80.2893,  40.6850,     278.
00840, -80.2741,  40.4657,      86.
00843, -80.2878,  40.5776,     485.
00846, -80.3200,  40.6054,      27.
00849, -80.3522,  40.5511,     326.
00852, -80.3697,  40.5943,     105.
00855, -80.2722,  40.6001,     323.
00858, -80.3301,  40.5602,      63.
00861, -80.4020,  40.4634,     233.
00864, -80.3559,  40.5608,     592.
00867, -80.3227,  40.5814,     608.
00870, -80.2808,  40.5877,     466.
00873, -80.3857,  40.5902,     343.
00876, -80.4343,  40.4444,     603.
00879, -80.3378,  40.4902,      78.
00882, -80.3129,  40.5674,     258.
00885, -80.3392,  40.5726,     207.
00888, -80.3192,  40.6232,     188.
00891, -80.3501,  40.5448,      45.
00894, -80.2169,  40.5000,     304.
00897, -80.3079,  40.6431,     245.
00900, -80.3193,  40.5590,     232.
00903, -80.2254,  40.4730,     293.
00906, -80.2916,  40.5387,     659.
00909, -80.1992,  40.4421,      94.
00912, -80.3008,  40.5246,     418.
00915, -80.4175,  40.5327,     203.
00918, -80.3451,  40.5294,      11.
00921, -80.3751,  40.5341,     730.
00924, -80.3826,  40.5798,       3.
00927, -80.3180,  40.5376,     231.
00930, -80.2980,  40.5869,      21.
00933, -80.4005,  40.6417,     315.
00936, -80.3966,  40.5196,     129.
00939, -80.2675,  40.5782,      87.
00942, -80.3266,  40.4106,     444.
00945, -80.3511,  40.4439,     630.
00948, -80.3114,  40.5385,      67.
00951, -80.3591,  40.4749,      60.
00954, -80.4405,  40.5409,      50.
00957, -80.2754,  40.5352,     581.
00960, -80.3012,  40.5696,     236.
00963, -80.3169,  40.4811,     448.
00966, -80.4580,  40.6199,      88.
00969, -80.2781,  40.4815,     460.
00972, -80.2034,  40.4079,     561.
00975, -80.2542,  40.5494,     569.
00978, -80.2362,  40.5621,     274.
00981, -80.4115,  40.5594,     406.
00984, -80.2608,  40.3983,     575.
00987, -80.3651,  40.5291,     188.
00990, -80.2449,  40.5287,     579.
00993, -80.3969,  40.5160,     423.
00996, -80.3994,  40.4924,     412.
00999, -80.3362,  40.5204,      13.
01002, -80.2629,  40.5062,     398.
01005, -80.2346,  40.5656,     220.
01008, -80.2608,  40.6184,      78.
01011, -80.2894,  40.5542,     541.
01014, -80.3155,  40.4766,      10.
01017, -80.4151,  40.6250,      42.
01020, -80.3316,  40.4852,     412.
01023, -80.2068,  40.4854,     700.
01026, -80.2634,  40.5170,     287.
01029, -80.3500,  40.5667,     823.
01032, -80.4118,  40.5462,      85.
01035, -80.2587,  40.5453,      43.
01038, -80.2791,  40.5125,     560.
01041, -80.2360,  40.5034,     298.
01044, -80.3306,  40.5814,      16.
01047, -80.3425,  40.5659,     191.
01050, -80.2958,  40.4963,     255.
01053, -80.2632,  40.5401,      47.
01056, -80.2543,  40.5173,      59.
01059, -80.3403,  40.5233,     113.
01062, -80.3644,  40.5111,      77.
01065, -80.2991,  40.5570,      35.
01068, -80.3439,  40.4264,     299.
01071, -80.3676,  40.5201,     434.
01074, -80.2444,  40.5728,     368.
01077, -80.3411,  40.5387,     569.
01080, -80.3820,  40.5845,     724.
01083, -80.2540,  40.5270,     665.
01086, -80.3643,  40.5143,     436.
01089, -80.3151,  40.4454,     388.
01092, -80.4182,  40.4774,      61.
01095, -80.3363,  40.4845,      53.
01098, -80.2592,  40.4797,     335.
01101, -80.3592,  40.5853,     118.
01104, -80.2645,  40.4573,     725.
01107, -80.3575,  40.5910,     165.
01110, -80.2134,  40.5508,      85.
01113, -80.4055,  40.5548,     343.
01116, -80.3582,  40.6009,     237.
01119, -80.3145,  40.5787,      72.
01122, -80.2539,  40.5964,     195.
01125, -80.2767,  40.4891,     468.
01128, -80.3034,  40.5129,      64.
01131, -80.3279,  40.6196,     136.
01134, -80.3770,  40.5437,      25.
01137, -80.3057,  40.5084,     161.
01140, -80.4479,  40.6398,     188.
01143, -80.4276,  40.6108,      63.
01146, -80.3167,  40.5429,     146.
01149, -80.3014,  40.5736,     137.
01152, -80.3624,  40.5327,     144.
01155, -80.2888,  40.5749,     657.
01158, -80.3419,  40.5670,     128.
01161, -80.3238,  40.6677,     195.
01164, -80.2838,  40.4665,     283.
01167, -80.3676,  40.4928,     138.
01170, -80.3112,  40.5971,     250.
01173, -80.2954,  40.4847,     842.
01176, -80.2912,  40.5625,      33.
01179, -80.3842,  40.4302,     509.
01182, -80.5145,  40.5799,       3.
01185, -80.3188,  40.5131,     376.
01188, -80.4013,  40.5085,     301.
01191, -80.3814,  40.5600,     133.
01194, -80.3055,  40.5989,     376.
01197, -80.2501,  40.5272,     423.
01200, -80.3565,  40.4762,     620.
01203, -80.2827,  40.5532,     646.
01206, -80.3194,  40.5531,     478.
01209, -80.4062,  40.4870,     442.
01212, -80.3590,  40.5298,     165.
01215, -80.3581,  40.5622,     384.
01218, -80.3410,  40.5764,      74.
01221, -80.3050,  40.5789,      51.
01224, -80.3517,  40.6133,      75.
01227, -80.3032,  40.5654,     127.
01230, -80.4546,  40.5163,     167.
01233, -80.2046,  40.5472,     535.
01236, -80.4135,  40.6024,     326.
01239, -80.2626,  40.5905,     505.
01242, -80.3488,  40.6054,     121.
01245, -80.2907,  40.5943,      43.
01248, -80.2617,  40.5410,     342.
01251, -80.3110,  40.4948,     158.
01254, -80.3697,  40.5555,     403.
01257, -80.3543,  40.5144,      82.
01260, -80.3764,  40.5237,       2.
01263, -80.2948,  40.6101,     477.
01266, -80.3363,  40.5952,     261.
01269, -80.2426,  40.5146,     259.
01272, -80.3116,  40.5861,     320.
01275, -80.2642,  40.4962,     398.
01278, -80.3515,  40.5185,     663.
01281, -80.4397,  40.5856,      46.
01284, -80.3333,  40.6889,      43.
01287, -80.3173,  40.5882,      74.
01290, -80.3778,  40.5795,     361.
01293, -80.4351,  40.5441,     111.
01296, -80.2360,  40.5966,     240.
01299, -80.3419,  40.6226,     333.
01302, -80.3289,  40.4990,     231.
01305, -80.3284,  40.6196,     553.
01308, -80.2919,  40.5624,     134.
01311, -80.4334,  40.5429,     253.
01314, -80.4047,  40.6053,      94.
01317, -80.3419,  40.4810,     563.
01320, -80.3104,  40.5665,     361.
01323, -80.3863,  40.5201,     574.
01326, -80.3700,  40.5652,     131.
01329, -80.3904,  40.6353,      28.
01332, -80.4207,  40.4973,     214.
01335, -80.4772,  40.5892,     254.
01338, -80.3792,  40.6005,     400.
01341, -80.2790,  40.4644,     509.
01344, -80.3165,  40.5511,      32.
01347, -80.2849,  40.5293,     690.
01350, -80.3177,  40.5075,     527.
01353, -80.4031,  40.5849,     239.
01356, -80.3552,  40.5699,     357.
01359, -80.3182,  40.5585,     334.
01362, -80.3617,  40.5362,     405.
01365, -80.3880,  40.5777,     392.
01368, -80.3015,  40.6037,     751.
01371, -80.2806,  40.5735,     220.
01374, -80.4013,  40.5674,     132.
01377, -80.3256,  40.5721,     569.
01380, -80.4647,  40.5778,     348.
01383, -80.2901,  40.5931,     357.
01386, -80.2750,  40.5343,      54.
01389, -80.2875,  40.5938,     491.
01392, -80.3544,  40.5843,     368.
01395, -80.2679,  40.4919,     414.
01398, -80.4175,  40.6672,      82.
01401, -80.3995,  40.6121,      81.
01404, -80.2901,  40.5987,     257.
01407, -80.3612,  40.5175,     275.
01410, -80.2678,  40.5989,     496.
01413, -80.3583,  40.5107,      85.
01416, -80.2380,  40.6849,     188.
01419, -80.3999,  40.5688,     107.
01422, -80.3828,  40.4960,     360.
01425, -80.3114,  40.6989,      47.
01428, -80.3164,  40.5021,     211.
01431, -80.4257,  40.5031,     428.
01434, -80.3573,  40.5318,     405.
01437, -80.3470,  40.5941,     157.
01440, -80.3098,  40.5137,     556.
01443, -80.3997,  40.5538,     117.
01446, -80.3988,  40.6316,     524.
01449, -80.3583,  40.6374,      89.
01452, -80.3546,  40.6003,      74.
01455, -80.3901,  40.6472,     466.
01458, -80.3987,  40.5435,     403.
01461, -80.4295,  40.5547,      34.
01464, -80.3494,  40.6107,     497.
01467, -80.3259,  40.5793,     409.
01470, -80.3696,  40.5893,     432.
01473, -80.3837,  40.6348,     228.
01476, -80.3698,  40.6660,      62.
01479, -80.3568,  40.6036,     156.
01482, -80.2734,  40.5434,     533.
01485, -80.3252,  40.5717,     629.
01488, -80.3798,  40.5602,     641.
01491, -80.3723,  40.6664,      38.
01494, -80.4102,  40.5345,     409.
01497, -80.4698,  40.5831,      24.
01500, -80.4230,  40.5638,     392.
01503, -80.3474,  40.5952,     497.
01506, -80.2610,  40.5090,     735.
01509, -80.4459,  40.6659,     760.
01512, -80.3735,  40.6176,     171.
01515, -80.3542,  40.5990,     203.
01518, -80.4023,  40.5983,      40.
01521, -80.4028,  40.6546,     172.
01524, -80.3548,  40.6167,     303.
01527, -80.3941,  40.5739,     398.
01530, -80.4264,  40.5823,     221.
01533, -80.3694,  40.5829,     268.
01536, -80.3241,  40.5570,     304.
01539, -80.3647,  40.5329,     365.
01542, -80.3687,  40.6330,      65.
01545, -80.3276,  40.6529,     184.
01548, -80.3215,  40.5459,     586.
01551, -80.3409,  40.6275,      52.
01554, -80.3406,  40.5914,      70.
01557, -80.4147,  40.5844,     698.
01560, -80.3882,  40.5522,     389.
01563, -80.3920,  40.5487,     623.
01566, -80.4364,  40.6076,     246.
01569, -80.4057,  40.5901,     327.
01572, -80.3364,  40.5666,     336.
01575, -80.4061,  40.6236,     301.
01578, -80.3771,  40.6001,     225.
01581, -80.3531,  40.6237,     154.
01584, -80.3056,  40.5856,      39.
01587, -80.4282,  40.6115,     148.
01590, -80.3100,  40.5213,     503.
01593, -80.3104,  40.6584,     353.
01596, -80.3555,  40.6000,     263.
01599, -80.3603,  40.5739,     397.
01602, -80.3975,  40.6066,     275.
01605, -80.4081,  40.5952,     256.
01608, -80.3228,  40.5749,     580.
01611, -80.4432,  40.6254,     412.
01614, -80.2189,  40.5733,     650.
01617, -80.4484,  40.6353,     487.
01620, -80.3649,  40.5689,     239.
01623, -80.3266,  40.6574,     523.
01626, -80.4142,  40.5606,     366.
01629, -80.4600,  40.5347,     323.
01632, -80.4024,  40.6075,     437.
01635, -80.4227,  40.6566,     172.
01638, -80.3681,  40.6440,     414.
01641, -80.3346,  40.6458,     405.
01644, -80.3752,  40.6067,     331.
01647, -80.2788,  40.5074,      32.
01650, -80.4608,  40.5884,     478.
01653, -80.3538,  40.6099,     147.
01656, -80.3829,  40.5202,     200.
01659, -80.4057,  40.6675,     258.
01662, -80.3559,  40.6632,     216.
01665, -80.3775,  40.5893,     345.
01668, -80.4369,  40.5323,      88.
01671, -80.3371,  40.6777,       1.
01674, -80.3986,  40.6346,     738.
01677, -80.4272,  40.5230,     404.
01680, -80.4138,  40.6331,      67.
01683, -80.4349,  40.5685,     587.
01686, -80.3918,  40.6207,     146.
01689, -80.3891,  40.7305,     251.
01692, -80.4251,  40.5819,     403.
01695, -80.3550,  40.6327,      56.
01698, -80.4327,  40.6730,     110.
01701, -80.3597,  40.6881,     563.
01704, -80.3871,  40.6096,     466.
01707, -80.3660,  40.6084,      54.
01710, -80.3217,  40.6424,     450.
01713, -80.4396,  40.5842,     443.
01716, -80.4157,  40.5795,     133.
01719, -80.3399,  40.5731,     843.
01722, -80.3622,  40.5518,     775.
01725, -80.3931,  40.5868,     261.
01728, -80.3371,  40.6714,     138.
01731, -80.4431,  40.5461,     254.
01734, -80.3748,  40.6134,       5.
01737, -80.4872,  40.5056,     473.
01740, -80.3503,  40.6232,     222.
01743, -80.3613,  40.5704,     307.
01746, -80.3889,  40.6359,     128.
01749, -80.4185,  40.6286,     699.
01752, -80.4447,  40.5790,     239.
01755, -80.3949,  40.6079,     273.
01758, -80.4175,  40.5250,     602.
01761, -80.3565,  40.6718,       2.
01764, -80.3956,  40.6666,     362.
01767, -80.3773,  40.6348,     571.
01770, -80.5063,  40.6378,     129.
01773, -80.4760,  40.5675,     332.
01776, -80.4241,  40.6512,      30.
01779, -80.4378,  40.6504,      97.
01782, -80.4297,  40.6173,      64.
01785, -80.4067,  40.6589,     376.
01788, -80.3583,  40.6022,     112.
01791, -80.4135,  40.5817,     190.
01794, -80.3667,  40.6452,     227.
01797, -80.3956,  40.6339,      33.
01800, -80.4064,  40.6768,     444.
01803, -80.4391,  40.6813,     110.
01806, -80.2822,  40.6120,     166.
01809, -80.3743,  40.5927,     305.
01812, -80.4055,  40.6235,     279.
01815, -80.3692,  40.6116,      76.
01818, -80.3613,  40.5925,     447.
01821, -80.3682,  40.5581,     149.
01824, -80.3582,  40.5815,      94.
01827, -80.3705,  40.6342,      75.
01830, -80.3118,  40.6029,      83.
01833, -80.3588,  40.6031,     261.
01836, -80.3348,  40.5605,     636.
01839, -80.3522,  40.6159,      86.
01842, -80.4209,  40.6866,      82.
01845, -80.3854,  40.6181,     510.
01848, -80.4048,  40.6555,     248.
01851, -80.3968,  40.6503,     130.
01854, -80.3630,  40.5997,     574.
01857, -80.4220,  40.6719,     286.
01860, -80.4003,  40.6722,     109.
01863, -80.4195,  40.6886,     149.
01866, -80.4354,  40.6559,     108.
01869, -80.3893,  40.6734,     327.
01872, -80.4205,  40.6163,     151.
01875, -80.4454,  40.5863,     366.
01878, -80.4109,  40.5876,     353.
01881, -80.4110,  40.6230,     242.
01884, -80.3519,  40.6544,     221.
01887, -80.3805,  40.5901,     269.
01890, -80.3678,  40.6732,     408.
01893, -80.4629,  40.6479,     399.
01896, -80.3941,  40.6474,     644.
01899, -80.4298,  40.5818,     236.
01902, -80.4372,  40.6930,      41.
01905, -80.4116,  40.6737,     183.
01908, -80.3650,  40.6410,     496.
01911, -80.3855,  40.6414,     167.
01914, -80.4510,  40.6983,     400.
01917, -80.3519,  40.5816,     380.
01920, -80.4193,  40.6269,     349.
01923, -80.4366,  40.6667,     336.
01926, -80.3914,  40.6263,     291.
01929, -80.4157,  40.6533,     522.
01932, -80.3661,  40.6347,     160.
01935, -80.3431,  40.6528,     526.
01938, -80.3846,  40.6397,     594.
01941, -80.4520,  40.6260,     303.
01944, -80.3380,  40.6081,     397.
01947, -80.3441,  40.6549,     542.
01950, -80.4658,  40.6450,     133.
01953, -80.4290,  40.5804,     683.
01956, -80.3294,  40.6252,     133.
01959, -80.3798,  40.5705,     264.
01962, -80.4970,  40.6248,      22.
01965, -80.4607,  40.6628,     141.
01968, -80.3734,  40.6988,     172.
01971, -80.4593,  40.6299,     458.
01974, -80.4004,  40.5638,      84.
01977, -80.4271,  40.6592,      26.
01980, -80.3515,  40.6750,     308.
01983, -80.4192,  40.6358,      49.
01986, -80.3980,  40.6256,       1.
01989, -80.4623,  40.6820,     148.
01992, -80.3811,  40.6116,     220.
01995, -80.3911,  40.6667,     195.
01998, -80.4230,  40.6410,     302.
02001, -80.3919,  40.6050,     385.
02004, -80.4162,  40.6268,     477.
02007, -80.3889,  40.6607,      38.
02010, -80.4184,  40.6562,     352.
02013, -80.3860,  40.6784,     100.
02016, -80.3965,  40.6030,     190.
02019, -80.4562,  40.6005,     461.
02022, -80.3829,  40.5652,     513.
02025, -80.3778,  40.7370,     195.
02028, -80.3830,  40.7290,     226.
02031, -80.4757,  40.7100,      94.
02034, -80.3853,  40.6554,     302.
02037, -80.4372,  40.6532,      30.
02040, -80.4019,  40.7146,      78.
02043, -80.4088,  40.6404,     275.
02046, -80.4080,  40.6467,     232.
02049, -80.3818,  40.6866,     340.
02052, -80.3842,  40.6318,      69.
02055, -80.4600,  40.6758,      10.
02058, -80.3896,  40.6532,     427.
02061, -80.4017,  40.6361,     107.
02064, -80.4765,  40.6735,      15.
02067, -80.4534,  40.6774,      12.
02070, -80.4879,  40.6785,     228.
02073, -80.3853,  40.6941,     124.
02076, -80.3745,  40.6358,     126.
02079, -80.4066,  40.6220,     644.
02082, -80.3980,  40.7000,     181.
02085, -80.4178,  40.6816,     515.
02088, -80.3651,  40.6389,     362.
02091, -80.4066,  40.7258,     484.
02094, -80.3878,  40.7215,      70.
02097, -80.3931,  40.6351,      91.
02100, -80.4073,  40.7040,      82.
02103, -80.4738,  40.7091,       2.
02106, -80.4366,  40.6303,     477.
02109, -80.4075,  40.5954,     359.
02112, -80.4243,  40.6755,     276.
02115, -80.4062,  40.6845,     127.
02118, -80.4005,  40.6135,     126.
02121, -80.4134,  40.6735,     410.
02124, -80.3770,  40.6370,      27.
02127, -80.4012,  40.6475,     570.
02130, -80.4136,  40.6675,     395.
02133, -80.4459,  40.6465,     205.
02136, -80.4188,  40.6240,     597.
02139, -80.4168,  40.5832,     435.
02142, -80.4176,  40.6751,     246.
02145, -80.3835,  40.6519,      49.
02148, -80.4128,  40.6159,     234.
02151, -80.4202,  40.6263,      74.
02154, -80.4400,  40.6454,       9.
02157, -80.4422,  40.6489,     256.
02160, -80.3164,  40.6821,     360.
02163, -80.4263,  40.6458,     174.
02166, -80.4395,  40.6647,     128.
02169, -80.3825,  40.6319,      34.
02172, -80.4697,  40.6553,      13.
02175, -80.4724,  40.6796,     372.
02178, -80.3568,  40.6443,     379.
02181, -80.4130,  40.6588,     234.
02184, -80.4021,  40.7011,      71.
02187, -80.4399,  40.5835,      38.
02190, -80.4873,  40.6609,     307.
02193, -80.4564,  40.6367,     295.
02196, -80.4117,  40.6669,     255.
02199, -80.4527,  40.6859,     364.
02202, -80.3901,  40.6855,     309.
02205, -80.4664,  40.6760,     154.
02208, -80.4164,  40.6716,      61.
02211, -80.4310,  40.6807,     255.
02214, -80.4699,  40.7001,     103.
02217, -80.4476,  40.6242,     531.
02220, -80.4348,  40.6510,     361.
02223, -80.4437,  40.6713,      48.
02226, -80.4476,  40.6276,      64.
02229, -80.3798,  40.6807,      61.
02232, -80.4571,  40.7264,     434.
02235, -80.4127,  40.6808,     472.
02238, -80.3989,  40.6768,      76.
02241, -80.4344,  40.7219,     291.
02244, -80.4005,  40.6141,     311.
02247, -80.4408,  40.7497,     286.
02250, -80.4129,  40.7291,      92.
02253, -80.4111,  40.6332,     599.
02256, -80.4324,  40.7253,     104.
02259, -80.4615,  40.6508,     241.
02262, -80.4626,  40.5987,     612.
02265, -80.4919,  40.7146,     226.
02268, -80.4731,  40.6745,       0.
02271, -80.4598,  40.6531,     376.
02274, -80.4020,  40.6649,     501.
02277, -80.3516,  40.6618,      23.
02280, -80.4039,  40.6153,     265.
02283, -80.4501,  40.6853,     183.
02286, -80.4236,  40.6655,     420.
02289, -80.4593,  40.6640,      37.
02292, -80.3731,  40.6634,     832.
02295, -80.4339,  40.6583,     117.
02298, -80.4042,  40.7232,     162.
02301, -80.3826,  40.6763,     546.
02304, -80.4345,  40.6279,     315.
02307, -80.4153,  40.6811,       4.
02310, -80.4805,  40.7175,     444.
02313, -80.4806,  40.7184,     116.
02316, -80.4207,  40.6729,     237.
02319, -80.4121,  40.6660,     488.
02322, -80.4227,  40.7052,     337.
02325, -80.4268,  40.6781,     629.
02328, -80.4470,  40.7000,      32.
02331, -80.4048,  40.6733,     588.
02334, -80.4196,  40.6447,     451.
02337, -80.4299,  40.6735,     235.
02340, -80.4337,  40.6129,     541.
02343, -80.3686,  40.7240,     115.
02346, -80.4266,  40.6357,      45.
02349, -80.4115,  40.6808,     563.
02352, -80.4691,  40.6894,     620.
02355, -80.3907,  40.6568,     413.
02358, -80.4032,  40.7088,      47.
02361, -80.4670,  40.6510,      63.
02364, -80.4390,  40.6691,     219.
02367, -80.4012,  40.6271,     643.
02370, -80.4742,  40.7102,     354.
02373, -80.4008,  40.6770,     100.
02376, -80.4075,  40.6912,     114.
02379, -80.4126,  40.6938,      77.
02382, -80.4445,  40.6671,     536.
02385, -80.4707,  40.6497,     208.
02388, -80.3867,  40.7018,     114.
02391, -80.4084,  40.6782,     124.
02394, -80.4756,  40.6625,     409.
02397, -80.4624,  40.7239,      24.
02400, -80.4269,  40.7454,     436.
02403, -80.4249,  40.6830,     260.
02406, -80.4245,  40.7023,     338.
02409, -80.4422,  40.6977,     403.
02412, -80.4592,  40.7305,     162.
02415, -80.4533,  40.7190,     258.
02418, -80.3812,  40.7281,     206.
02421, -80.4393,  40.7194,     443.
02424, -80.4656,  40.7146,      66.
02427, -80.5001,  40.6968,     415.
02430, -80.4727,  40.7226,     361.
02433, -80.4403,  40.7010,     436.
02436, -80.4717,  40.6907,     189.
02439, -80.4400,  40.7156,      23.
02442, -80.4715,  40.7103,     111.
02445, -80.4436,  40.6966,     282.
02448, -80.4409,  40.7177,     428.
02451, -80.4314,  40.6750,     326.
02454, -80.4512,  40.6545,     224.
02457, -80.4552,  40.7451,      40.
02460, -80.4604,  40.6959,     215.
02463, -80.3881,  40.6779,     370.
02466, -80.4394,  40.7298,     133.
02469, -80.4604,  40.6821,     460.
02472, -80.4535,  40.6908,     277.
02475, -80.4104,  40.7030,      60.
02478, -80.3781,  40.7060,     488.
02481, -80.4485,  40.7238,     283.
02484, -80.4452,  40.6789,     180.
02487, -80.4335,  40.6667,      73.
02490, -80.4463,  40.7057,     250.
02493, -80.4631,  40.6812,     257.
02496, -80.4126,  40.7175,      52.
02499, -80.4197,  40.6812,     415.
02502, -80.4568,  40.6691,     786.
02505, -80.3864,  40.6655,     689.
02508, -80.4447,  40.7060,     216.
02511, -80.4323,  40.6875,      77.
02514, -80.4482,  40.6767,     175.
02517, -80.4520,  40.6643,     522.
02520, -80.4471,  40.7003,      13.
02523, -80.4308,  40.7137,     237.
02526, -80.3878,  40.6734,     258.
02529, -80.4271,  40.7025,      75.
02532, -80.4714,  40.6823,     281.
02535, -80.4109,  40.6712,     471.
02538, -80.4763,  40.7032,     283.
02541, -80.4469,  40.6811,     308.
02544, -80.4100,  40.7056,     243.
02547, -80.4929,  40.6719,      37.
02550, -80.4107,  40.6440,     118.
02553, -80.4384,  40.7146,      92.
02556, -80.4310,  40.6936,     148.
02559, -80.4241,  40.6934,     263.
02562, -80.4646,  40.7565,      53.
02565, -80.4382,  40.7090,     206.
02568, -80.3918,  40.7095,     485.
02571, -80.4673,  40.6903,     159.
02574, -80.4296,  40.7112,     126.
02577, -80.4340,  40.7471,      86.
02580, -80.4282,  40.7405,     252.
02583, -80.4554,  40.6964,     112.
02586, -80.4672,  40.6918,     428.
02589, -80.4519,  40.7610,     368.
02592, -80.4521,  40.7382,     357.
02595, -80.4882,  40.7129,     443.
02598, -80.4782,  40.7073,     284.
02601, -80.4694,  40.7496,     216.
02604, -80.4579,  40.7132,      41.
02607, -80.4743,  40.7500,      79.
02610, -80.4219,  40.7084,     566.
02613, -80.4834,  40.7431,     175.
02616, -80.4376,  40.6880,     610.
02619, -80.4524,  40.7671,      67.
02622, -80.4510,  40.7341,     213.
02625, -80.4940,  40.7333,      58.
02628, -80.4781,  40.7222,       2.
02631, -80.5043,  40.7416,     293.
02634, -80.4265,  40.7334,     119.
02637, -80.4280,  40.7163,     605.
02640, -80.4640,  40.7338,      14.
02643, -80.4564,  40.7225,     701.
02646, -80.4984,  40.6926,      83.
02649, -80.4541,  40.7081,     149.
02652, -80.4389,  40.6992,     350.
02655, -80.4775,  40.7199,     523.
02658, -80.4431,  40.7127,     611.
02661, -80.4498,  40.7332,     378.
02664, -80.4337,  40.6999,     111.
02667, -80.4028,  40.7417,     391.
02670, -80.4745,  40.7403,      98.
02673, -80.4639,  40.7136,     565.
02676, -80.3938,  40.7011,     221.
02679, -80.4201,  40.7293,      68.
02682, -80.4670,  40.7427,     286.
02685, -80.5049,  40.7481,     131.
02688, -80.4370,  40.6816,     271.
02691, -80.4586,  40.7414,     104.
02694, -80.4663,  40.7160,      22.
02697, -80.4231,  40.7342,     178.
02700, -80.4630,  40.7398,      63.
02703, -80.4543,  40.6787,     355.
02706, -80.4660,  40.7204,     227.
02709, -80.4326,  40.6799,     440.
02712, -80.4489,  40.6989,     284.
02715, -80.4451,  40.7092,     255.
02718, -80.4355,  40.6987,      72.
02721, -80.4816,  40.7194,      25.
02724, -80.4269,  40.7410,     473.
02727, -80.5049,  40.7367,     163.
02730, -80.4659,  40.6807,     431.
02733, -80.4279,  40.7040,     420.
02736, -80.4422,  40.6889,     631.
02739, -80.4614,  40.7080,     225.
02742, -80.4526,  40.7415,     335.
02745, -80.4790,  40.7489,      17.
02748, -80.4393,  40.7009,     472.
02751, -80.4892,  40.6848,     205.
02754, -80.4454,  40.7355,      69.
02757, -80.4635,  40.7087,     513.
02760, -80.4554,  40.7281,     158.
02763, -80.4926,  40.7724,      36.
02766, -80.4705,  40.7398,     240.
02769, -80.4609,  40.7340,      10.
02772, -80.5028,  40.7207,     401.
02775, -80.4704,  40.7466,     342.
02778, -80.4616,  40.7327,     135.
02781, -80.4645,  40.7465,      47.
02784, -80.4769,  40.7794,     296.
02787, -80.4810,  40.7336,     337.
02790, -80.4588,  40.7306,     266.
02793, -80.4383,  40.7254,     462.
02796, -80.4501,  40.7654,      69.
02799, -80.4756,  40.7487,     441.
02802, -80.4584,  40.7571,     225.
02805, -80.4659,  40.7374,     369.
02808, -80.4857,  40.7599,     499.
02811, -80.4333,  40.7473,      81.
02814, -80.4871,  40.7557,     242.
02817, -80.4684,  40.7707,     123.
02820, -80.4959,  40.7226,     496.
02823, -80.4780,  40.7373,     148.
02826, -80.4819,  40.7281,     362.
02829, -80.4604,  40.7648,      74.
02832, -80.4784,  40.7449,      39.
02835, -80.4432,  40.6988,     417.
02838, -80.4474,  40.7516,     225.
02841, -80.4688,  40.7629,      84.
02844, -80.4394,  40.7267,     145.
02847, -80.4878,  40.7528,     159.
02850, -80.4716,  40.7410,     157.
02853, -80.4453,  40.7656,     145.
02856, -80.4693,  40.7533,     225.
02859, -80.4365,  40.7492,     143.
02862, -80.4938,  40.7545,     211.
02865, -80.4783,  40.7590,     308.
02868, -80.4831,  40.7400,     145.
02871, -80.4717,  40.7378,     147.
02874, -80.4407,  40.7666,      30.
02877, -80.4662,  40.7336,      72.
02880, -80.4881,  40.7673,      56.
02883, -80.4644,  40.7430,     236.
02886, -80.4651,  40.7380,     246.
02889, -80.4247,  40.7272,     251.
02892, -80.4831,  40.7488,     414.
02895, -80.4790,  40.7671,       6.
02898, -80.4664,  40.7708,     202.
02901, -80.4368,  40.7070,     436.
02904, -80.4601,  40.7628,     140.
02907, -80.4773,  40.7213,     288.
02910, -80.4955,  40.7413,     169.
02913, -80.4508,  40.7353,     349.
02916, -80.4740,  40.7503,     145.
02919, -80.4698,  40.7384,     442.
02922, -80.4956,  40.7441,     319.
02925, -80.4362,  40.7312,     473.
02928, -80.4761,  40.6947,     306.
02931, -80.4568,  40.7118,     210.
02934, -80.4588,  40.7397,      32.
02937, -80.4673,  40.7610,     102.
02940, -80.4671,  40.7385,     314.
02943, -80.4951,  40.7271,     478.
02946, -80.4665,  40.7474,      46.
02949, -80.5013,  40.7672,     386.
02952, -80.4578,  40.7272,     366.
02955, -80.4813,  40.7894,     110.
02958, -80.4765,  40.7590,     241.
02961, -80.4617,  40.7673,     248.
02964, -80.4742,  40.7813,     159.
02967, -80.4794,  40.7806,     218.
02970, -80.4980,  40.7811,     197.
02973, -80.4809,  40.7892,      32.
02976, -80.4658,  40.7866,     126.
02979, -80.4948,  40.7625,     183.
02982, -80.5012,  40.7686,      15.
02985, -80.4606,  40.7601,     151.
02988, -80.4763,  40.7742,     220.
02991, -80.4957,  40.7451,     143.
02994, -80.4852,  40.7805,     297.
02997, -80.4960,  40.7403,      57.
03000, -80.4829,  40.7575,      52.
03003, -80.4989,  40.7717,       5.
03006, -80.4812,  40.7591,      78.
03009, -80.4821,  40.7555,     181.
03012, -80.4816,  40.7587,     241.
03015, -80.4602,  40.7573,      51.
03018, -80.5058,  40.7579,     268.
03021, -80.4848,  40.7988,     153.
03024, -80.4869,  40.7643,     123.
03027, -80.4966,  40.7690,      35.
03030, -80.4513,  40.7350,     243.
03033, -80.4798,  40.7453,     160.
03036, -80.4947,  40.7581,     210.
03039, -80.4878,  40.7726,     177.
03042, -80.4755,  40.7762,     156.
03045, -80.4749,  40.7741,     212.
03048, -80.5053,  40.7801,     142.
03051, -80.4883,  40.7812,     180.
03054, -80.4636,  40.7485,     347.
03057, -80.4479,  40.7581,     358.
03060, -80.4850,  40.7388,      95.
03063, -80.4977,  40.7590,     160.
03066, -80.4814,  40.7638,     170.
03069, -80.4709,  40.7583,     156.
03072, -80.4772,  40.7485,     164.
03075, -80.4853,  40.7394,     372.
03078, -80.4791,  40.7747,     332.
03081, -80.4750,  40.7537,      17.
03084, -80.4819,  40.7674,     143.
03087, -80.4638,  40.7479,      99.
03090, -80.4854,  40.7539,      62.
03093, -80.4704,  40.7713,     176.
03096, -80.4720,  40.7776,     186.
03099, -80.4785,  40.7599,     228.
03102, -80.4843,  40.7635,     389.
03105, -80.4708,  40.7517,     210.
03108, -80.4865,  40.7581,     239.
03111, -80.4944,  40.7586,     131.
03114, -80.4511,  40.7347,     479.
03117, -80.4808,  40.7641,     238.
03120, -80.4892,  40.7822,     446.
03123, -80.4554,  40.7530,      28.
03126, -80.4914,  40.7383,     244.
03129, -80.4968,  40.7773,      92.
03132, -80.4951,  40.7931,      67.
03135, -80.5122,  40.7858,      99.
03138, -80.4926,  40.7876,      74.
03141, -80.4978,  40.7884,     153.
03144, -80.4957,  40.7761,      59.
03147, -80.4920,  40.7867,     241.
03150, -80.4775,  40.7879,      39.
03153, -80.4957,  40.7702,     297.
03156, -80.5172,  40.8033,      72.
03159, -80.4998,  40.7735,     262.
03162, -80.5070,  40.8035,     151.
03165, -80.4940,  40.7625,     641.
03168, -80.4754,  40.7865,     264.
03171, -80.4841,  40.7950,       5.
03174, -80.4675,  40.7963,     320.
03177, -80.4911,  40.7764,      40.
03180, -80.4971,  40.8015,     169.
03183, -80.4980,  40.7899,     140.
03186, -80.4777,  40.8006,     318.
03189, -80.4855,  40.7826,      28.
03192, -80.5001,  40.7925,      68.
03195, -80.5032,  40.8016,     125.
03198, -80.4868,  40.7720,      81.
03201, -80.4810,  40.7824,     126.
03204, -80.4793,  40.7770,     209.
03207, -80.5007,  40.7773,     119.
03210, -80.4939,  40.7968,     259.
03213, -80.5058,  40.7781,     344.
03216, -80.4939,  40.7851,      23.
03219, -80.5053,  40.7854,     345.
03222, -80.4730,  40.7864,      98.
03225, -80.4790,  40.7761,     383.
03228, -80.4951,  40.7891,     104.
03231, -80.5059,  40.8010,     280.
03234, -80.4924,  40.7882,     151.
03237, -80.5050,  40.7783,     421.
03240, -80.5053,  40.7630,      71.
03243, -80.4914,  40.7857,      85.
03246, -80.4848,  40.7861,     122.
03249, -80.4888,  40.7682,     521.
03252, -80.4920,  40.7717,     205.
03255, -80.4921,  40.7613,     100.
03258, -80.4921,  40.7973,     102.
03261, -80.4859,  40.7872,      31.
03264, -80.4904,  40.7704,     332.
03267, -80.4816,  40.7631,      47.
03270, -80.4919,  40.7759,     251.
03273, -80.4995,  40.7906,     156.
03276, -80.4957,  40.7955,       8.
03279, -80.4599,  40.7755,     196.
03282, -80.4718,  40.7848,     100.
03285, -80.5027,  40.7630,     284.
03288, -80.4953,  40.7818,     247.
03291, -80.4807,  40.7704,     375.
03294, -80.4803,  40.7929,     354.
03297, -80.5095,  40.7882,      87.
03300, -80.4850,  40.7676,     279.
03303, -80.4827,  40.7732,      89.
03306, -80.4754,  40.7918,     101.
03309, -80.4828,  40.7754,     235.
03312, -80.4829,  40.7814,     465.
03315, -80.5038,  40.8042,     120.
03318, -80.4901,  40.8142,     242.
03321, -80.4974,  40.8011,     405.
03324, -80.5046,  40.8097,      34.
03327, -80.4935,  40.8010,     162.
03330, -80.4948,  40.8047,      94.
03333, -80.5121,  40.8052,      21.
03336, -80.5070,  40.7968,     451.
03339, -80.5137,  40.8041,      32.
03342, -80.5059,  40.7976,     116.
03345, -80.4838,  40.8065,     278.
03348, -80.4958,  40.8061,     433.
03351, -80.5097,  40.8058,      62.
03354, -80.5019,  40.8028,      63.
03357, -80.5009,  40.8014,      38.
03360, -80.5077,  40.8092,      71.
03363, -80.5098,  40.8127,     128.
03366, -80.4962,  40.7977,     194.
03369, -80.4949,  40.7960,     176.
03372, -80.5085,  40.8033,     133.
03375, -80.5077,  40.8029,     415.
03378, -80.5101,  40.7961,     166.
03381, -80.4993,  40.8020,      74.
03384, -80.4939,  40.8058,       9.
03387, -80.4928,  40.7998,     467.
03390, -80.4895,  40.8062,     296.
03393, -80.4993,  40.8015,      20.
03396, -80.4996,  40.8139,     264.
03399, -80.5019,  40.8024,     277.
03402, -80.4894,  40.8028,      21.
03405, -80.5114,  40.8076,      29.
03408, -80.5049,  40.8042,      51.
03411, -80.5008,  40.8067,     150.
03414, -80.5092,  40.8052,      66.
03417, -80.5028,  40.8068,     130.
03420, -80.4911,  40.8115,     237.
03423, -80.5092,  40.8018,       0.
03426, -80.5073,  40.7919,      88.
03429, -80.5066,  40.7941,     191.
03432, -80.5010,  40.8045,     277.
03435, -80.4968,  40.8168,     135.
03438, -80.5074,  40.7987,      57.
03441, -80.5134,  40.7978,      21.
03444, -80.5007,  40.8016,      37.
03447, -80.4988,  40.7991,     200.
03450, -80.4954,  40.7954,     227.
03453, -80.5041,  40.8015,       8.
03456, -80.4915,  40.8023,      90.
03459, -80.5162,  40.8013,     178.
03462, -80.5023,  40.7994,     187.
03465, -80.4992,  40.8084,     142.
03468, -80.4987,  40.7934,     180.
03471, -80.4875,  40.7959,     338.
03474, -80.5032,  40.8055,     182.
03477, -80.4976,  40.8104,      56.
03480, -80.5032,  40.7942,     216.
03483, -80.4948,  40.8072,     128.
03486, -80.5052,  40.8014,     160.
03489, -80.4958,  40.7899,     498.
03492, -80.5006,  40.8046,      74.
03495, -80.5081,  40.7957,     200.
03498, -80.5154,  40.8216,     133.
03501, -80.5217,  40.8241,      85.
03504, -80.5166,  40.8219,      99.
03507, -80.5154,  40.8201,     129.
03510, -80.5165,  40.8211,     202.
03513, -80.5111,  40.8246,     220.
03516, -80.5163,  40.8263,     304.
03519, -80.5158,  40.8218,      27.
03522, -80.5155,  40.8232,     130.
03525, -80.5158,  40.8194,      62.
03528, -80.5176,  40.8221,      55.
03531, -80.5108,  40.8254,      28.
03534, -80.5160,  40.8186,      25.
03537, -80.5119,  40.8201,      88.
03540, -80.5187,  40.8208,      66.
03543, -80.5210,  40.8255,       6.
03546, -80.5145,  40.8212,     117.
03549, -80.5178,  40.8206,     100.
03552, -80.5168,  40.8219,      50.
03555, -80.5182,  40.8223,       6.
03558, -80.5110,  40.8170,      20.
03561, -80.5147,  40.8175,     162.
03564, -80.5152,  40.8237,     146.
03567, -80.5126,  40.8281,     378.
03570, -80.5143,  40.8188,     110.
03573, -80.5186,  40.8163,     113.
03576, -80.5167,  40.8251,     188.
03579, -80.5159,  40.8284,      85.
03582, -80.5166,  40.8241,      53.
03585, -80.5115,  40.8228,       2.
03588, -80.5094,  40.8204,      25.
03591, -80.5134,  40.8243,       7.
03594, -80.5136,  40.8213,      21.
03597, -80.5146,  40.8203,       4.
03600, -80.5125,  40.8254,      17.
03603, -80.5136,  40.8178,      80.
03606, -80.5116,  40.8209,     169.
03609, -80.5119,  40.8254,      48.
03612, -80.5172,  40.8206,     173.
03615, -80.5110,  40.8180,      49.
03618, -80.5214,  40.8203,      41.
03621, -80.5127,  40.8210,     111.
03624, -80.5130,  40.8159,     183.
03627, -80.5143,  40.8219,      13.
03630, -80.5100,  40.8220,      32.
03633, -80.5185,  40.8200,     222.
03636, -80.5092,  40.8169,     163.
03639, -80.5102,  40.8179,     149.
03642, -80.5132,  40.8181,     192.
03645, -80.5181,  40.8186,     201.
03648, -80.5141,  40.8210,      66.
03651, -80.5151,  40.8220,      24.
03654, -80.5090,  40.8217,     107.
03657, -80.5150,  40.8197,     214.
03660, -80.5151,  40.8214,      28.
03663, -80.5124,  40.8162,     192.
03666, -80.5114,  40.8241,      97.
03669, -80.5040,  40.8230,     166.
03672, -80.5135,  40.8197,      34.
03675, -80.5150,  40.8198,     242.
03678, -80.5182,  40.8211,      34.
END
