 -15.00000, -71.77505,  43.77919
 -71.79862,  43.79785
 -71.81931,  43.80494
 -71.82776,  43.81327
 -71.85791,  43.82136
 -71.88861,  43.82553
 -71.90454,  43.83361
 -71.90627,  43.85629
 -71.88257,  43.86961
 -71.87686,  43.87675
 -71.86102,  43.89818
 -71.84943,  43.91991
 -71.84274,  43.93150
 -71.83776,  43.94164
 -71.82932,  43.96359
 -71.83337,  43.98644
 -71.82439,  44.00836
 -71.82977,  44.02536
 -71.83077,  44.03137
 -71.82778,  44.03973
 -71.82175,  44.05328
 -71.81882,  44.07563
 -71.81906,  44.09821
 -71.79723,  44.11920
 -71.78365,  44.13131
 -71.75178,  44.13448
 -71.73734,  44.13744
 -71.71910,  44.14332
 -71.68764,  44.14350
 -71.65729,  44.13588
 -71.64994,  44.13110
 -71.62868,  44.11597
 -71.61894,  44.10627
 -71.60751,  44.08288
 -71.60610,  44.06021
 -71.60545,  44.05826
 -71.60034,  44.03722
 -71.60265,  44.01483
 -71.60200,  43.99222
 -71.60442,  43.96984
 -71.61175,  43.94781
 -71.61386,  43.92540
 -71.62547,  43.90368
 -71.62795,  43.89955
 -71.63806,  43.88204
 -71.63935,  43.85957
 -71.64568,  43.83746
 -71.65141,  43.81532
 -71.66454,  43.79371
 -71.67491,  43.78830
 -71.70722,  43.78078
 -71.73845,  43.78101
 -71.75667,  43.77785
 -71.77018,  43.77754
 -71.77505,  43.77919
END
 -15.00000, -71.37023,  43.77180
 -71.38231,  43.79529
 -71.39024,  43.81100
 -71.39185,  43.81858
 -71.39561,  43.84144
 -71.38283,  43.86204
 -71.38163,  43.86296
 -71.37794,  43.88525
 -71.34621,  43.89851
 -71.32883,  43.90411
 -71.31366,  43.90682
 -71.29408,  43.90147
 -71.28397,  43.89561
 -71.25545,  43.87659
 -71.25482,  43.87589
 -71.24194,  43.85233
 -71.23985,  43.82959
 -71.24435,  43.80735
 -71.25411,  43.78553
 -71.27133,  43.76853
 -71.27898,  43.76485
 -71.30470,  43.75415
 -71.33592,  43.75440
 -71.36533,  43.76716
 -71.37023,  43.77180
END
 -15.00000, -71.36176,  44.40308
 -71.36626,  44.40622
 -71.38325,  44.42725
 -71.37704,  44.44934
 -71.35790,  44.46315
 -71.34332,  44.46938
 -71.32774,  44.49077
 -71.32194,  44.49261
 -71.31789,  44.49003
 -71.30988,  44.46687
 -71.29631,  44.45213
 -71.26806,  44.44114
 -71.29234,  44.42042
 -71.29950,  44.39839
 -71.30555,  44.38964
 -71.33837,  44.38117
 -71.36176,  44.40308
END
 -15.00000, -73.59035,  44.57203
 -73.61168,  44.59574
 -73.61552,  44.60246
 -73.63090,  44.61933
 -73.63734,  44.64219
 -73.63894,  44.66478
 -73.63985,  44.66829
 -73.64829,  44.68781
 -73.66605,  44.71129
 -73.66669,  44.71176
 -73.69496,  44.73540
 -73.69572,  44.73567
 -73.72711,  44.73830
 -73.75783,  44.74704
 -73.78268,  44.76272
 -73.78748,  44.76567
 -73.80081,  44.78621
 -73.80529,  44.80895
 -73.80296,  44.83131
 -73.80412,  44.85387
 -73.79865,  44.87606
 -73.79571,  44.89839
 -73.78884,  44.92051
 -73.77661,  44.94233
 -73.76646,  44.96427
 -73.76576,  44.96524
 -73.74308,  44.98548
 -73.73415,  45.00748
 -73.73067,  45.02977
 -73.72569,  45.04070
 -73.71924,  45.05163
 -73.72289,  45.06612
 -73.72324,  45.07434
 -73.71990,  45.09324
 -73.71904,  45.09660
 -73.70424,  45.11827
 -73.70163,  45.14061
 -73.70589,  45.16333
 -73.70321,  45.18567
 -73.70740,  45.20647
 -73.70824,  45.20844
 -73.70538,  45.23076
 -73.71822,  45.25394
 -73.73029,  45.27709
 -73.73145,  45.27780
 -73.76219,  45.28875
 -73.79142,  45.30289
 -73.79256,  45.30323
 -73.82285,  45.31853
 -73.83390,  45.32766
 -73.84861,  45.35093
 -73.85091,  45.35454
 -73.86980,  45.37454
 -73.87755,  45.39742
 -73.87801,  45.39967
 -73.90770,  45.42119
 -73.90809,  45.42152
 -73.93314,  45.44532
 -73.93661,  45.45016
 -73.94796,  45.46858
 -73.95810,  45.49158
 -73.96378,  45.49571
 -73.97742,  45.51506
 -73.99178,  45.53370
 -73.99393,  45.53839
 -73.99932,  45.56115
 -74.00395,  45.58385
 -74.00762,  45.60651
 -74.00452,  45.62881
 -74.00510,  45.65130
 -74.00019,  45.67351
 -73.99601,  45.69575
 -73.98584,  45.71769
 -73.97034,  45.73419
 -73.95950,  45.73877
 -73.93705,  45.74445
 -73.90336,  45.75827
 -73.86941,  45.77440
 -73.86434,  45.77867
 -73.85957,  45.80089
 -73.84627,  45.82264
 -73.84274,  45.84491
 -73.83451,  45.86693
 -73.83375,  45.88935
 -73.82785,  45.91149
 -73.82126,  45.91955
 -73.80609,  45.93279
 -73.78612,  45.94535
 -73.75835,  45.95268
 -73.75284,  45.95421
 -73.71976,  45.96105
 -73.68736,  45.96194
 -73.65424,  45.96907
 -73.65128,  45.96934
 -73.62144,  45.97344
 -73.58969,  45.96840
 -73.56301,  45.96449
 -73.55791,  45.96380
 -73.52593,  45.96088
 -73.51773,  45.96198
 -73.49271,  45.96869
 -73.45939,  45.97736
 -73.45341,  45.98083
 -73.44218,  46.00266
 -73.43354,  46.02465
 -73.42957,  46.04688
 -73.42802,  46.06925
 -73.42403,  46.09149
 -73.42303,  46.11389
 -73.41743,  46.13603
 -73.40686,  46.14988
 -73.39772,  46.15737
 -73.37230,  46.16800
 -73.33903,  46.17512
 -73.33477,  46.17627
 -73.30458,  46.19203
 -73.30039,  46.19675
 -73.29533,  46.21893
 -73.27866,  46.24043
 -73.29696,  46.25588
 -73.30220,  46.26423
 -73.31680,  46.28751
 -73.32483,  46.29456
 -73.35609,  46.28974
 -73.35799,  46.28894
 -73.36080,  46.29001
 -73.38915,  46.30018
 -73.40478,  46.31495
 -73.41367,  46.33790
 -73.41678,  46.34158
 -73.42969,  46.36125
 -73.43534,  46.38402
 -73.43926,  46.40668
 -73.44087,  46.41340
 -73.44410,  46.42940
 -73.44146,  46.45169
 -73.43829,  46.47396
 -73.43557,  46.49625
 -73.43027,  46.50354
 -73.41800,  46.51771
 -73.39774,  46.53902
 -73.39320,  46.54116
 -73.35950,  46.55931
 -73.35835,  46.55979
 -73.32516,  46.56441
 -73.29291,  46.56119
 -73.26113,  46.55404
 -73.26015,  46.55367
 -73.23097,  46.53360
 -73.21238,  46.52850
 -73.19946,  46.52441
 -73.16915,  46.50551
 -73.16420,  46.50326
 -73.13944,  46.48182
 -73.10723,  46.47864
 -73.09222,  46.49907
 -73.07031,  46.51352
 -73.06372,  46.51985
 -73.04695,  46.54131
 -73.03346,  46.54745
 -73.01044,  46.56161
 -72.99645,  46.58232
 -72.99546,  46.58317
 -72.98286,  46.60487
 -72.98686,  46.62756
 -72.97442,  46.64927
 -72.95411,  46.67051
 -72.95256,  46.67145
 -72.92657,  46.69131
 -72.91689,  46.69476
 -72.89960,  46.68970
 -72.88601,  46.68027
 -72.85367,  46.67731
 -72.82968,  46.68550
 -72.81921,  46.69089
 -72.78481,  46.70387
 -72.77978,  46.70493
 -72.75117,  46.71087
 -72.71796,  46.71446
 -72.68543,  46.71278
 -72.65402,  46.70264
 -72.64819,  46.69687
 -72.63710,  46.67373
 -72.63148,  46.65093
 -72.63374,  46.62861
 -72.63241,  46.61811
 -72.62791,  46.60579
 -72.63680,  46.58389
 -72.62662,  46.56079
 -72.62567,  46.53828
 -72.62497,  46.51577
 -72.62354,  46.49324
 -72.62558,  46.47089
 -72.62682,  46.44851
 -72.62630,  46.42601
 -72.62815,  46.40367
 -72.63561,  46.38167
 -72.63357,  46.36050
 -72.63320,  46.35905
 -72.63390,  46.35794
 -72.64136,  46.33710
 -72.63819,  46.32515
 -72.63428,  46.31419
 -72.63570,  46.29181
 -72.63356,  46.26920
 -72.63211,  46.24664
 -72.63337,  46.22425
 -72.63676,  46.20198
 -72.63551,  46.17944
 -72.63857,  46.15715
 -72.64433,  46.13505
 -72.64266,  46.11246
 -72.64549,  46.09016
 -72.64202,  46.06747
 -72.64326,  46.04507
 -72.64346,  46.03557
 -72.64333,  46.02260
 -72.64641,  46.00031
 -72.64874,  45.99495
 -72.65727,  45.97852
 -72.68572,  45.95905
 -72.68965,  45.95805
 -72.71902,  45.95150
 -72.74374,  45.93893
 -72.75348,  45.93492
 -72.78754,  45.92131
 -72.78945,  45.91928
 -72.82140,  45.89876
 -72.82404,  45.87645
 -72.82630,  45.87033
 -72.83207,  45.85446
 -72.84138,  45.83255
 -72.84626,  45.81037
 -72.85300,  45.78830
 -72.87143,  45.76819
 -72.87431,  45.76712
 -72.90522,  45.75568
 -72.93510,  45.74833
 -72.93846,  45.74746
 -72.96767,  45.72782
 -72.97363,  45.72366
 -72.99388,  45.70691
 -73.00479,  45.68509
 -73.01237,  45.67050
 -73.01597,  45.66328
 -73.01577,  45.64283
 -73.01579,  45.64078
 -73.01615,  45.63972
 -73.02357,  45.61876
 -73.02560,  45.59640
 -73.02505,  45.57388
 -73.03741,  45.55214
 -73.04430,  45.53007
 -73.04804,  45.50780
 -73.05112,  45.48550
 -73.05421,  45.46320
 -73.05565,  45.44079
 -73.05602,  45.41833
 -73.06114,  45.39614
 -73.06670,  45.37398
 -73.08044,  45.35231
 -73.08372,  45.34880
 -73.10879,  45.33152
 -73.11809,  45.32909
 -73.15104,  45.32114
 -73.16003,  45.31207
 -73.18592,  45.29692
 -73.19225,  45.29148
 -73.20026,  45.26947
 -73.20711,  45.24738
 -73.21152,  45.22514
 -73.21481,  45.20285
 -73.22701,  45.18107
 -73.23230,  45.17540
 -73.25343,  45.16012
 -73.26675,  45.15374
 -73.29465,  45.14004
 -73.30058,  45.13736
 -73.33226,  45.13910
 -73.36504,  45.13136
 -73.39751,  45.12631
 -73.40552,  45.12396
 -73.43103,  45.11200
 -73.44939,  45.10398
 -73.46552,  45.08916
 -73.49722,  45.09054
 -73.52898,  45.09137
 -73.54420,  45.08687
 -73.56278,  45.07411
 -73.58181,  45.06649
 -73.59714,  45.05173
 -73.60460,  45.04527
 -73.61177,  45.02319
 -73.60647,  45.00040
 -73.60369,  44.99320
 -73.60059,  44.97758
 -73.60651,  44.95542
 -73.59917,  44.93252
 -73.57990,  44.92179
 -73.54848,  44.91872
 -73.51771,  44.90992
 -73.51089,  44.90504
 -73.49229,  44.88148
 -73.48970,  44.87685
 -73.48409,  44.85852
 -73.46263,  44.83575
 -73.46236,  44.83478
 -73.46291,  44.83335
 -73.48183,  44.81339
 -73.47176,  44.79032
 -73.48540,  44.76860
 -73.47722,  44.74562
 -73.47366,  44.73879
 -73.47151,  44.72280
 -73.45911,  44.69958
 -73.45181,  44.67667
 -73.44982,  44.66992
 -73.44777,  44.65393
 -73.44405,  44.63121
 -73.45284,  44.60921
 -73.45549,  44.58685
 -73.45969,  44.58301
 -73.49304,  44.56752
 -73.49480,  44.56660
 -73.52557,  44.55914
 -73.55658,  44.56429
 -73.58743,  44.57094
 -73.59035,  44.57203
END
 -15.00000, -71.98204,  44.98885
 -71.98408,  45.01152
 -71.99232,  45.03462
 -71.99039,  45.05701
 -71.97596,  45.07854
 -71.96639,  45.09412
 -71.96143,  45.10007
 -71.93262,  45.10743
 -71.90138,  45.10261
 -71.87528,  45.09408
 -71.87109,  45.09101
 -71.86478,  45.07081
 -71.85578,  45.04765
 -71.85529,  45.02509
 -71.86519,  45.00325
 -71.88463,  44.98207
 -71.88657,  44.98045
 -71.92083,  44.96320
 -71.95158,  44.97110
 -71.98116,  44.98745
 -71.98204,  44.98885
END
 -15.00000, -74.56097,  45.38708
 -74.56722,  45.40984
 -74.58011,  45.41877
 -74.58665,  45.43322
 -74.57681,  45.45294
 -74.57313,  45.45503
 -74.55627,  45.47669
 -74.54125,  45.48920
 -74.50867,  45.49479
 -74.48657,  45.47334
 -74.47930,  45.46762
 -74.46599,  45.44987
 -74.46236,  45.42724
 -74.47524,  45.40541
 -74.48654,  45.39408
 -74.49544,  45.38392
 -74.52098,  45.36893
 -74.55173,  45.38148
 -74.56097,  45.38708
END
 -15.00000, -72.39288,  45.78178
 -72.40250,  45.80490
 -72.40669,  45.82766
 -72.40720,  45.85018
 -72.39994,  45.87220
 -72.39036,  45.89407
 -72.36871,  45.91124
 -72.35654,  45.91436
 -72.33518,  45.92022
 -72.30330,  45.91692
 -72.29639,  45.91043
 -72.27393,  45.89515
 -72.26701,  45.88602
 -72.25829,  45.86295
 -72.25191,  45.84004
 -72.25533,  45.81777
 -72.26278,  45.79576
 -72.28178,  45.77452
 -72.29104,  45.76875
 -72.32470,  45.75822
 -72.35619,  45.76381
 -72.38686,  45.77569
 -72.39288,  45.78178
END
 -15.00000, -74.38789,  45.96251
 -74.39677,  45.97327
 -74.40569,  45.98581
 -74.41032,  46.00849
 -74.41702,  46.03125
 -74.41874,  46.05378
 -74.40697,  46.07565
 -74.39821,  46.09766
 -74.38328,  46.10688
 -74.35357,  46.11793
 -74.34966,  46.11917
 -74.31700,  46.12194
 -74.28471,  46.12118
 -74.25253,  46.11927
 -74.23538,  46.11209
 -74.22143,  46.10694
 -74.18960,  46.10177
 -74.15696,  46.10432
 -74.14141,  46.10737
 -74.12411,  46.10895
 -74.11677,  46.10613
 -74.09359,  46.09142
 -74.08070,  46.08184
 -74.07372,  46.05904
 -74.06535,  46.05268
 -74.05850,  46.03581
 -74.06928,  46.01563
 -74.07166,  46.01403
 -74.07822,  45.99193
 -74.09402,  45.97028
 -74.10689,  45.96567
 -74.13977,  45.96011
 -74.17180,  45.96261
 -74.20433,  45.96033
 -74.22613,  45.95451
 -74.23741,  45.95275
 -74.27035,  45.94645
 -74.30271,  45.94560
 -74.33553,  45.94034
 -74.36677,  45.95060
 -74.38789,  45.96251
END
 -15.00000, -75.55412,  46.19328
 -75.57195,  46.20889
 -75.57700,  46.21659
 -75.57877,  46.23908
 -75.56831,  46.26108
 -75.56761,  46.26192
 -75.54588,  46.28262
 -75.53284,  46.29038
 -75.50084,  46.28520
 -75.49109,  46.28045
 -75.47100,  46.25724
 -75.47075,  46.25711
 -75.45698,  46.23426
 -75.46278,  46.21208
 -75.47569,  46.19793
 -75.48470,  46.19054
 -75.51000,  46.17461
 -75.54173,  46.18250
 -75.55412,  46.19328
END
 -15.00000, -72.52757,  46.77916
 -72.54382,  46.79259
 -72.54805,  46.80289
 -72.57291,  46.82046
 -72.57638,  46.82711
 -72.57112,  46.84923
 -72.56876,  46.85164
 -72.53483,  46.85999
 -72.50397,  46.84529
 -72.50323,  46.84499
 -72.49161,  46.82180
 -72.50546,  46.80023
 -72.50928,  46.77802
 -72.51346,  46.77450
 -72.52757,  46.77916
END
 -15.00000, -73.96346,  46.95062
 -73.96815,  46.95207
 -73.99344,  46.97456
 -73.99773,  46.98184
 -74.00462,  46.99755
 -74.00839,  47.02014
 -74.01201,  47.04274
 -74.01474,  47.06528
 -74.00684,  47.08729
 -74.00423,  47.10956
 -73.99049,  47.13127
 -73.97909,  47.15175
 -73.97683,  47.15298
 -73.94430,  47.16846
 -73.91162,  47.16596
 -73.88052,  47.14941
 -73.87953,  47.14799
 -73.85869,  47.12450
 -73.85097,  47.11916
 -73.83813,  47.10102
 -73.82990,  47.07819
 -73.82401,  47.06614
 -73.81591,  47.05505
 -73.82274,  47.03299
 -73.81667,  47.01026
 -73.83174,  46.98864
 -73.83405,  46.97667
 -73.83572,  46.96643
 -73.87019,  46.94724
 -73.87405,  46.94601
 -73.90437,  46.93508
 -73.93681,  46.93847
 -73.96346,  46.95062
END
 -15.00000, -74.31883,  47.37145
 -74.33915,  47.39481
 -74.34740,  47.41129
 -74.34995,  47.41771
 -74.36537,  47.44083
 -74.34346,  47.44902
 -74.32492,  47.46128
 -74.30704,  47.48071
 -74.27604,  47.46065
 -74.27309,  47.45879
 -74.25453,  47.43550
 -74.26255,  47.41351
 -74.28275,  47.39705
 -74.28904,  47.39240
 -74.31792,  47.37141
 -74.31852,  47.37129
 -74.31883,  47.37145
END
 -15.00000, -73.33340,  47.38754
 -73.35490,  47.40929
 -73.35664,  47.41124
 -73.38539,  47.43089
 -73.38778,  47.43536
 -73.38223,  47.45712
 -73.38202,  47.45745
 -73.38214,  47.45780
 -73.38465,  47.47999
 -73.38931,  47.50266
 -73.40838,  47.51512
 -73.44049,  47.52388
 -73.47381,  47.52260
 -73.50609,  47.53003
 -73.53895,  47.53268
 -73.57211,  47.53270
 -73.58942,  47.53592
 -73.60442,  47.53998
 -73.62891,  47.56042
 -73.63472,  47.56462
 -73.66460,  47.58470
 -73.66546,  47.58564
 -73.66774,  47.58487
 -73.69930,  47.58008
 -73.73233,  47.58144
 -73.74107,  47.58873
 -73.75047,  47.61161
 -73.76072,  47.62333
 -73.76376,  47.63469
 -73.75747,  47.65161
 -73.75317,  47.65652
 -73.73597,  47.67800
 -73.71928,  47.69463
 -73.68769,  47.68021
 -73.65406,  47.68354
 -73.63719,  47.69519
 -73.61858,  47.70255
 -73.58408,  47.71300
 -73.57841,  47.71445
 -73.54940,  47.72493
 -73.51645,  47.72220
 -73.48360,  47.71856
 -73.45161,  47.70796
 -73.45080,  47.70756
 -73.42101,  47.68573
 -73.39971,  47.68238
 -73.38848,  47.67974
 -73.35535,  47.67879
 -73.35088,  47.67970
 -73.32160,  47.68277
 -73.31521,  47.67772
 -73.29163,  47.65594
 -73.28950,  47.65390
 -73.26424,  47.63009
 -73.28378,  47.60879
 -73.28139,  47.58626
 -73.29467,  47.56460
 -73.29911,  47.54245
 -73.29758,  47.51997
 -73.28890,  47.49708
 -73.28596,  47.47451
 -73.28172,  47.46622
 -73.27811,  47.45166
 -73.28173,  47.42947
 -73.28716,  47.42172
 -73.30878,  47.40857
 -73.31994,  47.38679
 -73.32490,  47.38374
 -73.33340,  47.38754
END
 -15.00000, -70.79056,  47.78209
 -70.80446,  47.80001
 -70.81012,  47.80600
 -70.82264,  47.82938
 -70.82367,  47.85191
 -70.82778,  47.86102
 -70.83343,  47.87508
 -70.84366,  47.89828
 -70.85321,  47.90960
 -70.87769,  47.92326
 -70.88375,  47.92743
 -70.91587,  47.93577
 -70.94778,  47.94540
 -70.95749,  47.95157
 -70.97842,  47.96292
 -70.98890,  47.97631
 -70.99268,  47.99902
 -70.99853,  48.02188
 -70.99949,  48.03920
 -70.99982,  48.04441
 -70.99712,  48.06664
 -70.99495,  48.08891
 -70.98976,  48.09872
 -70.98080,  48.11030
 -70.96554,  48.13161
 -70.94924,  48.14095
 -70.92417,  48.15101
 -70.91339,  48.15456
 -70.87926,  48.15768
 -70.84801,  48.16783
 -70.84360,  48.16992
 -70.80936,  48.17361
 -70.77626,  48.17040
 -70.74269,  48.17002
 -70.70924,  48.16898
 -70.67564,  48.16875
 -70.65347,  48.17573
 -70.63830,  48.19056
 -70.62750,  48.19620
 -70.61419,  48.21762
 -70.60548,  48.23940
 -70.59339,  48.25650
 -70.59052,  48.26069
 -70.57476,  48.28193
 -70.55428,  48.28807
 -70.53099,  48.30103
 -70.51780,  48.30416
 -70.48447,  48.30188
 -70.45064,  48.30256
 -70.41489,  48.31414
 -70.41429,  48.31452
 -70.37883,  48.32748
 -70.36182,  48.33289
 -70.34357,  48.33612
 -70.31102,  48.32934
 -70.31004,  48.32887
 -70.27918,  48.31854
 -70.25673,  48.30228
 -70.24962,  48.29493
 -70.23947,  48.27848
 -70.22769,  48.25512
 -70.23152,  48.23298
 -70.22977,  48.21667
 -70.22765,  48.21023
 -70.23248,  48.20141
 -70.23832,  48.18863
 -70.23730,  48.17411
 -70.23549,  48.16596
 -70.23906,  48.14380
 -70.24349,  48.12170
 -70.24687,  48.09951
 -70.24781,  48.07714
 -70.24783,  48.05469
 -70.24756,  48.03222
 -70.25576,  48.01041
 -70.26079,  47.98836
 -70.27296,  47.97173
 -70.28262,  47.96762
 -70.30784,  47.96409
 -70.34187,  47.96121
 -70.37498,  47.96360
 -70.40744,  47.96981
 -70.44196,  47.96414
 -70.45245,  47.95840
 -70.47623,  47.93779
 -70.47272,  47.91507
 -70.46798,  47.89225
 -70.46818,  47.86980
 -70.46060,  47.85588
 -70.45947,  47.84668
 -70.46278,  47.82448
 -70.46697,  47.81881
 -70.48800,  47.80397
 -70.50639,  47.78388
 -70.51042,  47.78325
 -70.54005,  47.78244
 -70.57341,  47.78280
 -70.60629,  47.78599
 -70.64008,  47.78378
 -70.65878,  47.77214
 -70.67616,  47.76796
 -70.70956,  47.76799
 -70.74256,  47.77039
 -70.77541,  47.77368
 -70.79056,  47.78209
END
 -15.00000, -69.98550,  47.78663
 -70.00119,  47.80445
 -70.00753,  47.81088
 -70.02177,  47.83451
 -70.01745,  47.85663
 -70.01202,  47.87866
 -70.00510,  47.90057
 -69.98023,  47.92086
 -69.98000,  47.92100
 -69.96841,  47.94253
 -69.97512,  47.94918
 -69.98009,  47.96594
 -69.97749,  47.98819
 -69.98063,  48.01091
 -69.98483,  48.03371
 -69.97402,  48.05530
 -69.96384,  48.07693
 -69.94997,  48.08810
 -69.93765,  48.09727
 -69.91341,  48.10426
 -69.88981,  48.09338
 -69.88325,  48.08524
 -69.87492,  48.06971
 -69.85644,  48.04801
 -69.85557,  48.04567
 -69.85513,  48.02316
 -69.86258,  48.00131
 -69.86352,  47.97892
 -69.87099,  47.95707
 -69.87407,  47.95151
 -69.88952,  47.93611
 -69.87835,  47.92802
 -69.86859,  47.91193
 -69.85840,  47.88862
 -69.85430,  47.87608
 -69.85240,  47.86565
 -69.84763,  47.84279
 -69.85189,  47.82066
 -69.86805,  47.80059
 -69.86935,  47.79962
 -69.88527,  47.77845
 -69.90627,  47.77430
 -69.93998,  47.77287
 -69.97205,  47.78048
 -69.98550,  47.78663
END
 -15.00000, -73.38026,  48.17363
 -73.39413,  48.18210
 -73.41069,  48.19765
 -73.41899,  48.22046
 -73.42169,  48.23116
 -73.42614,  48.24321
 -73.43668,  48.26613
 -73.44613,  48.28900
 -73.44797,  48.29119
 -73.46653,  48.31245
 -73.47804,  48.32027
 -73.51102,  48.32561
 -73.54404,  48.33061
 -73.56120,  48.33985
 -73.57495,  48.35327
 -73.58192,  48.36330
 -73.59264,  48.38621
 -73.59852,  48.40887
 -73.59927,  48.43126
 -73.59576,  48.45342
 -73.58701,  48.47530
 -73.56704,  48.49659
 -73.55706,  48.50247
 -73.52202,  48.51345
 -73.48817,  48.51435
 -73.47972,  48.51431
 -73.45436,  48.51505
 -73.42037,  48.51716
 -73.38639,  48.51913
 -73.35236,  48.52153
 -73.31927,  48.51630
 -73.28921,  48.50401
 -73.28724,  48.50264
 -73.26450,  48.48030
 -73.25815,  48.46560
 -73.25648,  48.45750
 -73.24754,  48.43466
 -73.24415,  48.41212
 -73.24163,  48.38962
 -73.23515,  48.38037
 -73.22189,  48.36617
 -73.20491,  48.35326
 -73.17587,  48.34125
 -73.17299,  48.33961
 -73.14060,  48.32975
 -73.10747,  48.32582
 -73.07468,  48.31919
 -73.06886,  48.31287
 -73.05780,  48.28987
 -73.04774,  48.26720
 -73.04763,  48.26693
 -73.04176,  48.24422
 -73.04507,  48.22205
 -73.05340,  48.20015
 -73.05689,  48.19588
 -73.09178,  48.18543
 -73.09894,  48.18037
 -73.12688,  48.17328
 -73.15945,  48.18097
 -73.19261,  48.18405
 -73.22780,  48.17093
 -73.25610,  48.16680
 -73.26190,  48.16644
 -73.29575,  48.16389
 -73.32963,  48.16109
 -73.36239,  48.16738
 -73.38026,  48.17363
END
 -15.00000, -74.31387,  48.37751
 -74.34401,  48.39347
 -74.35405,  48.40173
 -74.37521,  48.41645
 -74.38125,  48.42533
 -74.38469,  48.44783
 -74.38160,  48.47002
 -74.37852,  48.49220
 -74.38316,  48.51474
 -74.39610,  48.53738
 -74.39635,  48.53768
 -74.40693,  48.56049
 -74.42522,  48.58105
 -74.45908,  48.57989
 -74.49352,  48.57315
 -74.52772,  48.56868
 -74.55960,  48.58663
 -74.56504,  48.59003
 -74.58236,  48.61313
 -74.58986,  48.62068
 -74.59691,  48.63610
 -74.58658,  48.65265
 -74.58003,  48.65766
 -74.56152,  48.67914
 -74.54964,  48.68318
 -74.51456,  48.69545
 -74.48265,  48.67733
 -74.47558,  48.67525
 -74.45001,  48.66632
 -74.41751,  48.65408
 -74.38857,  48.67125
 -74.38109,  48.67891
 -74.34624,  48.68874
 -74.34066,  48.69134
 -74.31145,  48.69790
 -74.28484,  48.68872
 -74.27917,  48.68369
 -74.26279,  48.66536
 -74.24946,  48.64598
 -74.24751,  48.64232
 -74.24516,  48.61988
 -74.24596,  48.59760
 -74.24603,  48.57528
 -74.25195,  48.55323
 -74.25224,  48.53092
 -74.25024,  48.50849
 -74.24738,  48.48603
 -74.24438,  48.46355
 -74.24608,  48.44130
 -74.25233,  48.41926
 -74.27585,  48.40171
 -74.28371,  48.39842
 -74.31021,  48.37734
 -74.31213,  48.37702
 -74.31387,  48.37751
END
 -15.00000, -73.97820,  48.38359
 -73.99194,  48.40662
 -73.99894,  48.42930
 -73.99833,  48.45161
 -73.98369,  48.47322
 -73.96300,  48.49052
 -73.95941,  48.49435
 -73.92789,  48.50293
 -73.90524,  48.49165
 -73.89645,  48.48301
 -73.88111,  48.46810
 -73.86576,  48.45678
 -73.85894,  48.44464
 -73.86111,  48.42241
 -73.87148,  48.40693
 -73.87865,  48.40095
 -73.88259,  48.37881
 -73.90945,  48.36910
 -73.94280,  48.37153
 -73.97535,  48.38116
 -73.97820,  48.38359
END
 -15.00000, -70.59776,  48.53032
 -70.61317,  48.53539
 -70.64425,  48.55162
 -70.66783,  48.55798
 -70.67658,  48.56058
 -70.68716,  48.55943
 -70.71091,  48.55787
 -70.73531,  48.56301
 -70.74355,  48.56499
 -70.77370,  48.58700
 -70.77440,  48.58831
 -70.78583,  48.61156
 -70.78945,  48.63423
 -70.78359,  48.65620
 -70.76807,  48.67746
 -70.75727,  48.68408
 -70.74210,  48.69794
 -70.71987,  48.70449
 -70.68742,  48.69577
 -70.65395,  48.69299
 -70.61823,  48.70335
 -70.60358,  48.71003
 -70.58234,  48.71460
 -70.54683,  48.72355
 -70.51328,  48.72112
 -70.48008,  48.71677
 -70.44688,  48.71239
 -70.41561,  48.69706
 -70.41412,  48.69567
 -70.41196,  48.67310
 -70.40196,  48.64992
 -70.40522,  48.62775
 -70.40592,  48.60539
 -70.41781,  48.58389
 -70.42476,  48.56200
 -70.44271,  48.54225
 -70.44509,  48.54114
 -70.47823,  48.53271
 -70.51308,  48.52697
 -70.54611,  48.53171
 -70.57243,  48.52840
 -70.58075,  48.52710
 -70.59776,  48.53032
END
 -15.00000, -70.20577,  48.58989
 -70.21575,  48.61309
 -70.22383,  48.63014
 -70.22726,  48.63641
 -70.23543,  48.65947
 -70.23277,  48.68167
 -70.23796,  48.70449
 -70.24187,  48.71920
 -70.24441,  48.72741
 -70.23901,  48.74940
 -70.23592,  48.75249
 -70.21614,  48.77003
 -70.20950,  48.79193
 -70.20386,  48.81390
 -70.20585,  48.83647
 -70.18356,  48.85714
 -70.18304,  48.85744
 -70.15099,  48.87701
 -70.14506,  48.87916
 -70.11102,  48.87901
 -70.10490,  48.87339
 -70.08147,  48.85413
 -70.07876,  48.84892
 -70.07755,  48.82641
 -70.08375,  48.80448
 -70.08704,  48.78234
 -70.09023,  48.76017
 -70.08412,  48.73727
 -70.07089,  48.72519
 -70.06787,  48.71357
 -70.06618,  48.69101
 -70.06094,  48.66817
 -70.05287,  48.64511
 -70.05287,  48.63743
 -70.05402,  48.62278
 -70.05681,  48.61579
 -70.06648,  48.60134
 -70.09509,  48.59171
 -70.11186,  48.58250
 -70.13143,  48.57812
 -70.16451,  48.58266
 -70.19761,  48.58712
 -70.20577,  48.58989
END
 -15.00000, -71.12497,  49.39677
 -71.11256,  49.41583
 -71.11227,  49.39587
 -71.11771,  49.38475
 -71.12497,  49.39677
END
 -15.00000, -74.94909,  49.96531
 -74.96621,  49.97117
 -74.98479,  49.98900
 -74.99576,  50.01167
 -74.99662,  50.01347
 -75.00380,  50.03422
 -75.00016,  50.05629
 -75.00079,  50.07854
 -74.99670,  50.10059
 -74.98667,  50.11449
 -74.97671,  50.12199
 -74.95008,  50.13406
 -74.91470,  50.14135
 -74.88062,  50.13541
 -74.84739,  50.12133
 -74.83818,  50.11629
 -74.81510,  50.09802
 -74.80431,  50.09266
 -74.78930,  50.06981
 -74.78391,  50.06428
 -74.75092,  50.04839
 -74.74843,  50.04586
 -74.75134,  50.04433
 -74.78326,  50.02510
 -74.78799,  50.02439
 -74.82044,  50.00444
 -74.82478,  50.00269
 -74.84188,  49.98311
 -74.86224,  49.97405
 -74.89753,  49.96679
 -74.91249,  49.96381
 -74.93255,  49.96218
 -74.94909,  49.96531
END
 -15.00000, -74.35598,  49.98419
 -74.37590,  49.99572
 -74.37929,  50.00748
 -74.39577,  50.03045
 -74.40208,  50.05297
 -74.40298,  50.06476
 -74.40460,  50.07531
 -74.41161,  50.09785
 -74.42062,  50.12049
 -74.42941,  50.14043
 -74.43021,  50.14314
 -74.43785,  50.16570
 -74.44344,  50.18817
 -74.44744,  50.21057
 -74.44078,  50.23250
 -74.44575,  50.25493
 -74.44678,  50.27719
 -74.44847,  50.28445
 -74.45368,  50.29971
 -74.46519,  50.32243
 -74.47501,  50.34508
 -74.47650,  50.34674
 -74.51051,  50.35417
 -74.54420,  50.36444
 -74.55345,  50.37072
 -74.57350,  50.39380
 -74.57526,  50.39972
 -74.57753,  50.41618
 -74.58427,  50.43867
 -74.58218,  50.46078
 -74.57226,  50.48256
 -74.56766,  50.50455
 -74.56344,  50.51031
 -74.53884,  50.52550
 -74.52472,  50.54708
 -74.52456,  50.54720
 -74.48929,  50.55036
 -74.45279,  50.56471
 -74.45097,  50.56604
 -74.41800,  50.58678
 -74.42448,  50.60925
 -74.41123,  50.63086
 -74.41036,  50.63274
 -74.40554,  50.65280
 -74.38471,  50.67406
 -74.36846,  50.69513
 -74.36809,  50.69551
 -74.33253,  50.70322
 -74.29819,  50.69710
 -74.26366,  50.69267
 -74.25938,  50.69062
 -74.24148,  50.66762
 -74.23276,  50.65629
 -74.19810,  50.65329
 -74.17577,  50.66461
 -74.16139,  50.66809
 -74.13379,  50.68487
 -74.12407,  50.68813
 -74.11054,  50.68379
 -74.09147,  50.66721
 -74.08482,  50.66040
 -74.05916,  50.64398
 -74.05470,  50.63680
 -74.06246,  50.61564
 -74.06304,  50.61499
 -74.06537,  50.59290
 -74.07182,  50.57100
 -74.06837,  50.56479
 -74.06393,  50.54843
 -74.06668,  50.52636
 -74.07308,  50.52424
 -74.08241,  50.52709
 -74.10588,  50.54268
 -74.14064,  50.54419
 -74.16444,  50.53091
 -74.17767,  50.52586
 -74.21390,  50.51433
 -74.22109,  50.51131
 -74.25126,  50.49262
 -74.28621,  50.49224
 -74.32016,  50.50069
 -74.33721,  50.49438
 -74.35480,  50.47297
 -74.35848,  50.46984
 -74.37063,  50.45148
 -74.37247,  50.42935
 -74.36432,  50.41708
 -74.34260,  50.40580
 -74.33170,  50.39700
 -74.29648,  50.40040
 -74.26195,  50.40215
 -74.26144,  50.40220
 -74.26093,  50.40210
 -74.22783,  50.39120
 -74.21835,  50.37794
 -74.19561,  50.36815
 -74.16237,  50.35429
 -74.15261,  50.35269
 -74.12851,  50.34589
 -74.09351,  50.34750
 -74.08635,  50.34959
 -74.05743,  50.35849
 -74.03586,  50.36943
 -74.02051,  50.39091
 -74.02680,  50.41343
 -74.01435,  50.43505
 -74.02171,  50.45761
 -74.01192,  50.47936
 -74.00687,  50.49318
 -74.00475,  50.50123
 -73.97343,  50.52195
 -73.96835,  50.52384
 -73.93304,  50.52706
 -73.91066,  50.51894
 -73.89940,  50.51619
 -73.86700,  50.49503
 -73.86675,  50.49462
 -73.86701,  50.47242
 -73.85937,  50.44984
 -73.85623,  50.42747
 -73.85754,  50.40532
 -73.86246,  50.38333
 -73.86274,  50.36113
 -73.86655,  50.33910
 -73.86470,  50.31678
 -73.85580,  50.29713
 -73.85495,  50.29408
 -73.85278,  50.27175
 -73.84892,  50.24934
 -73.84925,  50.22712
 -73.86507,  50.20567
 -73.86762,  50.18356
 -73.86950,  50.18207
 -73.90525,  50.17330
 -73.94058,  50.16805
 -73.97443,  50.17540
 -74.00481,  50.19018
 -74.00716,  50.19248
 -74.01688,  50.19075
 -74.04240,  50.18797
 -74.06440,  50.17078
 -74.07980,  50.16470
 -74.11464,  50.16340
 -74.15031,  50.15482
 -74.15518,  50.15281
 -74.18644,  50.14217
 -74.19897,  50.13262
 -74.21266,  50.11103
 -74.22590,  50.09967
 -74.23547,  50.08984
 -74.23708,  50.06769
 -74.24551,  50.04585
 -74.24939,  50.02379
 -74.27036,  50.00251
 -74.27206,  49.99632
 -74.27975,  49.98071
 -74.30881,  49.97688
 -74.34279,  49.98233
 -74.35598,  49.98419
END
 -15.00000, -75.12720,  50.17245
 -75.15232,  50.19361
 -75.15491,  50.19576
 -75.17209,  50.21864
 -75.18366,  50.22879
 -75.18748,  50.24144
 -75.18174,  50.24890
 -75.15733,  50.26247
 -75.15079,  50.28441
 -75.14350,  50.28547
 -75.10873,  50.28577
 -75.09441,  50.28219
 -75.07584,  50.26654
 -75.06679,  50.25889
 -75.05499,  50.23621
 -75.05981,  50.21420
 -75.08282,  50.19475
 -75.08524,  50.19300
 -75.11003,  50.17178
 -75.11993,  50.16979
 -75.12720,  50.17245
END
 -15.00000, -73.81767,  50.75865
 -73.83427,  50.76715
 -73.84744,  50.78228
 -73.84937,  50.80456
 -73.84875,  50.82672
 -73.85136,  50.84903
 -73.85711,  50.86882
 -73.85884,  50.87157
 -73.86896,  50.89425
 -73.88300,  50.91710
 -73.88593,  50.92147
 -73.90490,  50.94032
 -73.91752,  50.95140
 -73.94206,  50.96426
 -73.95046,  50.97033
 -73.97959,  50.98821
 -73.97449,  51.01014
 -73.98024,  51.01606
 -73.98640,  51.03287
 -73.98392,  51.05492
 -73.98889,  51.07732
 -73.99459,  51.09975
 -73.99981,  51.12216
 -74.00214,  51.12860
 -74.00679,  51.14465
 -74.01176,  51.16703
 -74.02174,  51.18966
 -74.01482,  51.21149
 -74.02170,  51.23396
 -74.02319,  51.24902
 -74.02375,  51.25621
 -74.02184,  51.26037
 -74.01192,  51.27781
 -74.00406,  51.29959
 -73.98013,  51.31323
 -73.96339,  51.31983
 -73.94263,  51.33034
 -73.90668,  51.33450
 -73.88197,  51.33814
 -73.87031,  51.34215
 -73.83293,  51.35787
 -73.79776,  51.35548
 -73.76273,  51.35200
 -73.72725,  51.35211
 -73.69238,  51.34735
 -73.65736,  51.34385
 -73.62665,  51.32579
 -73.62431,  51.32468
 -73.59018,  51.31430
 -73.55547,  51.30861
 -73.52021,  51.30714
 -73.49306,  51.29699
 -73.48687,  51.29077
 -73.47484,  51.27391
 -73.46008,  51.25101
 -73.45710,  51.24696
 -73.45251,  51.22846
 -73.45992,  51.20667
 -73.45749,  51.18439
 -73.46722,  51.16271
 -73.46510,  51.14043
 -73.46053,  51.11803
 -73.45749,  51.09571
 -73.45496,  51.07340
 -73.45257,  51.05110
 -73.44985,  51.02903
 -73.44983,  51.02879
 -73.45224,  51.00673
 -73.45036,  50.98445
 -73.45783,  50.96689
 -73.46071,  50.96280
 -73.46057,  50.94551
 -73.46082,  50.94061
 -73.46149,  50.93837
 -73.47211,  50.91900
 -73.46623,  50.90135
 -73.46576,  50.89649
 -73.46747,  50.87439
 -73.46938,  50.85229
 -73.46660,  50.82996
 -73.47404,  50.80814
 -73.47952,  50.79728
 -73.48960,  50.78674
 -73.51740,  50.77548
 -73.55259,  50.77480
 -73.58614,  50.76942
 -73.58840,  50.76912
 -73.62461,  50.76016
 -73.66079,  50.75137
 -73.66236,  50.75103
 -73.69669,  50.74468
 -73.73180,  50.74444
 -73.76675,  50.74545
 -73.80093,  50.75277
 -73.81767,  50.75865
END
 -15.00000, -73.68678,  51.52803
 -73.70467,  51.53292
 -73.73980,  51.53650
 -73.77177,  51.55428
 -73.77310,  51.55492
 -73.79060,  51.57731
 -73.79613,  51.59970
 -73.80079,  51.61888
 -73.80134,  51.62207
 -73.80257,  51.64426
 -73.79719,  51.66613
 -73.79363,  51.67660
 -73.78724,  51.68777
 -73.76450,  51.70880
 -73.75296,  51.71664
 -73.71642,  51.72329
 -73.68040,  51.72576
 -73.67706,  51.72671
 -73.64231,  51.74450
 -73.63640,  51.74685
 -73.60390,  51.76558
 -73.59932,  51.76716
 -73.56618,  51.78090
 -73.53396,  51.78605
 -73.52953,  51.78793
 -73.51611,  51.78517
 -73.49448,  51.78244
 -73.47377,  51.76095
 -73.46232,  51.75496
 -73.44947,  51.73761
 -73.43212,  51.71462
 -73.43193,  51.71413
 -73.42073,  51.69192
 -73.40592,  51.66904
 -73.40351,  51.65865
 -73.39677,  51.64645
 -73.39898,  51.62443
 -73.40947,  51.61323
 -73.41419,  51.60306
 -73.42294,  51.58138
 -73.44503,  51.56035
 -73.45333,  51.55009
 -73.47126,  51.53952
 -73.49074,  51.53613
 -73.52593,  51.53922
 -73.56234,  51.53284
 -73.59813,  51.53123
 -73.63200,  51.52536
 -73.63452,  51.52486
 -73.67021,  51.52401
 -73.68678,  51.52803
END
END
